421458186 298848846
421458186 60000641
47590591 24274275
47590591 298848846
47590591 298852346
47590591 57640764
47590591 23334480
47590591 16965127
47590591 60000641
421489617 57640764
421489617 23334480
57640764 421489617
57640764 31190603
57640764 23334480
57640764 225239402
57640764 24274275
57640764 57132154
57640764 92358324
57640764 16965127
57640764 555029647
57640764 421458186
57640764 298852346
57640764 298848846
57640764 37161160
57640764 60000641
57640764 81973643
57640764 6599815
57640764 47590591
23334480 57640764
23334480 421489617
23334480 16965127
23334480 60000641
23334480 47590591
6599815 92358324
6599815 16965127
6599815 648675451
6599815 81973643
6599815 152574596
6599815 57640764
6599815 357609602
6599815 60000641
6599815 47590591
36026186 92358324
555029647 57640764
31190603 57640764
31190603 60000641
16965127 57640764
16965127 23334480
16965127 24274275
16965127 6599815
16965127 47590591
298848846 57640764
298848846 591968043
298848846 92358324
298848846 421458186
298848846 298852346
298848846 47590591
298848846 60000641
57132154 298852346
298852346 57640764
298852346 24274275
298852346 57132154
298852346 298848846
298852346 60000641
298852346 81973643
298852346 47590591
591968043 298848846
60000641 57640764
60000641 23334480
60000641 298848846
60000641 31190603
60000641 421458186
60000641 298852346
60000641 24274275
60000641 81973643
60000641 6599815
60000641 47590591
24274275 57640764
24274275 16965127
24274275 47590591
24274275 357609602
24274275 298852346
24274275 60000641
24274275 81973643
648675451 6599815
81973643 57640764
81973643 57132154
81973643 225239402
81973643 298852346
81973643 60000641
81973643 24274275
81973643 6599815
81973643 47590591
92358324 298848846
92358324 36026186
92358324 6599815
152574596 6599815
357609602 24274275
