698751509 58490257
634006568 152807999
65259530 152695569
65259530 152807999
65259530 787882395
91264909 152807999
44970550 82110788
44970550 152807999
44970550 20921975
97261090 152797524
97261090 133215774
97261090 57652784
97261090 152857926
97261090 152807999
97261090 49905408
97261090 634006568
97261090 20921975
36732765 58381306
36732765 58425588
714849998 242081847
152566454 97261090
49905408 152500154
49905408 152619544
49905408 152807999
49905408 57652784
49905408 56522843
49905408 97261090
49905408 58381306
49905408 20921975
37975102 14883450
37975102 421499586
37975102 9023080
142574854 152807999
142574854 133215774
142574854 58381306
548764205 31786179
683629141 152857926
683629141 58381306
738393043 133215774
152524817 152619544
152524817 133215774
152524817 49354337
410228177 57652784
410228177 133215774
410228177 14883450
254008162 58381306
254008162 152807999
400691126 152807999
400691126 634006568
400691126 97261090
9023080 421499586
9023080 152807999
9023080 56522843
9023080 58381306
421510957 58381306
421510957 9023080
56955544 42153651
56955544 5445670
56955544 152807999
56955544 57746240
56955544 57652784
56955544 97261090
56955544 56522843
56955544 133215774
56955544 601620182
56955544 20921975
56955544 58381306
421476296 442167698
421476296 9023080
421476296 58381306
537358447 152807999
537358447 133215774
152927542 152807999
421499586 58381306
421499586 9023080
242081847 152807999
242081847 20921975
14930209 4052617
14930209 172413376
14930209 58381306
14930209 56522843
14930209 58490257
152595159 133215774
152595159 152807999
152955722 133215774
152955722 152807999
152955722 56522843
152955722 27979258
152955722 20921975
152955722 152571711
152955722 58381306
152500154 49905408
152500154 152807999
152500154 57746240
152500154 36732765
152500154 58425588
152500154 58381306
152500154 152681753
39799425 152619544
39799425 152807999
601620182 152857926
601620182 152693402
601620182 152807999
601620182 133215774
601620182 56522843
601620182 56955544
601620182 5445670
601620182 97261090
834703135 133215774
34235421 52577416
34235421 152481665
34235421 58381306
56522843 152807999
56522843 172413376
56522843 49905408
56522843 56955544
56522843 152734462
56522843 152681753
56522843 9023080
56522843 58381306
56522843 14930209
152797524 152807999
27979258 152955722
27979258 633966456
27979258 152807999
152883020 152807999
454727239 97261090
454727239 152619544
454727239 152807999
454727239 152734462
14883450 34235421
14883450 58381306
14883450 97261090
14883450 410228177
14883450 172413376
601277842 152807999
152435196 58381306
5445670 56955544
5445670 97261090
5445670 152807999
371024169 58381306
52577416 421499586
52577416 410228177
52577416 34235421
52577416 58381306
52577416 9023080
82110788 130486886
82110788 20921975
82110788 152807999
82110788 44970550
130486886 82110788
130486886 20921975
128866177 152481665
133215774 152857926
133215774 834703135
133215774 152595159
133215774 152724885
133215774 152807999
133215774 56522843
133215774 97261090
133215774 152955722
133215774 410228177
57746240 152619544
57746240 152724885
57746240 220179020
201677998 58381306
31786179 152807999
31786179 548764205
152724885 152807999
152724885 57746240
152724885 133215774
152571711 152955722
152571711 152821012
49354337 133215774
49354337 152807999
152857926 152807999
152857926 97261090
607450155 97261090
607450155 152807999
152681753 36732765
152681753 58425588
152681753 58381306
152807999 152595159
152807999 152619544
152807999 152693402
152807999 133215774
152807999 220179020
152807999 57652784
152807999 56522843
787882395 65259530
787882395 152807999
787882395 58381306
152693402 133215774
152693402 601620182
152693402 152807999
42153651 152807999
42153651 56522843
42153651 58381306
601610539 152807999
601610539 133215774
57652784 57746240
57652784 49905408
57652784 133215774
57652784 152807999
57652784 152619544
57652784 56522843
57652784 97261090
57652784 410228177
57652784 56955544
57652784 20921975
4052617 152807999
4052617 56522843
4052617 97261090
4052617 14930209
20921975 82110788
20921975 44970550
20921975 242081847
20921975 152807999
20921975 163543991
152821012 58381306
58490257 698751509
58490257 152807999
58490257 14930209
152619544 49905408
152619544 57746240
152619544 133215774
633966456 27979258
152734462 152807999
152734462 634006568
163543991 20921975
163543991 58381306
834134042 133215774
58425588 58381306
58425588 36732765
58381306 152734462
58381306 49905408
58381306 9023080
58381306 42153651
58381306 36732765
58381306 152955722
58381306 421499586
58381306 152681753
58381306 152807999
58381306 34235421
58381306 163543991
58381306 14930209
58381306 58425588
39885373 152807999
220179020 152807999
152906866 152807999
152906866 133215774
152906866 152619544
152481665 128866177
152481665 34235421
152481665 58381306
737996409 133215774
172413376 152807999
172413376 56522843
172413376 634006568
152695569 65259530
442167698 34235421
442167698 58381306
