10931919 152955930
10931919 152734112
10931919 152735364
10931919 152937696
10931919 123996253
10931919 57646910
10931919 152919235
10931919 50839225
10931919 152914148
10931919 22822978
10931919 152921994
10931919 14613178
10931919 152905595
10931919 101699918
10931919 152912878
10931919 152913641
10931919 581208616
10931919 152928160
10931919 152725928
10931919 152848481
10931919 9996669
10931919 152900169
10931919 152797069
10931919 152933278
10931919 57641450
10931919 152812440
10931919 25592731
10931919 152931824
10931919 4529124
10931919 82644668
10931919 152934935
152934935 58183199
152934935 4529124
152934935 10931919
152934935 152919235
152840369 152933278
152840369 152924234
152840369 152914148
152840369 152921687
152692781 10931919
152692781 152933278
152914148 10931919
152914148 152900169
152914148 152933278
152914148 152727117
152914148 152812440
152914148 581208616
152914148 58183199
152914148 152840369
152914148 152921687
152914148 82644668
44759118 152928477
44759118 152900169
44759118 152797069
44759118 128695775
44759118 152933278
44759118 152937696
44759118 152727117
44759118 57646910
44759118 152899910
44759118 152913641
44759118 9996669
44759118 152931824
44759118 4529124
44759118 82644668
44759118 152934935
152904557 152941366
152904557 57646910
152904557 152919235
152904557 14613178
152904557 101699918
152904557 581208616
152904557 152940708
152904557 152848481
152904557 152920654
152904557 152797069
152904557 152933278
152904557 25592731
152904557 152930451
152904557 152931824
82644668 152941366
82644668 22822978
82644668 152913641
82644668 152920654
82644668 128695775
82644668 152797524
82644668 25592731
82644668 152933278
82644668 4529124
82644668 101699918
82644668 152797069
82644668 152914148
82644668 54180317
82644668 152812440
82644668 152937696
82644668 10931919
82644668 152919235
82644668 44759118
82644668 152928477
82644668 152921687
82644668 26977390
82644668 581208616
82644668 152928160
82644668 152904557
82644668 152931824
82644668 123996253
152928477 152933278
152928477 152937696
152928477 57646910
152928477 152919235
152928477 152913641
152928477 152848481
152928477 25592731
152928477 44759118
152928477 152921687
152928477 82644668
96080053 152933278
581661188 152933278
581661188 101699918
152919465 152933278
25592731 152928477
25592731 152797524
25592731 152735364
25592731 152913641
25592731 10931919
25592731 152933278
25592731 152904557
25592731 82644668
14613178 10931919
14613178 152919235
14613178 101699918
152688947 152955930
152688947 152940708
152848481 152928477
152848481 10931919
152848481 152900169
152848481 152933278
152848481 152904557
128695775 152941366
128695775 152933278
128695775 57646910
128695775 14613178
128695775 101699918
128695775 581208616
128695775 152920654
128695775 44759118
128695775 9996669
128695775 152921687
128695775 82644668
152735364 152933278
152735364 26977390
123996253 152899708
123996253 10931919
123996253 152933278
123996253 36052120
123996253 57646910
123996253 152919235
123996253 152905595
123996253 101699918
123996253 152955582
123996253 152931824
123996253 82644668
101699918 10931919
101699918 128695775
101699918 152933278
101699918 123996253
101699918 36052120
101699918 57646910
101699918 152919235
101699918 581661188
101699918 152921994
101699918 14613178
101699918 152912878
101699918 581208616
101699918 152928160
101699918 152940708
101699918 152920654
101699918 9996669
101699918 152930451
101699918 152931824
101699918 82644668
152725928 10931919
152725928 152933278
152725928 152812440
152725928 82644668
152930451 152931824
152920654 152899708
152920654 152928477
152920654 152941366
152920654 128695775
152920654 152933278
152920654 152924234
152920654 101699918
152920654 581208616
152920654 152904557
152920654 58183199
152920654 152940708
152920654 26977390
152920654 82644668
152941922 152933278
152734112 10931919
152734112 152933278
152912878 10931919
152912878 152933278
26977390 152933278
152899708 152928477
152899708 152941366
152899708 152933278
152899708 123996253
152899708 152920654
152899708 152930451
152905595 10931919
152905595 57644534
152905595 152797069
152905595 152933278
152905595 123996253
152905595 57646910
152905595 152919235
152905595 9996669
152784955 581208616
152784955 152933278
152784955 57644534
152784955 58183199
152890484 152933278
22822978 10931919
22822978 152933278
152941366 152899708
152941366 128695775
152941366 152933278
152941366 152904557
152941366 82644668
152797524 152933278
152797524 25592731
50839225 10931919
50839225 152933278
50839225 152912878
50839225 152921687
57641450 10931919
57641450 152933278
9996669 10931919
9996669 128695775
9996669 152933278
9996669 152937696
9996669 152727117
9996669 57646910
9996669 152905595
9996669 101699918
9996669 44759118
9996669 152921687
9996669 152784955
152797069 152919235
152797069 152905595
152797069 17439551
152797069 152900169
152797069 152933278
152797069 4529124
152797069 152934935
57646910 152928477
57646910 10931919
57646910 152955930
57646910 128695775
57646910 152933278
57646910 123996253
57646910 152727117
57646910 36052120
57646910 152919235
57646910 152921994
57646910 152905595
57646910 101699918
57646910 152934627
57646910 152955582
57646910 152904557
57646910 58183199
57646910 152940708
57646910 44759118
57646910 9996669
57646910 152921687
57646910 152931824
152735266 152933278
152931824 10931919
152931824 123996253
152931824 44759118
152931824 57646910
152931824 152933278
152931824 101699918
152931824 152904557
152931824 152919235
152931824 152603712
152931824 152930451
152931824 58183199
152931824 82644668
152896664 152933278
152924234 152928477
152924234 152933278
152924234 152919235
152924234 581208616
152924234 152920654
152924234 152930451
152937696 152928477
152937696 10931919
152937696 152900169
152937696 152735364
152937696 152933278
152937696 152905595
152937696 152890484
152937696 152840369
152937696 44759118
152937696 9996669
152937696 152921687
152937696 82644668
58183199 152933278
58183199 57646910
58183199 152603712
58183199 152931824
54180317 152933278
152913641 10931919
152913641 152933278
152913641 152919235
581208616 10931919
581208616 152900169
581208616 128695775
581208616 152933278
581208616 152919235
581208616 152725928
581208616 58183199
152899910 44759118
152899910 152933278
152940708 57646910
152940708 152688947
152940708 152904557
152940708 152920654
152940708 25592731
17439551 152933278
152900169 152919235
152900169 152914148
152900169 581208616
152900169 152725928
152900169 152848481
152900169 44759118
152900169 10931919
152900169 152933278
152900169 152603712
152900169 152921687
152921994 10931919
152921994 152933278
152921994 57646910
152921994 101699918
152921994 152955582
152921994 4529124
152921994 152934935
152928160 10931919
152928160 152933278
152928160 101699918
152928160 4529124
152928160 82644668
36052120 123996253
36052120 57646910
36052120 101699918
36052120 58183199
4529124 152913641
4529124 10931919
4529124 128695775
4529124 152797069
4529124 152797524
4529124 152933278
4529124 152919235
4529124 152921994
4529124 25592731
4529124 82644668
4529124 152934935
152933278 152919465
152933278 96080053
152933278 152928477
152933278 152941366
152933278 152797524
152933278 57644534
152933278 152932480
152933278 128695775
152933278 152692781
152933278 152734112
152933278 152937696
152933278 123996253
152933278 152727117
152933278 152919235
152933278 581661188
152933278 152924234
152933278 50839225
152933278 152914148
152933278 22822978
152933278 152921994
152933278 152905595
152933278 152890484
152933278 101699918
152933278 152912878
152933278 152913641
152933278 581208616
152933278 152725928
152933278 58183199
152933278 152840369
152933278 152848481
152933278 152920654
152933278 44759118
152933278 9996669
152933278 10931919
152933278 152900169
152933278 152797069
152933278 57641450
152933278 152812440
152933278 152603712
152933278 152899910
152933278 152904557
152933278 54180317
152933278 152896664
152933278 25592731
152933278 152921687
152933278 152930451
152933278 152931824
152933278 26977390
152933278 4529124
152933278 82644668
152933278 152735266
152933278 152784955
152933278 152851188
152934627 57644534
152934627 57646910
152603712 58183199
152603712 152921687
152851188 152933278
152955930 10931919
152955930 152933278
152955930 57646910
152932480 152933278
152919235 152928477
152919235 10931919
152919235 152900169
152919235 152797069
152919235 152933278
152919235 123996253
152919235 57646910
152919235 152924234
152919235 14613178
152919235 152905595
152919235 101699918
152919235 152913641
152919235 581208616
152919235 152904557
152919235 58183199
152919235 25592731
152919235 152931824
152919235 4529124
152919235 82644668
152919235 152934935
57644534 152933278
57644534 152905595
57644534 152934627
57644534 152955582
57644534 152921687
57644534 82644668
57644534 152784955
152727117 152933278
152727117 57646910
152727117 152914148
152727117 44759118
152727117 9996669
152812440 152955582
152812440 152725928
152812440 10931919
152812440 152933278
152812440 152921687
152921687 152928477
152921687 57644534
152921687 128695775
152921687 152937696
152921687 57646910
152921687 50839225
152921687 152914148
152921687 152840369
152921687 9996669
152921687 152900169
152921687 152933278
152921687 152812440
152921687 152603712
152921687 82644668
152955582 57644534
152955582 152812440
152955582 57646910
152955582 26977390
