61370761 5444298
61370761 129245053
836611762 129245053
747192673 602530508
747192673 166569788
12246817 45163690
12246817 129245053
539676031 129245053
67804754 16076988
298852703 129245053
298852703 45163690
298852703 652456755
56604488 129245053
73123470 129245053
58358293 54675749
677260912 129245053
56971258 52524137
56971258 129245053
56971258 58292770
56971258 45163690
747183407 836611508
747183407 54675749
747183407 166569788
57070407 54675749
299997857 129245053
349465425 129245053
5444298 58441596
5444298 61370761
5444298 129245053
5444298 54381632
669209118 129245053
226703812 129245053
655722992 16076988
655722992 50626634
50626634 16076988
82512855 129245053
52524137 129245053
52524137 45163690
166569788 747192673
166569788 129245053
166569788 54675749
16076988 50626634
16076988 67804754
686333104 129245053
686333104 45163690
58040166 45163690
302589875 129245053
299120111 129245053
58441596 5444298
58441596 58245923
58441596 129245053
58441596 45163690
602530508 747192673
602530508 54675749
602530508 166569788
677273472 129245053
54675749 747183407
54675749 602530508
54675749 57070407
54675749 836611508
54675749 58358293
54675749 166569788
45163690 298850320
45163690 52524137
45163690 58441596
45163690 56971258
45163690 58040166
45163690 686333104
45163690 421464877
45163690 298852703
45163690 12246817
82054566 129245053
669009937 129245053
836611508 602530508
836611508 166569788
421464877 45163690
298850320 52524137
298850320 129245053
298850320 45163690
692809508 129245053
58245923 58441596
58245923 129245053
205891059 129245053
