152711830 23515236
152711830 145458588
152711830 131109097
152711830 152855154
224327469 131109097
131109097 23515236
131109097 152820905
131109097 145458588
131109097 152855154
131109097 58410780
131109097 152957625
145458588 44758807
145458588 152711830
145458588 152820905
145458588 131109097
145458588 152934317
145458588 152855154
145458588 58410780
728499515 58410780
58410780 23515236
58410780 152855154
58410780 44758807
58410780 145458588
58410780 131109097
58410780 728499515
58410780 152957625
152820905 23515236
152820905 44758807
152820905 145458588
152820905 131109097
152855154 131109097
44758807 152820905
44758807 145458588
44758807 131109097
44758807 152934317
44758807 152855154
44758807 23515236
44758807 58410780
152957625 131109097
152957625 152855154
152957625 216098071
152957625 145458588
152957625 58410780
23515236 152711830
23515236 131109097
23515236 152934317
23515236 44758807
23515236 58410780
152934317 23515236
152934317 44758807
152934317 152820905
152934317 145458588
152934317 131109097
