582257510 27729281
421518209 27729281
58293208 27729281
58293208 58390905
421492224 27729281
238994527 27729281
238994527 69499811
238994527 127612011
238994527 81379232
238994527 74863114
238994527 649953964
38463131 85000673
38463131 74863114
38463131 27729281
152839652 27729281
79784712 27729281
756503706 27729281
51741683 85000673
2111289 85000673
2111289 27729281
421458090 85000673
421458090 27729281
649953964 27729281
649953964 85000673
649953964 127612011
649953964 69499811
649953964 81379232
649953964 238994527
649953964 74863114
27729281 17624196
27729281 69499811
27729281 421542142
27729281 86117325
27729281 74863114
27729281 582257510
27729281 238994527
27729281 58293208
27729281 152839652
27729281 649953964
85000673 27729281
86117325 27729281
152857538 27729281
58108783 27729281
81379232 69499811
81379232 123056604
81379232 649953964
123056604 81379232
123056604 27729281
123056604 74863114
30145498 27729281
299100568 127612011
17624196 27729281
421546998 85000673
223840818 27729281
74863114 138635688
74863114 27729281
74863114 123056604
74863114 238994527
74863114 649953964
421631826 85000673
58390905 18015782
58390905 58293208
52449620 27729281
421542142 27729281
421496219 27729281
138635688 27729281
138635688 74863114
69499811 81379232
69499811 649953964
69499811 27729281
421458432 27729281
18015782 58390905
