505572113 152480137
105803315 152480137
36020237 57645595
36020237 45185714
36020237 223840818
36020237 421480276
36020237 106790496
36020237 152480137
57648284 152797451
57648284 359375918
57648284 210195886
57648284 60598933
57648284 57645595
57648284 2182529
57648284 152574488
57648284 22683954
57648284 32972680
57648284 163543991
654558271 152480137
544239982 152480137
756504007 37442177
756504007 25041260
45185714 152480137
45185714 84456452
45185714 36020237
164753109 152480137
833964505 84456452
833964505 152480137
55249062 326864014
152504733 812512062
152504733 152480137
152735059 57645595
152735059 152480137
581004786 152574488
152693133 152480137
152797451 2182529
152797451 57648284
32972680 40234871
32972680 57648284
812512062 152504733
48701061 152480137
79074018 152480137
59189215 152480137
132216939 152480137
152931543 152937316
152931543 152480137
833312122 326864014
58168836 152480137
152603551 152574488
25041260 152480137
25041260 756504007
48363743 152480137
2182529 22683954
2182529 152797451
2182529 57648284
421480276 326864014
421480276 152480137
421480276 36020237
421480276 163543991
152937316 22683954
152937316 152931543
152937316 3412730
152937316 152574488
152937316 40234871
565340375 152480137
152574488 581004786
152574488 152937316
152574488 37442177
152574488 147984763
152574488 57648284
152574488 152603551
22683954 152937316
22683954 2182529
22683954 57648284
152480137 84456452
224351888 152480137
25604715 152480137
164478760 152480137
3412730 152937316
3412730 152480137
359375918 57645595
359375918 57648284
210195886 57648284
166907079 152480137
85647885 152480137
203393027 152480137
152517026 152480137
57645595 152735059
57645595 127215078
57645595 359375918
57645595 57648284
57645595 36020237
223840818 152480137
223840818 36020237
60598933 57648284
84456452 152480137
84456452 833964505
152702833 37442177
152702833 152480137
563076437 152480137
368628544 132216939
326864014 55249062
152504512 152480137
152504512 152797451
152677870 326864014
52132431 152480137
147984763 152480137
147984763 152574488
106790496 36020237
152475671 152480137
37442177 152702833
37442177 152574488
37442177 326864014
37442177 756504007
37442177 159779067
159779067 326864014
159779067 37442177
159779067 55249062
120212317 152480137
527971017 152480137
494051190 152480137
58397971 152480137
152516954 152480137
163543991 421480276
387479245 152480137
836110765 152480137
152481665 152480137
40234871 152937316
40234871 132190046
40234871 32972680
723377966 152480137
132190046 40234871
