15239321 15659139
38782812 15659139
38782812 57643458
38782812 25295006
152574621 65354892
152574621 57645861
152574621 15659139
152574621 201505756
581815363 15659139
65354892 57645861
65354892 15659139
65354892 712461549
65354892 57643458
65354892 123730558
65354892 25295006
65354892 209009719
65354892 130627006
65354892 6909151
65354892 152574621
57653179 15659139
57653179 25295006
57653179 152574621
210192553 15659139
210192553 57643458
210192553 58105708
225782422 15659139
225782422 57647524
582716667 57647524
58335169 37080791
582181371 664762194
582181371 15659139
581038713 15659139
152834444 15659139
152834444 123730558
92267453 69166847
44758759 15659139
44758759 57647524
581412599 15659139
581412599 123730558
581412599 684633724
57646566 152430970
57646566 210253686
57646566 57645861
57646566 57647524
57646566 57643458
57646566 25295006
57646566 163804181
152726971 15659139
152856030 15659139
177336111 25295006
25295006 177336111
25295006 65354892
25295006 57653179
25295006 210253686
25295006 57645861
25295006 15659139
25295006 57644574
25295006 580992526
25295006 712461549
25295006 57647524
25295006 74557542
25295006 581247261
25295006 57646566
25295006 56931267
25295006 58100936
25295006 201498291
25295006 148124832
25295006 57643458
25295006 123730558
25295006 149529516
25295006 209009719
25295006 38782812
25295006 163804181
25295006 201505756
25295006 130627006
25295006 29368329
25295006 684633724
25295006 38369045
25295006 45820806
25295006 551202487
25295006 58154471
25295006 110514471
25295006 152479568
25295006 152726971
551202487 152933624
551202487 25295006
501147966 664762194
501147966 57645861
501147966 712461549
501147966 17938623
501147966 57643458
581659361 15659139
712461549 65354892
712461549 57645861
712461549 57644574
712461549 57647524
712461549 17938623
712461549 501147966
712461549 57643458
712461549 25295006
712461549 22612799
710868490 85053228
123730558 65354892
123730558 210253686
123730558 57645861
123730558 15659139
123730558 152834444
123730558 57647524
123730558 57643458
123730558 25295006
123730558 163804181
123730558 130627006
123730558 6909151
123730558 22612799
152479568 15659139
152479568 57643458
152479568 57645861
152479568 25295006
57643458 65354892
57643458 210253686
57643458 57645861
57643458 57644574
57643458 580992526
57643458 712461549
57643458 57647524
57643458 210192553
57643458 17938623
57643458 57646566
57643458 501147966
57643458 201498291
57643458 148124832
57643458 123730558
57643458 25295006
57643458 38782812
57643458 163804181
57643458 201505756
57643458 684633724
57643458 6909151
57643458 152479568
85053228 15659139
85053228 710868490
57644574 57645861
57644574 15659139
57644574 712461549
57644574 57643458
57644574 25295006
57644574 58376034
57644574 58154471
152430970 15659139
152430970 57647524
152430970 57646566
664762194 582181371
201498291 57647524
201498291 57643458
201498291 25295006
201498291 81836646
148124832 15659139
148124832 57643458
148124832 25295006
148124832 684633724
58105708 15659139
112025420 15659139
112025420 712461549
685619941 2264398
685619941 69166847
22612799 57645861
22612799 15659139
22612799 163804181
22612799 712461549
580992526 17938623
580992526 57643458
580992526 25295006
37080791 58335169
149529516 57645861
149529516 15659139
149529516 57647524
149529516 25295006
225780951 15659139
684633724 15659139
684633724 57647524
684633724 57643458
684633724 25295006
210253686 57645861
210253686 57646566
210253686 57643458
210253686 123730558
210253686 25295006
6909151 65354892
6909151 57645861
6909151 15659139
6909151 57647524
6909151 57643458
6909151 123730558
6909151 22612799
152933624 15659139
152933624 57647524
152933624 551202487
152479174 15659139
152479174 2264398
806302279 15659139
298831065 15659139
201505756 15659139
201505756 57643458
201505756 25295006
201505756 163804181
201505756 152574621
6183504 2334292
6183504 15659139
29368329 15659139
29368329 36792442
163804181 57645861
163804181 57647524
163804181 57646566
163804181 57643458
163804181 123730558
163804181 25295006
163804181 201505756
163804181 130627006
163804181 22612799
36792442 29368329
36792442 601986223
199445733 15659139
2334292 6183504
110514471 25295006
581247261 15659139
581247261 25295006
459317561 15659139
58376034 57644574
69166847 2264398
69166847 92267453
69166847 685619941
152629253 15659139
57645861 65354892
57645861 210253686
57645861 15659139
57645861 57644574
57645861 712461549
57645861 57647524
57645861 17938623
57645861 57646566
57645861 501147966
57645861 57643458
57645861 123730558
57645861 149529516
57645861 25295006
57645861 209009719
57645861 152619642
57645861 163804181
57645861 6909151
57645861 152574621
57645861 152479568
57645861 22612799
2264398 92513647
130627006 65354892
130627006 17938623
130627006 123730558
130627006 25295006
130627006 163804181
38369045 15659139
38369045 57647524
152619642 57645861
152619642 15659139
57647524 152430970
57647524 152933624
57647524 57645861
57647524 712461549
57647524 44758759
57647524 225782422
57647524 74557542
57647524 57646566
57647524 201498291
57647524 57643458
57647524 123730558
57647524 149529516
57647524 152914244
57647524 25295006
57647524 163804181
57647524 38369045
57647524 6909151
57647524 582716667
581133432 15659139
581796888 15659139
209009719 65354892
209009719 57645861
209009719 15659139
209009719 25295006
601986223 15659139
601986223 36792442
58100936 15659139
58100936 17938623
58100936 25295006
92513647 2264398
17938623 57645861
17938623 15659139
17938623 580992526
17938623 501147966
17938623 58100936
17938623 57643458
17938623 130627006
74557542 57647524
74557542 25295006
58360452 15659139
152914244 15659139
152914244 57647524
56931267 15659139
56931267 25295006
81836646 15659139
58154471 15659139
58154471 57644574
58154471 25295006
