833875545 130133849
144552578 50706428
144552578 34307702
144552578 18697458
144552578 34853764
451391461 130133849
451391461 30417848
451391461 48650711
451391461 54237321
451391461 201277631
451391461 199938174
228418097 130133849
60912518 140502756
60912518 130133849
833431211 3551567
833431211 48650711
833431211 122557323
29220506 130133849
747360673 130133849
747360673 48650711
747360673 50645000
701081684 130133849
7440701 130133849
201277631 130133849
201277631 453231155
201277631 431100606
163980582 130133849
163980582 30417848
365059496 130133849
143603942 130133849
143603942 30417848
199938174 130133849
149294537 140502756
149294537 130133849
434669357 258214277
434669357 130133849
199941065 130133849
448735980 130133849
50706428 144552578
50706428 64446688
50706428 50645000
323101081 130133849
122557323 833431211
122557323 130133849
480150134 130133849
480150134 84864604
258214277 434669357
155596107 48650711
155596107 130133849
203537006 130133849
3551567 130133849
3551567 833431211
681546875 130133849
258375878 130133849
217182819 130133849
431100606 134757566
431100606 130133849
431100606 48650711
30417848 124769005
30417848 130133849
30417848 143603942
30417848 48650711
30417848 833875545
30417848 27328225
30417848 258375878
30417848 163980582
453231155 130133849
18094439 130133849
215942157 48650711
215942157 130133849
50645000 50706428
50645000 747360673
39903982 130133849
266754074 820968434
266754074 130133849
199793744 48650711
199793744 833875545
199793744 199938174
199793744 431100606
199793744 130133849
155594909 130133849
32282788 130133849
85169961 323101081
395948627 130133849
10976515 130133849
365908062 48650711
365908062 18697458
365908062 130133849
18697458 144552578
64446688 50706428
128501942 130133849
166746552 48650711
166746552 453231155
166746552 130133849
5427654 130133849
5427654 34410915
18438042 130133849
130133849 48650711
130133849 128501942
130133849 84864604
130133849 34410915
54237321 130133849
54237321 451391461
54237321 453231155
579401925 130133849
34410915 130133849
34410915 5427654
155573434 48650711
155573434 130133849
34307702 144552578
34307702 130133849
53024198 130133849
140502756 60912518
40040359 130133849
84864604 480150134
84864604 130133849
102956914 130133849
48650711 155596107
48650711 215942157
48650711 833431211
48650711 102956914
48650711 130133849
48650711 30417848
27328225 130133849
27328225 30417848
27328225 833875545
27328225 431100606
32091104 130133849
225291837 130133849
34853764 144552578
