152732152 57601996
152732152 582013360
152890892 57643853
152890892 57601996
65081172 57601996
152619430 57601996
581292770 152674509
657279245 57601996
127577364 152600711
127577364 59188910
152939174 57601996
152785223 57601996
52569395 152913664
52569395 57601996
152931593 152932400
152931593 57643853
152931593 57601996
147971222 152911990
147971222 57601996
152919660 59188910
152919660 57643853
152919660 24375799
11326797 152956826
11326797 25641400
152857493 57643853
152857493 11326797
152857493 57601996
152857493 128732497
152677261 57601996
152854566 57643853
413682442 582013360
413682442 57643853
413682442 642485352
413682442 57601996
59188910 57643853
59188910 298834306
59188910 152913664
59188910 57601996
59188910 152734327
59188910 127577364
59188910 25641400
59188910 152919660
58049627 57601996
152577093 57601996
262598019 57601996
152941636 582013360
152941636 57643853
152941636 298834306
152941636 57601996
152911990 57601996
152911990 152734327
152714808 57601996
25641400 152913664
25641400 59188910
26406050 152913664
26406050 152932400
26406050 57643853
26406050 57601996
152932400 152931593
152932400 26406050
152933968 57601996
152600711 57643853
152600711 298834306
152600711 127577364
642485352 413682442
642485352 57601996
152815040 57601996
833655734 57601996
58020498 57601996
57643853 44875021
57643853 152956826
57643853 5363771
57643853 221419704
57643853 582013360
57643853 152941636
57643853 72474787
57643853 152600711
57643853 152890892
57643853 57650050
57643853 58089861
57643853 298834306
57643853 152913664
57643853 413682442
57643853 152854566
57643853 59188910
57643853 152727219
57643853 152808868
57643853 152734327
57643853 152850866
57643853 152857493
57643853 152931593
57643853 152905903
57643853 26406050
57643853 152919660
152808868 57643853
152808868 57601996
58089861 57643853
58089861 57601996
152956826 57643853
152956826 11326797
152956826 152919660
152850866 221419704
152850866 57643853
152850866 57601996
152850866 152905903
195383653 152854566
58321442 57601996
152734327 152820933
152734327 57643853
152734327 152714808
152734327 152911990
152734327 59188910
152734327 57601996
128732497 152857493
152727219 57643853
152913664 57643853
152913664 59188910
152913664 57601996
152913664 25641400
152913664 52569395
152913664 26406050
57650050 152932400
57650050 221419704
57650050 57643853
57650050 57601996
57650050 298834306
152905903 130257192
152905903 57643853
152905903 24375799
221419704 57643853
221419704 57650050
221419704 152850866
582013360 152941636
582013360 57643853
582013360 413682442
582013360 130228577
582013360 152732152
152621185 57601996
152890282 57601996
5363771 57643853
298834306 57643853
298834306 152600711
298834306 59188910
298834306 57601996
152815258 58049627
152815258 57650050
152815258 57601996
44875021 57643853
152674509 581292770
72474787 57643853
72474787 812541802
72474787 57601996
130257192 57601996
130257192 152905903
152727572 57601996
24375799 57601996
24375799 152919660
152657621 57601996
