58265014 421524931
58265014 152572326
58265014 58408384
58265014 123486175
58265014 218297190
194432377 218297190
194432377 58408384
152928189 152572326
152928189 401156655
152928189 58408384
152928189 218297190
152928189 123486175
152928189 58265014
522435537 218297190
522435537 401156655
522435537 58408384
44847575 218297190
44847575 123486175
44847575 61239761
44847575 138573066
695995797 218297190
833314075 58408384
679480353 58408384
806262718 58408384
601618083 218297190
601618083 123486175
601618083 152572326
601618083 152928189
601618083 58408384
29089290 218297190
29089290 123486175
29089290 58408384
8219413 123486175
13455806 58408384
152578123 218297190
44304729 218297190
44304729 812487764
44304729 58408384
806268574 218297190
834116860 218297190
834116860 123486175
834116860 401156655
58280962 123486175
58280962 152572326
58280962 58408384
756499403 218297190
756499403 421524931
756499403 58408384
152572326 218297190
152572326 29089290
152572326 123486175
152572326 58408384
152572326 58265014
152572326 138573066
53065431 218297190
53065431 58408384
421524931 218297190
421524931 522435537
421524931 401156655
421524931 123486175
421524931 58408384
421524931 138573066
421524931 152928189
50872940 218297190
822323289 218297190
822323289 421524931
822323289 634000983
822323289 401156655
822323289 58408384
138573066 218297190
138573066 123486175
138573066 58408384
604130216 218297190
604130216 58408384
107674512 58408384
738392332 218297190
738392332 123486175
738392332 58408384
6105109 218297190
6105109 152566784
6105109 806268574
6105109 58408384
581154588 58408384
581154588 152572326
581154588 123486175
581154588 58265014
349832527 218297190
58410241 218297190
58410241 152572326
58410241 58408384
152571711 8219413
152571711 58408384
152571711 123486175
401156655 421524931
401156655 834116860
401156655 522435537
401156655 218297190
401156655 58408384
833297881 58408384
833297881 218297190
812487764 218297190
812487764 58408384
812487764 634000983
152566784 6105109
152566784 218297190
152566784 123486175
152566784 58408384
522425818 218297190
522425818 421524931
522425818 61239761
522425818 634000983
522425818 152928189
522425818 58408384
522425818 152572326
58408384 218297190
58408384 123486175
218297190 822323289
218297190 152578123
218297190 421524931
218297190 152566784
218297190 522435537
218297190 391460645
218297190 634000983
218297190 833297881
218297190 123486175
218297190 401156655
218297190 58408384
218297190 679480353
218297190 138573066
61239761 833314075
61239761 580972535
61239761 833334782
61239761 522425818
61239761 812487764
61239761 634000983
61239761 218297190
61239761 401154183
61239761 401156655
61239761 152572326
61239761 421524931
61239761 58408384
61239761 58265014
61239761 138573066
833334782 580872079
833334782 58408384
28006988 58408384
28006988 123486175
580872079 58408384
580872079 123486175
580872079 218297190
580872079 833334782
806261681 580972535
806261681 58408384
806261681 218297190
833363098 218297190
833363098 401156655
833363098 58408384
401154183 58408384
401154183 401156655
401154183 218297190
123486175 14963786
123486175 421524931
123486175 58408384
123486175 58265014
123486175 8219413
123486175 138573066
123486175 152571711
391460645 218297190
580972535 218297190
580972535 61239761
580972535 58408384
14963786 123486175
14963786 58408384
438505895 218297190
438505895 58408384
154454997 218297190
