421487321 152477462
421487321 142562282
421487321 65499074
357564210 38636995
357564210 421501883
57662546 65499074
57662546 16523641
698906062 142562282
812493550 38636995
812493550 65499074
812493550 142562282
38636995 357564210
38636995 212625329
38636995 456671132
38636995 421501883
38636995 107476941
38636995 812493550
38636995 16523641
38636995 6147606
38636995 142562282
38636995 65499074
38636995 129985323
38636995 58424244
142562282 812493550
142562282 456671132
142562282 57662546
142562282 421487321
142562282 38636995
142562282 73022649
142562282 16975966
142562282 16523641
142562282 6147606
142562282 107476941
142562282 152477462
142562282 357564210
142562282 581654779
142562282 698906062
142562282 421501883
142562282 212625329
142562282 5366488
142562282 65499074
142562282 129985323
142562282 58424244
5366488 142562282
156917065 129985323
828447632 357564210
65499074 107476941
65499074 28006988
65499074 16523641
65499074 57662546
65499074 212625329
65499074 142562282
65499074 812493550
65499074 38636995
65499074 581654779
65499074 6147606
65499074 421487321
65499074 129985323
421501883 212625329
421501883 357564210
421501883 38636995
421501883 6147606
421501883 142562282
16975966 107476941
16975966 16523641
16975966 142562282
107476941 38636995
107476941 210238773
107476941 16975966
107476941 16523641
107476941 28006988
107476941 152477462
107476941 6147606
107476941 142562282
107476941 65499074
107476941 129985323
456671132 142562282
73022649 456671132
73022649 16523641
73022649 357564210
73022649 142562282
6147606 212625329
6147606 107476941
6147606 38636995
6147606 421501883
6147606 142562282
6147606 65499074
6147606 129985323
129985323 357564210
129985323 156917065
129985323 38636995
129985323 142562282
129985323 107476941
129985323 65499074
129985323 6147606
129985323 16523641
212625329 357564210
212625329 38636995
212625329 421501883
212625329 16523641
212625329 28006988
212625329 6147606
212625329 65499074
210238773 107476941
28006988 16523641
28006988 107476941
28006988 212625329
28006988 65499074
16523641 57662546
16523641 38636995
16523641 107476941
16523641 212625329
16523641 16975966
16523641 357564210
16523641 28006988
16523641 73022649
16523641 6147606
16523641 142562282
16523641 65499074
16523641 129985323
581654779 65499074
581654779 142562282
152477462 421487321
152477462 107476941
