210273758 57645941
7928419 179864693
7928419 57645941
57645681 36251652
57645681 57645941
152481470 215734139
152481470 57645941
36251652 65487855
36251652 65284123
36251652 210261857
36251652 57645681
36251652 57645941
582205230 57645941
85053469 155840511
85053469 57645941
210243678 7810177
210243678 57645941
57645941 65487855
57645941 152726357
57645941 210261857
57645941 50619453
57645941 210273758
57645941 36251652
57645941 582205230
57645941 7810177
57645941 57645681
57645941 152481470
57645941 223860566
57645941 210243678
57645941 582254548
57645941 806332268
57645941 44755121
57645941 298831284
57645941 216072706
57645941 152627665
57645941 57653172
57645941 152931065
57645941 85053469
57645941 216101605
57645941 302666775
57645941 152581257
57645941 7928419
57645941 179864693
57645941 298855705
57645941 147916689
57645941 215734139
215734139 65284123
215734139 147916689
215734139 152481470
215734139 57645941
298855705 57645941
216101605 806332268
216101605 50619453
216101605 57645941
152726357 57645941
179864693 57645941
216072706 57645941
65487855 57653172
65487855 36251652
65487855 57645941
223860566 57645941
152581257 57645941
7810177 210243678
7810177 155840511
7810177 57645941
57653172 65487855
57653172 57645941
298831284 57645941
65284123 36251652
65284123 215734139
50619453 216101605
50619453 152931065
50619453 57645941
806332268 216101605
806332268 57645941
210261857 36251652
210261857 57645941
582254548 57645941
155840511 85053469
155840511 7810177
44755121 57645941
302666775 57645941
147916689 215734139
147916689 57645941
152931065 57645681
152931065 50619453
152931065 57645941
152627665 57645941
