32003881 49233636
682038013 130460933
346803766 49233636
59695274 49233636
128094960 49233636
128094960 130460933
182780952 49233636
182780952 69774438
182780952 130460933
215876047 49233636
128932816 130460933
545592875 49233636
545592875 58155869
49233636 29347788
49233636 346803766
49233636 128094960
49233636 32003881
49233636 69774438
49233636 59695274
49233636 182780952
49233636 58155869
49233636 147997409
49233636 215876047
49233636 130460933
147997409 49233636
130460933 49233636
130460933 69774438
130460933 128094960
69774438 49233636
69774438 314183102
69774438 130460933
166652196 130460933
58155869 49233636
58155869 130460933
29347788 49233636
29347788 130460933
314183102 69774438
