152819370 530064986
152924748 5955522
152924748 57648255
152924748 57643873
152924748 104980807
57644384 58148674
57644384 128500962
57644384 5955522
57644384 57648255
50853166 57644777
50853166 128500962
50853166 58444819
50853166 57648255
50853166 152954552
50853166 11752513
50853166 57647793
50853166 44759210
152890415 57646103
152890415 57644777
152890415 57652158
152890415 210195750
152890415 57648255
152890415 104980807
152954552 50853166
152954552 57652158
152954552 473061907
152954552 85053351
152954552 210200217
152954552 104980807
210235694 57648255
210247112 128500962
210247112 152933789
210247112 57649150
210247112 210200217
210247112 104980807
44999527 97088624
128500962 581126093
128500962 50853166
128500962 298849822
128500962 31683333
128500962 57646103
128500962 57644777
128500962 57652158
128500962 210247112
128500962 152933789
128500962 530064986
128500962 57644384
128500962 57649150
128500962 306568911
128500962 85053351
128500962 57648255
128500962 57650913
128500962 57643873
128500962 152729008
128500962 11752513
128500962 104980807
154936579 104980807
67242970 57652158
85053351 57646103
85053351 128500962
85053351 57652158
85053351 152924748
85053351 145458628
85053351 58444819
85053351 306568911
85053351 473061907
85053351 83901647
85053351 152816712
85053351 57648255
85053351 57643873
85053351 152954552
85053351 57759422
85053351 57647793
85053351 104980807
58444819 50853166
58444819 85053351
58444819 57648255
581320854 57643873
5955522 57644384
57647793 50853166
57647793 57646103
57647793 210195854
57647793 145458628
57647793 85053351
57647793 57646909
57647793 104980807
580938937 57648255
580938937 11752513
57646103 58148674
57646103 57644777
57646103 152890415
57646103 210195854
57646103 128500962
57646103 57600278
57646103 57652158
57646103 57650518
57646103 145458628
57646103 57649150
57646103 581247071
57646103 85053351
57646103 57648255
57646103 57650913
57646103 152898759
57646103 210261456
57646103 11752513
57646103 152725750
57646103 57647793
57646103 44759210
57646103 104980807
11752513 50853166
11752513 57646103
11752513 57644777
11752513 128500962
11752513 57652158
11752513 57649150
11752513 57648255
11752513 57643873
11752513 580938937
11752513 61761858
11752513 45542930
11752513 97088624
11752513 44759210
11752513 104980807
580911862 210195854
61761858 58151314
61761858 530064986
61761858 57648255
61761858 11752513
61761858 104980807
57648255 50853166
57648255 58148674
57648255 298849822
57648255 57646103
57648255 57644777
57648255 582151377
57648255 152890415
57648255 210195854
57648255 128500962
57648255 57600278
57648255 57652158
57648255 210195750
57648255 152933789
57648255 152924748
57648255 145458628
57648255 210191103
57648255 57644384
57648255 57649150
57648255 83901647
57648255 152735082
57648255 85053351
57648255 562993235
57648255 57643873
57648255 57646909
57648255 580938937
57648255 302408744
57648255 210235694
57648255 11752513
57648255 61761858
57648255 57759422
57648255 44759210
57648255 104980807
152905156 57652158
57646909 57648255
57646909 210200217
57646909 57647793
57646909 104980807
44759499 58148674
44759499 306568911
728454057 104980807
152898759 57646103
152898759 104980807
210195750 152890415
210195750 57600278
210195750 145458628
210195750 57648255
210195750 152725750
302408744 145458576
302408744 57648255
210195854 57646103
210195854 57649150
210195854 581247071
210195854 57648255
210195854 152820825
210195854 580911862
210195854 57647793
210195854 104980807
45542930 145458628
45542930 11752513
45542930 104980807
57759422 57644777
57759422 306568911
57759422 57648255
57759422 104980807
152933789 58151314
152933789 128500962
152933789 210247112
152933789 145458628
152933789 306568911
152933789 57648255
152933789 104980807
57637581 5955522
57637581 581851718
57637581 728454057
57637581 104980807
57650913 57646103
57650913 128500962
210261456 57646103
210261456 57643873
210261456 104980807
57649150 58148674
57649150 57646103
57649150 210195854
57649150 128500962
57649150 210247112
57649150 57650518
57649150 57648255
57649150 57643873
57649150 11752513
57649150 210200217
57649150 104980807
582151377 58148674
582151377 306568911
582151377 57648255
582151377 104980807
14784525 210235694
152729008 128500962
473061907 57600278
473061907 152735082
473061907 85053351
473061907 152954552
473061907 104980807
152816712 85053351
152816712 104980807
152820825 210195854
152820825 5955522
152820825 14784525
83901647 50853166
83901647 57648255
83901647 44759210
83901647 104980807
57643873 57644777
57643873 581320854
57643873 106157452
57643873 128500962
57643873 57649150
57643873 85053351
57643873 57648255
57643873 210261456
57643873 11752513
57643873 210200217
57643873 104980807
57600278 57646103
57600278 57652158
57600278 210195750
57600278 473061907
57600278 57648255
57600278 44759210
44759210 50853166
44759210 57646103
44759210 57644777
44759210 57600278
44759210 57648255
44759210 11752513
44759210 104980807
530064986 128500962
530064986 152819370
530064986 152820825
530064986 61761858
57644777 50853166
57644777 57646103
57644777 152890415
57644777 128500962
57644777 210247112
57644777 5955522
57644777 57650518
57644777 57648255
57644777 57643873
57644777 11752513
57644777 67242970
57644777 210200217
57644777 57759422
57644777 44759210
57644777 104980807
106157452 57643873
97088624 31683333
97088624 11752513
97088624 44999527
58151314 152933789
152725750 57646103
152725750 210195750
152725750 145458628
145458576 302408744
210200217 57644777
210200217 210247112
210200217 57649150
210200217 57643873
210200217 152954552
210200217 57646909
210200217 104980807
581247071 57646103
581247071 210195854
57652158 152905156
57652158 57646103
57652158 152890415
57652158 128500962
57652158 57600278
57652158 210247112
57652158 57650518
57652158 85053351
57652158 57648255
57652158 152954552
57652158 11752513
57652158 67242970
57652158 104980807
145458628 57646103
145458628 57652158
145458628 210195750
145458628 210247112
145458628 152933789
145458628 85053351
145458628 57648255
145458628 152725750
145458628 45542930
145458628 57647793
145458628 104980807
581126093 128500962
298849822 128500962
298849822 57648255
31683333 128500962
31683333 97088624
306568911 582151377
306568911 128500962
306568911 210247112
306568911 152933789
306568911 44759499
306568911 85053351
306568911 104980807
127441882 104980807
152735082 473061907
152735082 57648255
152735082 121603790
152735082 104980807
104980807 85053351
104980807 44759210
104980807 210247112
104980807 83901647
104980807 128500962
104980807 57648255
104980807 57647793
104980807 121603790
104980807 57646103
104980807 210261456
104980807 210200217
104980807 152933789
104980807 57644777
104980807 57643873
104980807 57652158
104980807 11752513
104980807 106157452
104980807 152890415
104980807 57600278
104980807 152735082
104980807 57646909
104980807 152816712
104980807 152954552
104980807 57759422
104980807 473061907
104980807 50853166
104980807 155830791
104980807 57649150
104980807 58148674
104980807 145458628
104980807 210195854
104980807 61761858
104980807 306568911
104980807 582151377
104980807 127441882
104980807 45542930
104980807 728454057
104980807 152898759
104980807 57637581
121603790 5955522
121603790 152735082
121603790 104980807
58148674 57646103
58148674 582151377
58148674 57644384
58148674 57649150
58148674 44759499
58148674 57648255
58148674 104980807
57650518 57646103
57650518 57644777
57650518 57652158
57650518 57649150
562993235 57648255
210191103 57648255
