303606967 212943587
303606967 833862068
34372573 476539515
138221635 836611383
665787073 811404832
716723022 126527590
834132236 833862068
833862068 604505359
833862068 665806255
833862068 134953912
528687950 305563175
528687950 128783811
604505359 833862068
568369548 159821240
811404832 606037099
811404832 834606860
811404832 665787073
159821240 450217683
159821240 303458028
159821240 568369548
159821240 833862068
303384918 833862068
128783811 137826423
128783811 528687950
166611819 604505359
166611819 178061039
692658358 833862068
476539515 34372573
476539515 833862068
836611675 512724165
836611675 536453722
774469621 458785812
633166059 506358672
633166059 137826423
836611383 138221635
831766164 833862068
834606860 811404832
163953731 108945346
163953731 833862068
834132348 833862068
699346962 782962634
137826423 128783811
137826423 633166059
137826423 137861785
303382701 159821240
458785812 829043394
458785812 774469621
834453072 782962634
834132292 833862068
215904013 192704839
192704839 215904013
192704839 833862068
512724165 836611675
512724165 834565779
512724165 833862068
834132389 606037099
834132389 833862068
833862071 134953912
834132154 163977238
834132154 774469253
834132154 833862068
126527590 716723022
163977238 834132154
735273759 774469253
735273759 258262645
123482836 137861785
606037099 834132389
606037099 811404832
606037099 833862068
836611580 836611505
303458028 159821240
506358672 633166059
834132352 833862068
834132373 833862068
836611824 774469253
258262645 735273759
108945346 163953731
108945346 782962634
212943587 159821240
212943587 303606967
212943587 833862068
834565779 512724165
834565779 782962634
774469253 836611824
774469253 834132154
774469253 735273759
774469253 782962634
536453722 836611675
665806255 833862068
134953912 833862071
134953912 833862068
750472471 833862068
836611505 836611580
450217683 159821240
112711720 774469621
137861785 123482836
137861785 137826423
161541994 695353538
782962634 774469253
782962634 108945346
782962634 834453072
