37883788 66986781
44264893 31264450
44264893 71256140
44264893 66986781
349802731 66986781
130749469 66986781
48726848 66986781
57391557 66986781
746000243 66986781
49058249 66986781
44282394 66986781
100752005 49065096
100752005 66986781
193361786 49308738
193361786 66986781
8029065 66986781
152577170 66986781
60099535 49065096
60099535 35978242
60099535 66986781
48092068 66986781
734885165 302209226
734885165 71256140
329301448 66986781
44126890 66986781
68951167 60099535
68951167 66986781
33979766 57198994
33979766 31264450
33979766 7808329
33979766 66986781
156651039 66986781
131932114 66986781
44491786 66986781
45040809 66986781
47985022 60099535
47985022 66986781
44536797 66986781
3961359 66986781
37643382 31264450
37643382 71256140
37643382 66986781
54155827 66986781
44987633 66986781
43871328 49065096
43871328 66986781
44209041 60099535
44209041 66986781
9783915 57198994
9783915 31264450
9783915 71256140
9783915 66986781
302209226 734885165
45022834 66986781
44838476 60099535
44838476 746000243
44838476 66986781
67150226 66986781
291816799 31264450
57760368 66986781
130096364 66986781
180810461 66986781
44288413 66986781
163817197 44838476
163817197 49308738
7808329 33979766
7808329 31264450
7808329 66986781
83181279 66986781
23008115 44288413
23008115 60099535
23008115 35978242
23008115 7808329
23008115 66986781
24326044 80411194
24326044 66986781
127732654 66986781
80411194 66986781
35978242 23008115
35978242 31264450
35978242 60099535
35978242 66986781
49052333 66986781
44347827 66986781
60939156 66986781
66986781 71256140
66986781 31264450
66986781 7808329
43872728 66986781
604351981 66986781
36449980 31264450
36449980 66986781
31940924 66986781
77385493 66986781
44276218 66986781
6699506 66986781
49339899 60099535
49339899 66986781
50853655 66986781
230913689 66986781
20327095 66986781
49308738 49065096
49308738 193361786
49308738 163817197
49308738 66986781
38449747 66986781
50855396 66986781
192548040 66986781
57472039 66986781
3269842 7808329
3269842 66986781
44986118 66986781
130286552 66986781
57065727 66986781
142720595 66986781
49065096 43871328
49065096 60099535
49065096 49308738
49065096 66986781
43845943 66986781
26048256 31264450
26048256 71256140
26048256 66986781
7736867 66986781
31264450 9783915
31264450 57198994
31264450 71256140
31264450 66986781
57198994 9783915
57198994 31264450
57198994 71256140
57198994 66986781
71256140 57198994
71256140 31264450
71256140 66986781
82263446 66986781
