9724224 152905804
9724224 58183352
9724224 58089618
9724224 19285426
9724224 13139115
316734518 58089618
833801057 149532755
82588287 58089618
421485835 58089618
252043380 19285426
252043380 58183352
252043380 58089618
252043380 199000204
252043380 52450086
221436113 58089618
44741116 199000204
58183352 9724224
58183352 58089618
58183352 252043380
149532755 833801057
149532755 182527681
364574020 58089618
127913138 788578939
477277335 58089618
199000204 44741116
199000204 252043380
199000204 421476296
199000204 52450086
421476296 58089618
97902087 620540223
97902087 788578939
45820576 9724224
45820576 58183352
60933660 58089618
182527681 149532755
29537363 13447099
29537363 10797117
58089618 165180113
58089618 221436113
58089618 9724224
58089618 421485835
58089618 13139115
58089618 252043380
19285426 163895710
19285426 9724224
19285426 50706403
19285426 58089618
19285426 13139115
19285426 252043380
50706403 19285426
620540223 693170926
620540223 97902087
13447099 29537363
152905804 9724224
13139115 58089618
13139115 19285426
152906517 9724224
51572241 9724224
163895710 19285426
10797117 29537363
52450086 199000204
52450086 252043380
788578939 97902087
693170926 620540223
208535296 9724224
208535296 58089618
