58358359 137968781
58358359 71925614
58358359 58105075
58358359 2195836
58105075 45034055
58105075 137968781
58105075 58018352
58105075 71925614
58105075 152934518
58105075 127552880
58105075 44758749
27717193 210277933
27717193 127552880
139708540 152593244
139708540 127552880
57588558 152956849
57588558 152934518
57588558 22978361
57588558 152891939
57588558 57648645
57588558 7700415
57588558 2195836
57588558 44758749
152904936 152956849
152904936 139708540
152904936 127552880
127552880 152956849
127552880 58105075
127552880 25347813
127552880 22978361
127552880 57652337
127552880 139708540
127552880 74691031
10962460 152956849
10962460 58105075
10962460 127552880
71925614 152934518
71925614 143603254
71925614 58105075
71925614 2195836
71925614 44758749
54191569 127552880
152787894 44758749
152956849 152904936
152956849 57648645
152956849 7700415
152956849 57588558
152956849 127552880
152956849 58155898
44758749 57588558
44758749 58105075
44758749 71925614
44758749 152787894
44758749 127552880
58155898 127552880
58155898 152956849
152891939 127552880
4132075 139708540
530439521 127552880
58163137 45034055
58163137 2195836
58163137 71925614
129831232 92328682
129831232 71925614
129831232 127552880
152593244 152934518
152593244 143603254
152593244 58105075
152593244 7700415
152593244 71925614
143603254 71925614
143603254 152593244
57648645 152956849
57648645 210277933
57648645 152891939
57648645 139708540
57648645 71925614
57648645 7700415
57648645 57588558
57648645 58105075
57648645 127552880
58018352 58105075
58018352 127552880
45034055 139708540
45034055 58105075
45034055 127552880
45034055 58163137
22978361 57588558
22978361 127552880
152621930 58105075
57652337 127552880
25347813 127552880
152934518 71925614
152934518 152593244
152934518 57588558
152934518 58105075
7700415 152956849
7700415 210277933
7700415 58018352
7700415 152593244
7700415 57588558
7700415 127552880
92328682 71925614
92328682 127552880
2195836 152593244
2195836 57588558
2195836 58358359
2195836 71925614
2195836 58163137
758012604 20932547
210277933 57648645
210277933 27717193
210277933 7700415
74691031 127552880
48729042 57648645
137968781 92328682
137968781 58105075
137968781 127552880
