58010779 127728639
128504168 127728639
128504168 582055542
272481868 127728639
581472828 152602694
581472828 210185991
581472828 127728639
581472828 210223368
152602694 127728639
152602694 581472828
152602694 152808050
76127589 302431258
76127589 127728639
210223368 210261209
210223368 13654871
210223368 57648100
210223368 127728639
210223368 581472828
210223368 152931947
210223368 581736773
210223368 152932166
60695641 210261209
60695641 57648100
60695641 127728639
60695641 582055542
60695641 675324323
60695641 60783762
60695641 128395896
60695641 57646702
60695641 40336044
60695641 128501720
60695641 77061268
60695641 58419253
60695641 152602903
633983766 127728639
133788748 127728639
6563121 210261209
6563121 152603453
6563121 163804718
6563121 44758938
6563121 13654871
6563121 127728639
6563121 3656753
6563121 57646702
6563121 128501720
47243252 127728639
582892987 127728639
44758938 6563121
44758938 308237925
44758938 57648100
44758938 58419253
152939178 127728639
152939178 152931947
582076789 127728639
152898884 152808050
3656753 6563121
3656753 13654871
3656753 127728639
3656753 60783762
3656753 298855733
215747176 127728639
57648100 152603453
57648100 44758938
57648100 60783762
57648100 210223368
57648100 82737815
57648100 60695641
57648100 133999450
57648100 57646702
57648100 40336044
57648100 152932166
57648100 77061268
582393394 127728639
501147973 127728639
501147973 60783762
152932166 127728639
152932166 210261209
152932166 210223368
152932166 57648100
152932166 77061268
152932166 58419253
133999450 163804718
133999450 13654871
133999450 57648100
133999450 127728639
133999450 152931947
133999450 82737815
13654871 6563121
13654871 62417488
13654871 127728639
13654871 3656753
13654871 582055542
13654871 60783762
13654871 152931947
13654871 133999450
13654871 210231042
13654871 57646702
13654871 128501720
13654871 4008901
13654871 58419253
149140804 127728639
581736773 210223368
155829262 127728639
128395896 127728639
128395896 60695641
152602903 127728639
152602903 60695641
581998002 127728639
163804593 127728639
302431258 76127589
40336044 57648100
40336044 60695641
40336044 77061268
152912165 127728639
152931947 152603453
152931947 210185991
152931947 152939178
152931947 127728639
152931947 210223368
152931947 5857735
152931947 133999450
152931947 4008901
82737815 57648100
82737815 127728639
82737815 57646702
53327981 127728639
581475814 152899811
581475814 127728639
5857735 210185991
5857735 127728639
5857735 152931947
210261209 6563121
210261209 210223368
210261209 60695641
210261209 57646702
210261209 152932166
210261209 58419253
152533759 127728639
58150313 127728639
77061268 127728639
77061268 152912165
77061268 57648100
77061268 40336044
77061268 60695641
77061268 58419253
62417488 828978141
210231042 13654871
58419253 127728639
58419253 152932166
58419253 210261209
58419253 152630905
58419253 60695641
58419253 77061268
58419253 44758938
57646702 6563121
57646702 210261209
57646702 13654871
57646702 57648100
57646702 675324323
57646702 60783762
57646702 82737815
57646702 60695641
57646702 128501720
57769544 127728639
57769544 134515280
128501720 6563121
128501720 13654871
128501720 127728639
128501720 60695641
128501720 57646702
152434702 127728639
580913085 127728639
58271944 13654871
58271944 127728639
25531917 127728639
152603453 6563121
152603453 57648100
152603453 152931947
298855733 127728639
152681617 127728639
152787305 127728639
580931980 127728639
57847178 127728639
57847178 152808050
308237925 44758938
152899811 581475814
152899811 226141670
60783762 13654871
60783762 57648100
60783762 3656753
60783762 60695641
60783762 501147973
60783762 57646702
163804718 6563121
163804718 127728639
163804718 133999450
152808050 127728639
134515280 57769544
134515280 127728639
152630905 127728639
152630905 5857735
152630905 58419253
582055542 13654871
582055542 60695641
210185991 581472828
210185991 152931947
210185991 5857735
4008901 127728639
4008901 152931947
409738485 127728639
675324323 60695641
