179492712 127193391
344937346 533891378
374466710 127193391
374466710 833337748
231058922 127193391
231058922 75358214
231058922 157775697
231058922 194458054
42159754 127193391
42159754 75358214
42159754 30130030
30130030 127193391
30130030 49282885
30130030 80409333
30130030 42159754
30130030 57413558
30130030 7508584
80059147 127193391
45222784 97828473
45222784 622853304
45222784 75358214
45222784 44974064
45222784 194458054
45222784 45021110
475994974 127193391
163887168 127193391
572011726 127193391
607688780 127193391
49282885 127193391
49282885 33430019
49282885 7508584
49282885 62237349
49282885 30130030
50885920 127193391
50885920 42159754
50885920 62237349
97828473 127193391
97828473 39199918
97828473 45222784
44621611 127193391
43784690 57155179
19810033 127193391
39199918 97828473
127193391 75358214
127193391 231058922
194458054 127193391
194458054 75358214
194458054 157775697
194458054 45222784
194458054 231058922
622853304 127193391
622853304 45222784
191866398 130224807
61166589 127193391
223794563 508992440
223794563 127193391
4055643 127193391
59987262 127193391
137074231 127193391
71392855 127193391
541610235 127193391
533891378 127193391
533891378 50865578
533891378 157775697
533891378 231008570
533891378 62237349
16473921 127193391
16473921 30130030
836611660 127193391
604322756 127193391
45021110 45222784
44699972 127193391
649502761 127193391
50864835 127193391
50864835 33430019
57155179 75358214
830534929 127193391
616538704 127193391
10426702 127193391
231008570 127193391
231649172 127193391
208419918 127193391
179772266 127193391
179772266 833337748
650617516 127193391
833337748 179772266
149527003 127193391
508992440 223794563
508992440 127193391
45051571 127193391
166402423 54223023
207765514 127193391
157775697 127193391
157775697 75358214
157775697 194458054
157775697 231058922
33430019 127193391
33430019 57413558
33430019 50864835
44974064 45222784
57413558 127193391
57413558 33430019
57413558 19810033
57413558 30130030
79524114 127193391
80409333 30130030
359065219 75358214
7508584 127193391
7508584 49282885
7508584 30130030
10449254 127193391
130224807 191866398
223126513 127193391
54223023 127193391
54223023 166402423
75358214 127193391
75358214 157775697
75358214 231058922
421455448 127193391
44680173 127193391
62237349 127193391
62237349 49282885
62237349 30130030
