144827860 173236342
144827860 127190632
144827860 49323176
144827860 135508826
232970421 127190632
127190632 138047915
617136512 127190632
32743295 127190632
695664148 127190632
23727025 49323176
22036645 49323176
22036645 83638600
22036645 18888268
22036645 74964224
22036645 127190632
22036645 54722797
374503425 127190632
317247383 127190632
128332011 127190632
83638600 22036645
83638600 127190632
54722797 127190632
54722797 76974022
54722797 128909803
54722797 22036645
49323176 138047915
49323176 52600271
49323176 805164605
49323176 173236342
49323176 382864077
49323176 127190632
49323176 83638600
49323176 54722797
49323176 144827860
49323176 23727025
49323176 22036645
49323176 128909803
49323176 135508826
49323176 37656071
37656071 306625268
37656071 127190632
37656071 49323176
37656071 128909803
37656071 45511058
138047915 127190632
135508826 127190632
135508826 49323176
135508826 144827860
39179498 127190632
39179498 128909803
110325666 127190632
382864077 49323176
382864077 127190632
306625268 37656071
52600271 49323176
74964224 22036645
15480993 127190632
18888268 22036645
76974022 127190632
836611818 127190632
173236342 49323176
173236342 127190632
173236342 144827860
103128649 127190632
805164605 127190632
45482467 127190632
128909803 127190632
102342284 127190632
102342284 22036645
102342284 49323176
45511058 37656071
