152732152 152913969
152732152 505460223
152732152 530154744
653983174 57645274
58309242 603169599
58309242 152855154
58309242 152724816
58309242 530154744
17707485 14718557
17707485 298856659
17707485 152930734
17707485 57645274
17707485 152891160
17707485 152932359
17707485 152913969
17707485 58271997
17707485 110915165
17707485 110182572
17707485 633973345
17707485 530154744
152821543 57645274
152821543 17707485
152821543 530154744
152840090 530154744
152840090 58246824
152840090 57645274
152840090 152631267
152840090 152724816
812500486 57645274
30669158 57645274
30669158 152724816
30669158 530154744
521838104 530154744
152504363 530154744
152912927 57645274
152912927 530154744
152631267 152571510
152631267 833336866
152631267 16853151
152631267 152930734
152631267 603169599
152631267 58271997
152631267 152840090
152631267 58246824
42103468 152838713
58271997 152891160
58271997 58246824
58271997 152838713
58271997 17707485
58271997 152631267
58271997 152724816
58271997 530154744
603169599 58309242
603169599 564098180
603169599 152663040
603169599 530154744
152882503 530154744
90474774 530154744
152596950 48707039
152596950 58246824
152596950 110915165
152596950 530154744
833365058 530154744
833365058 57645274
152680689 530154744
152838713 42103468
152838713 58246824
152838713 152621185
152838713 110915165
152838713 14718557
152838713 530154744
152833859 530154744
152877299 110182572
152877299 152579221
152877299 57645274
152907124 530154744
834291739 152724816
152937426 530154744
152796629 505460223
152796629 152579221
152796629 152838713
152796629 57645274
152796629 530154744
152796629 634020936
833654710 530154744
152571510 58246824
152571510 152631267
152571510 530154744
41480891 57645274
833349323 530154744
833349323 57645274
57980495 152855154
48707039 633973345
48707039 152596950
48707039 152621845
48707039 530154744
64464597 57645274
152663040 152891160
152663040 603169599
152663040 530154744
152783869 530154744
36851734 152930734
152472907 57645274
152955124 58246824
152855154 58309242
152855154 176741194
152855154 57980495
110182572 633973345
110182572 152891160
110182572 152877299
110182572 57645274
110182572 17707485
110182572 152511418
110182572 634020936
215711554 57645274
152724816 58246824
152724816 152840090
152724816 530154744
58246824 152596950
58246824 152838713
58246824 634020936
58246824 14718557
58246824 152724816
58246824 530154744
505460223 152796629
505460223 152732152
152891160 152663040
152891160 57645274
16853151 58246824
16853151 152631267
16853151 530154744
14718557 298856659
14718557 58098833
14718557 110915165
14718557 152838713
14718557 58246824
14718557 57613119
14718557 17707485
14718557 530154744
581136632 530154744
58098833 152913969
58098833 152783869
58098833 16853151
58098833 14718557
58098833 530154744
152579221 152796629
152579221 152877299
152913969 58098833
152913969 152732152
152913969 17707485
152913969 530154744
833336866 530154744
110915165 152596950
110915165 152838713
110915165 14718557
110915165 530154744
152511418 57645274
86275267 530154744
152621185 152838713
152621185 530154744
152932359 152621845
152932359 17707485
152932359 530154744
298856659 14718557
298856659 530154744
318909547 57645274
152682027 633973345
152682027 152930734
152682027 152621845
152682027 110915165
152682027 57645274
152682027 530154744
152734462 152855154
152734462 530154744
152734462 152724816
834024191 530154744
192287195 152724816
192287195 530154744
152930734 57645274
152930734 17707485
152930734 530154744
152930734 176741194
400809977 564098180
400809977 30669158
400809977 530154744
400809977 57645274
581622062 530154744
152602255 530154744
57645274 152796629
57645274 41480891
57645274 812500486
57645274 318909547
57645274 152840090
57645274 152930734
57645274 833349323
57645274 152821543
57645274 64464597
57645274 215711554
57645274 30669158
57645274 653983174
57645274 152877299
57645274 152621845
57645274 400809977
57645274 17707485
57645274 152511418
564098180 30669158
564098180 57645274
564098180 152734462
633973345 152682027
633973345 152596950
633973345 530154744
812487337 57645274
176741194 152855154
176741194 152930734
57613119 152855154
57613119 14718557
57613119 530154744
634020936 58246824
634020936 152796629
634020936 17707485
634020936 57645274
634020936 633973345
634020936 110182572
