24253636 22151715
24253636 16523641
24253636 150099925
24253636 32898294
24253636 223834788
3322325 12190767
3322325 9596966
3322325 57959458
3322325 24253636
9596966 32898294
9596966 238984433
9596966 150099925
9596966 223834788
9596966 22151715
9596966 16523641
9596966 57959458
58042739 223834788
58042739 24253636
223834788 150099925
223834788 58042739
223834788 238984433
223834788 22018946
223834788 298851477
223834788 4123197
223834788 10700608
223834788 145687571
223834788 497058087
223834788 22151715
223834788 12190767
223834788 23272512
223834788 3322325
223834788 16523641
223834788 9596966
223834788 32898294
223834788 57959458
223834788 24253636
22018946 223834788
298851477 223834788
150099925 238984433
150099925 223834788
150099925 12190767
150099925 24253636
150099925 57959458
150099925 9596966
497058087 223834788
497058087 16523641
497058087 9596966
497058087 24253636
57959458 3322325
57959458 497058087
57959458 150099925
57959458 9596966
57959458 12190767
57959458 23272512
57959458 16523641
57959458 32898294
57959458 223834788
4123197 223834788
22151715 223834788
22151715 145687571
22151715 23272512
22151715 16523641
22151715 9596966
22151715 32898294
22151715 24253636
10700608 223834788
12190767 150099925
12190767 238984433
12190767 223834788
12190767 3322325
12190767 57959458
145687571 238984433
145687571 22151715
145687571 23272512
238984433 223834788
238984433 145687571
238984433 12190767
238984433 9596966
23272512 238984433
23272512 223834788
23272512 145687571
23272512 497058087
23272512 22151715
23272512 16523641
23272512 9596966
23272512 57959458
23272512 24253636
16523641 22151715
16523641 497058087
16523641 223834788
16523641 23272512
16523641 9596966
16523641 57959458
16523641 24253636
32898294 16523641
32898294 22151715
32898294 223834788
32898294 238984433
32898294 57959458
