163804671 127503182
815466874 127503182
833813653 127503182
54312883 476585597
54312883 211523485
54312883 833319148
54312883 132891123
54312883 694783049
54312883 797989850
54312883 127503182
314322310 127503182
37613444 127503182
694774706 476585597
694774706 833319148
694774706 127503182
694774706 833319096
247463858 41272351
247463858 833319148
247463858 60320565
247463858 833374647
247463858 127503182
833319148 127503182
199985705 127503182
199985705 833319096
41272351 100608403
41272351 177123941
41272351 476585597
41272351 302687738
41272351 123136734
41272351 54312883
41272351 833319148
41272351 60320565
41272351 57462461
41272351 694774783
41272351 247463858
41272351 177131774
41272351 127503182
41272351 833374647
41272351 833374564
41272351 797989850
41272351 694783049
114984848 445272036
114984848 127503182
114984848 100608403
114984848 644541966
114984848 797989850
211523485 127503182
834061076 834061075
834061076 127503182
177123941 100608403
177123941 127503182
177123941 833374647
177123941 833374564
177123941 60320565
177123941 41272351
177123941 476585597
833374647 127503182
521865855 100608403
521865855 211533030
521865855 127503182
45336041 127503182
12024203 127503182
300018880 127503182
581287958 127503182
241966339 797989850
241966339 127503182
834061075 127503182
834061075 834061076
834089544 127503182
219726245 127503182
834064788 127503182
61263650 834064788
61263650 127503182
60320565 177123941
60320565 41272351
60320565 247463858
60320565 100608403
60320565 476585597
60320565 833319148
60320565 547215516
60320565 127503182
60320565 833374647
60320565 833374564
60320565 694783049
60320565 123136734
509519585 127503182
694774783 833319148
694774783 694783049
694774783 797989850
694774783 127503182
540777447 100608403
540777447 833319148
540777447 127503182
134653524 127503182
134653524 694783049
134653524 833374647
815189289 127503182
833861561 127503182
177131774 127503182
795101632 127503182
177134555 211523485
177134555 127503182
211533030 476585597
211533030 211523485
211533030 833319148
211533030 127503182
211533030 833374647
211533030 797989850
57367531 127503182
834064483 127503182
220504015 127503182
177224447 211523485
177224447 127503182
211526537 127503182
834076188 127503182
644528615 127503182
833813660 127503182
834111034 127503182
302687738 476585597
302687738 833319148
302687738 211533030
302687738 127503182
167007423 127503182
82612171 127503182
123136734 445272036
123136734 302687738
123136734 833319148
123136734 694783049
123136734 833374647
123136734 127503182
100608403 445272036
100608403 521865855
100608403 177123941
100608403 581287958
100608403 540777447
100608403 815466874
100608403 247463858
100608403 114984848
100608403 177131774
100608403 127503182
100608403 833374647
100608403 797989850
100608403 694783049
100608403 60320565
100608403 833319148
701006425 127503182
833374564 41272351
833374564 49909390
833374564 60320565
833374564 476585597
833374564 177123941
833374564 127503182
833374564 833374647
797989850 127503182
644541966 114984848
644541966 127503182
49909390 100608403
49909390 476585597
49909390 833319148
49909390 815466874
49909390 694783049
49909390 833374564
49909390 127503182
833319096 833861536
833319096 57462461
833319096 199985705
833319096 833319148
833319096 302687738
833319096 833813653
833319096 833861561
833319096 510777217
833319096 833813660
833319096 797989850
833319096 127503182
833319096 694774706
833319096 82612171
694783049 41272351
694783049 694774783
694783049 123136734
694783049 49909390
694783049 476585597
694783049 134653524
694783049 547215516
694783049 127503182
9011057 127503182
689446012 127503182
212793694 127503182
211523967 127503182
509566996 797989850
509566996 127503182
834092334 127503182
476585597 177123941
476585597 302687738
476585597 49909390
476585597 127503182
476585597 833374647
476585597 833374564
476585597 694783049
476585597 833319148
476585597 694774706
476585597 41272351
834061073 834087044
834061073 834061076
834061073 127503182
543411007 127503182
834068464 127503182
335395970 127503182
547215516 127503182
547215516 694774783
547215516 694783049
119325451 127503182
324934262 127503182
501617946 127503182
833861536 127503182
510637051 127503182
815353052 127503182
540964138 127503182
510777217 127503182
445272036 127503182
130372006 127503182
79619752 127503182
509633248 127503182
541059434 127503182
834087044 127503182
834087044 834061075
57462461 833319148
57462461 815466874
57462461 694783049
57462461 833374647
57462461 127503182
57462461 547215516
57462461 833319096
152933807 127503182
