812480807 37255851
45220995 37255851
45220995 49900092
24253636 29840001
24253636 16523641
24253636 80042529
24253636 51963736
24253636 10889786
24253636 69384057
24253636 65499074
24253636 685953830
24253636 58155687
24253636 9023080
24253636 17212193
152928982 69384057
152448497 69384057
659987596 16523641
659987596 69384057
659987596 49900092
659987596 65499074
85904386 80042529
85904386 29840001
85904386 69384057
85904386 192404605
85904386 68025819
85904386 10889786
85904386 29869770
85904386 192392744
85904386 758043931
85904386 152475715
85904386 16523641
85904386 34060600
152475715 312649531
152475715 758043931
152475715 80042529
152475715 37255851
152475715 69384057
152475715 85904386
152475715 10889786
152580651 37255851
58155687 38232939
58155687 14018029
58155687 16523641
58155687 7276762
58155687 65499074
58155687 24253636
58155687 34060600
58155687 49900092
9023080 16523641
9023080 69384057
9023080 14018029
9023080 65499074
69384057 80042529
69384057 29840001
69384057 10889786
69384057 29869770
69384057 24253636
69384057 34060600
192404605 68025819
192404605 80042529
192404605 37255851
192404605 10889786
192404605 16523641
192404605 34060600
51963736 16523641
51963736 69384057
51963736 24253636
44760050 9493076
192392744 192404605
192392744 312649531
192392744 152475715
192392744 80042529
192392744 69384057
192392744 85904386
192392744 34060600
421536777 14018029
421536777 24253636
421536777 16523641
82812404 14018029
82812404 69384057
82812404 10889786
82812404 16523641
82812404 9023080
82812404 65499074
357671843 82812404
65499074 16523641
65499074 58155687
65499074 68025819
65499074 659987596
65499074 10889786
65499074 38232939
65499074 82812404
65499074 244101635
65499074 24253636
65499074 9023080
634002773 37255851
312649531 29840001
312649531 152475715
312649531 80042529
312649531 192392744
312649531 37255851
312649531 69384057
421483854 16523641
9493076 44760050
244101635 37255851
244101635 69384057
244101635 16523641
244101635 9023080
244101635 65499074
29869770 69384057
29869770 80042529
29869770 29840001
29869770 10889786
29869770 34060600
29869770 85904386
49900092 45220995
49900092 659987596
49900092 16523641
49900092 17212193
49900092 14018029
7276762 69384057
14018029 16523641
14018029 49900092
685953830 24253636
133654885 17212193
37255851 29840001
37255851 80042529
45514054 69384057
671895817 14018029
68025819 192404605
68025819 38232939
68025819 34060600
68025819 65499074
68025819 85904386
68025819 16523641
29840001 80042529
29840001 69384057
29840001 85904386
29840001 17212193
29840001 34060600
80042529 192404605
80042529 29840001
80042529 312649531
80042529 152475715
80042529 37255851
80042529 69384057
80042529 29869770
80042529 16523641
80042529 85904386
80042529 34060600
80042529 24253636
758043931 152475715
758043931 37255851
758043931 69384057
758043931 10889786
758043931 85904386
38232939 68025819
38232939 10889786
38232939 65499074
54320796 37255851
54320796 421483854
16523641 29840001
16523641 10889786
16523641 69384057
16523641 82812404
16523641 58155687
16523641 14018029
16523641 68025819
16523641 192404605
16523641 80042529
16523641 45399577
16523641 421536777
16523641 421483854
16523641 659987596
16523641 85904386
16523641 7276762
16523641 65499074
16523641 51963736
16523641 24253636
16523641 9023080
16523641 34060600
16523641 49900092
10889786 69384057
10889786 29840001
10889786 68025819
10889786 192404605
10889786 14018029
10889786 758043931
10889786 152475715
10889786 192392744
10889786 38232939
10889786 37255851
10889786 29869770
10889786 16523641
10889786 85904386
10889786 65499074
10889786 24253636
421479546 69384057
45399577 14018029
45399577 37255851
45399577 16523641
34060600 29840001
34060600 68025819
34060600 37255851
34060600 80042529
34060600 16523641
57609830 37255851
57609830 82812404
57609830 34060600
57609830 29840001
57609830 69384057
17212193 29840001
17212193 69384057
17212193 133654885
17212193 49900092
