421476737 326864011
421476737 25373951
326864011 82513675
326864011 69077290
326864011 57856221
326864011 149545979
326864011 31468787
326864011 25922551
326864011 25373951
326864011 326864407
21614675 31468787
21614675 25373951
21614675 326864011
326864407 326864011
25922551 149545979
25922551 54680181
25922551 21614675
25922551 25373951
25922551 57856221
25922551 31468787
25922551 326864011
57856221 54680181
57856221 152545808
57856221 31468787
57856221 25373951
57856221 326864011
27891544 31468787
27891544 326864011
149545979 82513675
149545979 326864407
149545979 326864011
149545979 25922551
149545979 25373951
149545979 31468787
69077290 31468787
69077290 25373951
69077290 326864011
152545808 57856221
298849623 31468787
242599551 31468787
82513675 326864011
82513675 31468787
82513675 149545979
54680181 31468787
25373951 31468787
25373951 69077290
25373951 149545979
25373951 421476737
25373951 25922551
25373951 326864011
31468787 21614675
31468787 57856221
31468787 298849623
31468787 54680181
31468787 27891544
31468787 82513675
31468787 69077290
31468787 25373951
31468787 25922551
31468787 326864011
