815466874 127503182
696425512 777533959
696425512 127503182
833373978 217225841
833373978 177131774
833373978 127503182
833373978 815466874
833373978 129679129
833373978 694784081
833373978 521864394
833373978 545922034
833373978 123136734
833373978 89086200
57163959 127503182
213664254 127503182
213664254 322919971
223684822 127503182
322919971 213664254
834070999 127503182
778174281 127503182
834061076 127503182
510118197 127503182
834094565 127503182
833374056 127503182
833374056 833319096
833374056 700924049
145527580 127503182
231723005 127503182
217225841 177131774
217225841 127503182
217225841 211533030
217225841 129679129
217225841 694784081
217225841 521864394
217225841 833373978
217225841 834089857
217225841 123136734
217225841 89086200
217225841 510797184
543796213 127503182
833371782 127503182
834078209 127503182
61263650 127503182
44795941 127503182
145693563 127503182
777533959 127503182
694774783 129679129
694774783 127503182
134653524 127503182
134653524 700924049
833861559 127503182
630571427 127503182
510838122 127503182
111459040 833319096
111459040 127503182
833374328 127503182
545922034 795143718
545922034 833373978
545922034 127503182
80771766 127503182
521864394 217225841
521864394 833373978
521864394 57462461
521864394 127503182
167731056 127503182
233466398 127503182
177131774 127503182
177131774 694784081
834089857 127503182
211533030 497889508
211533030 217225841
211533030 833398193
211533030 127503182
217225563 127503182
368930607 127503182
212689125 127503182
57367531 127503182
599303091 127503182
834064483 127503182
834093958 127503182
694778482 127503182
497889508 127503182
700924049 545922034
700924049 127503182
700924049 833374056
700924049 134653524
700924049 541059434
537136600 127503182
209981060 127503182
833861534 127503182
833371494 127503182
834111034 127503182
834085097 127503182
302687738 211533030
302687738 127503182
510797184 217225841
510797184 129679129
510797184 127503182
82612171 127503182
834059754 127503182
377348566 127503182
123136734 217225841
123136734 302687738
123136734 833373978
123136734 521864394
123136734 694784081
123136734 129679129
123136734 89086200
123136734 127503182
834109136 127503182
833398193 694784081
833398193 127503182
833398193 211533030
795143718 833373978
795143718 129679129
795143718 127503182
60187995 127503182
420454907 127503182
833319096 129679129
833319096 599303091
833319096 833371782
833319096 630571427
833319096 145693563
833319096 510797184
833319096 497889508
833319096 833861534
833319096 421458285
833319096 833373978
833319096 57462461
833319096 510118197
833319096 694784081
833319096 231723005
833319096 833374056
833319096 217225563
833319096 302687738
833319096 833861559
833319096 833374552
833319096 127503182
833319096 111459040
833319096 82612171
305108723 127503182
421458285 127503182
646990154 127503182
834062503 127503182
509566996 127503182
226096122 127503182
834092334 127503182
89086200 217225841
89086200 599303091
89086200 833373978
89086200 545922034
89086200 127503182
89086200 129679129
89086200 694784081
834061073 834087044
834061073 834061076
834061073 127503182
834087776 127503182
129679129 217225841
129679129 795143718
129679129 833373978
129679129 127503182
129679129 123136734
129679129 89086200
129679129 694784081
833374552 694784081
833374552 127503182
105031392 127503182
325125991 127503182
541059434 700924049
541059434 127503182
834071292 127503182
834087044 127503182
834087044 833373978
57462461 223684822
57462461 217225841
57462461 833373978
57462461 521864394
57462461 694784081
57462461 129679129
57462461 815466874
57462461 127503182
57462461 833319096
694784081 833398193
694784081 833319096
694784081 177131774
694784081 127503182
694784081 833374552
694784081 129679129
694784081 694774783
