814943565 129366493
36625092 235584755
36625092 127396945
137041390 127396945
694772744 177049455
579005778 2254778
579005778 54623033
579005778 19813785
579005778 579029874
579005778 127396945
579005778 35802596
579005778 30645866
323602381 127396945
35657732 127396945
35657732 10762039
579037311 127396945
14209096 18381153
14209096 127396945
578978963 30645866
578978963 127396945
578753169 127396945
152435106 127396945
299974399 127396945
7508017 127396945
127396945 18381153
55811150 579034270
55811150 127396945
836611622 52712808
385490999 127396945
269700500 127396945
511585833 35802596
511585833 127396945
578763009 138468954
578763009 127396945
578763009 30645866
18381153 10762039
18381153 127396945
316797757 127396945
55902618 579198093
55902618 578825955
55902618 138468954
55902618 2254778
55902618 579005778
55902618 30645866
55902618 127396945
46975245 127396945
579024768 127396945
538814955 127396945
272189270 127396945
166580407 127396945
51637495 127396945
54237294 127396945
206666866 15737314
206666866 127396945
32482907 18381153
32482907 127396945
52712808 836611622
52712808 127396945
177213713 127396945
22224837 15737314
22224837 127396945
579198093 127396945
52446334 127396945
52446334 30645866
369049035 127396945
578825955 127396945
364654438 127396945
19813785 579198093
19813785 54623033
19813785 2254778
19813785 36625092
19813785 138468954
19813785 579005778
19813785 30645866
19813785 35802596
19813785 127396945
578811981 127396945
130188099 127396945
144748624 18381153
144748624 127396945
261303992 127396945
54623033 127396945
2254778 19813785
2254778 127396945
35802596 19813785
35802596 127396945
299537060 127396945
345838869 127396945
48643556 15737314
48643556 127396945
448187243 127396945
15737314 206666866
15737314 22224837
15737314 10762039
15737314 46945911
15737314 48643556
15737314 127396945
579029874 30645866
579029874 127396945
165012416 127396945
138468954 127396945
578828537 127396945
307202970 127396945
166585742 127396945
166585742 18381153
10762039 15737314
10762039 127396945
10762039 35657732
177049455 694772744
177049455 127396945
30645866 579005778
30645866 741386290
30645866 578825955
30645866 235584755
30645866 55902618
30645866 52446334
30645866 578978963
30645866 35802596
30645866 127396945
238332412 30645866
238332412 578825955
238332412 579005778
238332412 138468954
238332412 127396945
741386290 30645866
579034270 55811150
579034270 127396945
14899804 127396945
235584755 36625092
235584755 127396945
235584755 30645866
129366493 814943565
129366493 127396945
284289960 127396945
578988543 127396945
579327916 127396945
57235932 127396945
142585685 127396945
163886980 18381153
163886980 127396945
23475133 127396945
