328134879 57650579
328134879 60401540
328134879 32109397
238994527 57650579
238994527 32109397
60401540 57650579
60401540 32109397
60401540 328134879
57650579 295336263
57650579 152817957
57650579 57585645
57650579 110831259
57650579 298850072
57650579 205885314
57650579 45161843
57650579 9979348
57650579 421542817
57650579 58412892
57650579 497026899
57650579 32109397
57650579 221190547
57650579 60401540
57650579 58360825
57650579 328134879
57650579 238994527
57650579 298851199
32109397 58412892
32109397 110831259
32109397 57650579
32109397 421542817
32109397 60401540
32109397 328134879
32109397 238994527
221190547 32109397
221190547 497026899
221190547 57650579
9979348 57650579
152817957 57650579
421542817 57650579
421542817 32109397
57585645 57650579
295336263 57650579
58360825 497026899
58360825 57650579
497026899 58360825
497026899 57650579
205885314 57650579
58412892 57650579
45161843 57650579
298851199 57650579
298851199 57585645
298850072 57650579
110831259 57650579
