128086110 97137345
128086110 57959458
54684925 152956826
54684925 215757790
54684925 16672359
54684925 10075640
54684925 97137345
58183272 298852070
58183272 152594760
58183272 155042128
58183272 16672359
58183272 215757790
58183272 54684925
58183272 57959458
58183272 10075640
58183272 34235421
152818657 155042128
152818657 152921324
152818657 215757790
152818657 34235421
152818657 10075640
478818922 152723929
478818922 179856311
478818922 155042128
478818922 45213959
478818922 152892868
478818922 215757790
478818922 152921324
478818922 10075640
125619243 215757790
125619243 34235421
125619243 57959458
298852070 58183272
152668917 57959458
152565431 215757790
152594760 476048992
152594760 58183272
152594760 10075640
58445957 215757790
9114069 215757790
9114069 10075640
9114069 34235421
127482673 215757790
421515278 10075640
421515278 215757790
58051451 215757790
215757790 478818922
215757790 19017410
215757790 155042128
215757790 58108547
215757790 687339750
215757790 149533755
215757790 58183272
215757790 421472547
215757790 152921324
215757790 54684925
215757790 57959458
155042128 478818922
155042128 215757790
155042128 21991668
21991668 45213959
21991668 215757790
21991668 64664580
21991668 421472547
21991668 155042128
21991668 125619243
21991668 58364720
21991668 78282737
21991668 57959458
21991668 10075640
21991668 34235421
58364720 215757790
49179643 128086110
49179643 155042128
49179643 478818922
49179643 215757790
81377665 57959458
81377665 215757790
198794822 155042128
58108547 459509084
58108547 476048992
58108547 64664580
58108547 478818922
58108547 45213959
58108547 36689158
58108547 215757790
58108547 43968217
447694860 215757790
152911939 10075640
129996102 78282737
129996102 57643274
129996102 10075640
129996102 57959458
687339750 10075640
687339750 215757790
285439864 215757790
64664580 215757790
64664580 10075640
218101170 215757790
167809848 215757790
15664582 57959458
80328201 571355932
36689158 155042128
36689158 478818922
36689158 58108547
36689158 215757790
36689158 152921324
36689158 43968217
36689158 10075640
36689158 97137345
57959458 152921324
57959458 21991668
57959458 421472547
57959458 478818922
57959458 152668917
57959458 15664582
57959458 125619243
57959458 128086110
57959458 149533755
57959458 155042128
57959458 43968217
57959458 58183272
57959458 215757790
57959458 152934153
57959458 10075640
57959458 81377665
57959458 34235421
57959458 97137345
57959458 129996102
57959458 298838230
34235421 9114069
34235421 58183272
34235421 421472547
34235421 57959458
34235421 125619243
162800752 215757790
581155558 10075640
581155558 28777023
833378616 215757790
78282737 10075640
78282737 34235421
78282737 97137345
152934153 152929941
152934153 215757790
152934153 57959458
152934153 43968217
833336999 215757790
31272527 215757790
459509084 155042128
459509084 58108547
459509084 10075640
459509084 152921324
459509084 215757790
298849558 10075640
268469733 58364720
268469733 64664580
268469733 215757790
268469733 34235421
16672359 152892868
16672359 58183272
16672359 45213959
16672359 11947567
16672359 478818922
16672359 64664580
16672359 54684925
16672359 10075640
16672359 97137345
298838230 215757790
298838230 97137345
298838230 57959458
298838230 10075640
421547707 155042128
421547707 215757790
421485201 10075640
421485201 215757790
97137345 36689158
97137345 215757790
97137345 57959458
97137345 152668917
97137345 128086110
57643274 833336999
57643274 128732432
57643274 57643611
57643274 152542380
57643274 215757790
57643274 129996102
149533755 57959458
127792135 152723929
127792135 215757790
152956826 28777023
152956826 36689158
152956826 215757790
152956826 54684925
152929941 45213959
152929941 215757790
152929941 58108547
152929941 478818922
152929941 127792135
145190515 10075640
145190515 215757790
833958259 215757790
43968217 28777023
43968217 155042128
43968217 215757790
43968217 152934153
43968217 58364720
43968217 58108547
43968217 10075640
43968217 57959458
476048992 58108547
476048992 127482673
476048992 215757790
179856311 155042128
179856311 478818922
179856311 215757790
581027169 215757790
19017410 215757790
152921950 215757790
152892868 215757790
57643611 57643274
421472547 57959458
421472547 34235421
421472547 10075640
152534630 215757790
152534630 10075640
580872079 215757790
152921324 478818922
152921324 459509084
152921324 155042128
152921324 215757790
152921324 421485201
152921324 36689158
152921324 152818657
152921324 601731386
152921324 10075640
152921324 57959458
10075640 37932887
10075640 14963786
10075640 98022407
10075640 78282737
10075640 152911939
10075640 421515278
10075640 16672359
10075640 421472547
10075640 9114069
10075640 57959458
10075640 215757790
10075640 152921324
10075640 112104465
10075640 145190515
10075640 581155558
10075640 54684925
10075640 478818922
10075640 45213959
10075640 58183272
10075640 152534630
10075640 298849558
10075640 28777023
10075640 152904664
10075640 43968217
10075640 64664580
10075640 58445957
10075640 833336999
10075640 127482673
10075640 459509084
10075640 58149527
10075640 34838475
10075640 58108547
10075640 421485201
10075640 152594760
10075640 580872079
10075640 155042128
10075640 421547707
10075640 581027169
10075640 152723929
10075640 833314189
10075640 36689158
10075640 152818657
10075640 152929941
10075640 634000785
10075640 687339750
10075640 49179643
10075640 218101170
10075640 81377665
10075640 97137345
10075640 129996102
10075640 298838230
37932887 215757790
37932887 10075640
112104465 10075640
128732432 57643274
14963786 155042128
14963786 215757790
14963786 10075640
152904664 10075640
98022407 215757790
98022407 10075640
152542380 127792135
152542380 57643274
152542380 215757790
578768625 215757790
45213959 478818922
45213959 155042128
45213959 16672359
45213959 215757790
45213959 21991668
45213959 34235421
45213959 10075640
