152729524 77158066
152729524 65397468
152729524 6970090
152729524 134310865
421457808 6970090
421457808 134310865
421457808 82111627
421457808 77158066
421457808 326864420
421457808 74863114
833318872 73198614
833310311 73198614
833310311 326864537
157792501 6970090
636876362 6970090
119948680 69077290
57171924 326864420
57171924 6970090
57171924 326864537
57171924 25373951
38089520 326864420
38089520 6970090
38089520 5827094
38089520 300310399
38089520 326864537
36706902 72843371
36706902 300310399
36706902 221190547
36706902 5330402
326864537 326864420
326864537 25373951
82116636 326864420
82116636 134310865
82116636 6970090
82116636 92849443
55249062 5827094
55249062 300310399
55249062 73198614
55249062 69077290
55249062 298848686
55249062 25373951
55249062 833310311
55249062 326864420
55249062 326864537
387171620 300310399
387171620 72843371
387171620 828444571
387171620 6970090
387171620 25373951
387171620 149545979
5330402 6970090
5330402 300310399
5330402 72843371
5330402 36706902
149545979 828444571
149545979 78238438
149545979 65397468
149545979 833310311
149545979 72843371
149545979 387171620
149545979 326864420
149545979 55249062
149545979 362983588
149545979 73198614
149545979 25373951
149545979 326864537
73198614 25373951
73198614 300310399
73198614 72843371
73198614 19936180
73198614 152677870
73198614 69077290
73198614 326864420
73198614 34190360
73198614 223851688
73198614 833318872
73198614 298848686
73198614 5827094
73198614 833310311
73198614 6970090
73198614 55249062
69077290 119948680
69077290 152677870
69077290 5827094
69077290 72843371
69077290 19936180
69077290 25373951
69077290 73198614
69077290 362983588
69077290 55249062
5827094 38089520
5827094 6970090
5827094 92849443
5827094 37080791
5827094 326864420
5827094 34190360
5827094 65397468
5827094 152677870
5827094 72843371
5827094 69077290
5827094 19936180
5827094 152681753
5827094 25373951
5827094 73198614
5827094 55249062
82126929 77158066
82126929 82111627
82126929 65397468
82126929 6970090
82126929 134310865
82126929 74863114
77158066 82126929
77158066 82111627
77158066 65397468
77158066 92849443
77158066 6970090
77158066 134310865
82111627 77158066
82111627 82126929
82111627 65397468
82111627 6970090
82111627 134310865
82111627 37080791
82111627 19936180
82111627 421457808
102280083 833310311
72843371 37080791
72843371 214285306
72843371 5827094
72843371 221190547
72843371 300310399
72843371 134310865
72843371 6970090
72843371 31343115
72843371 69077290
72843371 421457808
72843371 387171620
72843371 149545979
72843371 36706902
72843371 298848686
72843371 25373951
72843371 5330402
72843371 73198614
298848686 72843371
298848686 326864537
298848686 6970090
298848686 74863114
298848686 298838230
298848686 55249062
298848686 73198614
298848686 25373951
78238438 6970090
221190547 326864420
221190547 833310311
221190547 36706902
221190547 72843371
37080791 300310399
37080791 6970090
37080791 82111627
37080791 5827094
37080791 72843371
37080791 421457808
152432959 833318872
152501410 326864537
152501410 326864420
152501410 77158066
60280190 6970090
60280190 362983588
41620991 6970090
326864420 6970090
326864420 73198614
326864420 25373951
326864420 326864537
298838230 298848686
223851688 6970090
223851688 73198614
74863114 6970090
74863114 82126929
74863114 300310399
74863114 421457808
74863114 298848686
300310399 37080791
300310399 387171620
300310399 74863114
300310399 326864420
300310399 6970090
300310399 60280190
300310399 38089520
300310399 72843371
300310399 326864537
300310399 36706902
300310399 833318872
300310399 25373951
300310399 5330402
300310399 73198614
300310399 362983588
300310399 55249062
300310399 65393165
152681753 326864420
152681753 6970090
152681753 326864537
152681753 5827094
92849443 77158066
92849443 6970090
134310865 82111627
134310865 77158066
134310865 6970090
6970090 326864420
6970090 82126929
6970090 65397468
6970090 134310865
6970090 5827094
6970090 19936180
152677870 326864420
152677870 5827094
152677870 69077290
152677870 19936180
152677870 73198614
74586779 326864420
74586779 6970090
74586779 134310865
25373951 72843371
25373951 6970090
25373951 69077290
25373951 152677870
25373951 5827094
25373951 326864537
25373951 300310399
25373951 421489174
25373951 828444571
25373951 298848686
25373951 326864420
25373951 149545979
25373951 833310311
25373951 73198614
25373951 55249062
34190360 5827094
34190360 19936180
34190360 73198614
31343115 6970090
31343115 72843371
31343115 134310865
31343115 326864420
31343115 326864537
214285306 65397468
214285306 6970090
214285306 72843371
152435799 6970090
223766020 77158066
223766020 6970090
65397468 77158066
65397468 326864420
65397468 82126929
65397468 152729524
65397468 82111627
65397468 6970090
65397468 214285306
65397468 5827094
65397468 149545979
421511080 6970090
421511080 134310865
19936180 5827094
19936180 6970090
19936180 82111627
19936180 34190360
19936180 152677870
19936180 69077290
19936180 73198614
421499354 326864420
362983588 69077290
362983588 300310399
362983588 60280190
362983588 6970090
362983588 55249062
65393165 6970090
65393165 300310399
49485004 152681753
49485004 6970090
39612573 326864420
39612573 326864537
39612573 421489174
