55023574 15760442
152602158 5079722
321238888 9501017
11621766 93327536
11621766 39071706
49659211 5079722
57476880 16523641
7471989 115392817
7471989 9501017
7471989 31300581
7471989 421498129
7471989 37591674
7471989 16523641
7471989 421465264
7471989 58993678
179836536 5079722
152924430 5079722
185141434 58993678
152838656 5079722
13825391 58446463
13825391 5079722
126777033 5079722
32661684 5079722
32661684 37591674
25802668 15760442
25802668 101789228
25802668 39428520
754573962 5079722
39071706 11621766
152857538 5079722
152524347 15760442
152524347 16523641
191874713 5079722
44801190 5079722
44801190 39428520
58993678 208481795
58993678 52039810
58993678 80768682
58993678 78282737
58993678 185141434
58993678 5079722
58993678 15760442
58993678 7471989
133019865 5079722
421491784 5079722
93327536 24486761
93327536 11621766
93327536 5079722
298831803 58446463
298831803 5079722
177628302 5079722
177628302 16523641
101789228 5079722
101789228 37591674
101789228 39428520
101789228 31300581
104820830 5079722
31300581 37591674
31300581 101789228
31300581 5079722
31300581 7471989
37591674 92268002
37591674 32661684
37591674 101789228
37591674 16523641
37591674 31300581
37591674 80768682
37591674 7471989
58446463 13825391
58446463 5079722
58446463 298831803
103478830 9923672
103478830 5079722
103478830 27758671
115392817 7471989
39428520 5079722
39428520 101789228
52039810 16523641
52039810 58993678
54638722 5079722
54638722 16523641
78282737 5079722
78282737 39428520
24486761 93327536
24486761 5079722
136589651 5079722
9923672 5079722
58183911 421465264
58183911 5079722
58183911 421498129
421498129 58183911
421498129 16523641
421498129 421465264
421498129 298849131
421498129 7471989
38012724 5079722
31343115 5079722
9501017 321238888
9501017 5079722
9501017 16523641
9501017 7471989
421465264 58183911
421465264 16523641
421465264 7471989
152474662 58018348
152474662 5079722
41417263 5079722
5405305 133616464
5079722 177628302
5079722 41417263
5079722 101789228
5079722 24486761
5079722 208481795
5079722 9923672
5079722 54638722
5079722 54336507
5079722 152838656
5079722 85833675
5079722 78282737
5079722 152857538
5079722 210367008
5079722 16523641
5079722 38012724
5079722 58993678
85833675 5079722
65606757 15760442
65606757 5079722
65606757 78282737
65606757 16523641
812470381 5079722
16523641 5079722
16523641 152524347
16523641 54638722
16523641 9501017
16523641 37591674
16523641 126777033
16523641 24486761
16523641 39428520
16523641 421465264
16523641 52039810
16523641 177628302
16523641 57476880
16523641 7471989
16523641 152474662
74368971 5079722
74368971 39428520
210367008 5079722
58018348 5079722
58018348 152474662
15760442 25802668
15760442 65606757
15760442 152524347
15760442 55023574
15760442 58993678
27758671 103478830
208481795 58993678
208481795 5079722
80768682 37591674
80768682 58993678
