23011503 145457024
23011503 10784409
23011503 82643211
23011503 152575946
23011503 52572606
23011503 89095318
23011503 133788651
23011503 145458546
192322465 176741194
152937331 80497299
152937331 152446907
152937331 57652390
152937331 813394152
152937331 89095318
57651715 152811792
133788651 145457024
133788651 23011503
133788651 152937331
133788651 32555912
133788651 57652390
133788651 152954989
133788651 152912290
133788651 82643211
133788651 21112052
133788651 25539012
133788651 89095318
133788651 210282196
133788651 19850424
133788651 152575946
130329622 152937331
130329622 10784409
130329622 145458546
152726585 152808701
152726585 152937331
152726585 32555912
9116942 192322465
152575946 23011503
152575946 10784409
152575946 82643211
152575946 89095318
152575946 133788651
152575946 145458546
540766217 224313687
32555912 19850424
32555912 133788651
32555912 10784409
32555912 152811792
128935887 152876347
210282196 152446581
210282196 152954989
210282196 152912290
210282196 152876347
210282196 37121820
210282196 133788651
210282196 57652390
210282196 89095318
210282196 145458546
38366759 94104271
21112052 71743193
21112052 152954989
21112052 37121820
21112052 133788651
80497299 152937331
80497299 152446907
80497299 89095318
80497299 19850424
152876347 23011503
152876347 128935887
152876347 57652390
152876347 99810349
152876347 210282196
152912290 210282196
152912290 133788651
94104271 152726585
71743193 21112052
108107129 10784409
57652390 152937331
57652390 152876347
57652390 133788651
57652390 210282196
152660493 89095318
145457024 23011503
145457024 10784409
145457024 82643211
145457024 37121820
145457024 19850424
19850424 80497299
19850424 152474857
19850424 89095318
57579250 152726585
57579250 37121820
58149311 82643211
58149311 176741194
89095318 23011503
89095318 152912290
89095318 82643211
89095318 152660493
89095318 152575946
89095318 37121820
89095318 19850424
89095318 133788651
89095318 32555912
89095318 10784409
89095318 210282196
224313687 601637356
224313687 390109991
224313687 540766217
82643211 145457024
82643211 23011503
82643211 152575946
82643211 37121820
82643211 89095318
82643211 133788651
82643211 58149311
52572606 145457024
52572606 23011503
152808701 133788651
152954989 152937331
152954989 21112052
152954989 210282196
152954989 133788651
25539012 133788651
813394152 152937331
813394152 152726585
813394152 152446907
813394152 742589123
57645630 390109991
57645630 71743193
57645630 152811792
390109991 224313687
390109991 756867101
390109991 57645630
152446581 152876347
152446581 52572606
152446581 210282196
152446907 80497299
152446907 152937331
152446907 813394152
152446907 742589123
10784409 145457024
10784409 23011503
10784409 108107129
10784409 152575946
10784409 130329622
10784409 37121820
10784409 32555912
10784409 89095318
10784409 145458546
37121820 145457024
37121820 128935887
37121820 319190431
37121820 152631327
37121820 10784409
37121820 82643211
37121820 131568971
37121820 21112052
37121820 89095318
37121820 27123503
37121820 210282196
37121820 19850424
37121820 94104271
37121820 58149311
37121820 57645630
145458546 152575946
145458546 23011503
145458546 10784409
145458546 130329622
145458546 210282196
152811792 152876347
152811792 742589123
152811792 152726585
152811792 57651715
152811792 57645630
176741194 58149311
176741194 58320483
176741194 192322465
