59443514 109564954
59443514 73577836
73577836 129066344
73577836 400317660
73577836 109564954
73577836 289192327
73577836 421479752
73577836 449349666
73577836 216075344
73577836 269158240
73577836 19639356
73577836 216085356
73577836 289208835
73577836 156440648
73577836 235584755
73577836 456417380
73577836 49286009
73577836 159821527
73577836 289185861
73577836 528310448
73577836 73655125
73577836 453391918
73577836 630395117
73577836 135625637
73577836 298803884
73577836 135170331
73577836 81517245
73577836 9065440
73577836 68035133
73577836 307237058
73577836 163980439
73577836 359677370
73577836 364496002
73577836 546913937
73577836 59443514
73577836 289182053
73577836 268889462
73577836 155584858
73577836 741482780
73577836 200089209
73577836 321749393
73577836 144760898
1971314 73577836
135170331 73577836
359677370 73577836
359677370 421479752
359677370 109564954
528310448 73577836
269158240 73577836
298803884 73577836
298803884 144760898
448048465 528947818
448048465 321749393
25104683 73577836
234978569 144760898
234978569 49286009
111278814 28073471
400317660 73577836
9065440 73577836
453391918 73577836
73655125 129066344
73655125 73577836
156440648 81517245
156440648 73577836
364496002 73577836
159821527 289182053
159821527 73577836
200089209 73577836
571796214 73577836
289182053 159821527
289182053 73577836
268889462 73577836
289208835 73577836
33186568 129066344
33186568 73577836
71622465 235584755
578895 29020374
578895 73577836
321749393 235584755
321749393 73577836
321749393 448048465
447998421 73577836
129066344 73655125
129066344 19639356
139445699 73577836
421479752 359677370
421479752 73577836
49286009 234978569
49286009 73577836
216085356 73577836
135625637 73577836
289185861 73577836
546913937 73577836
630395117 73577836
19639356 129066344
19639356 73577836
216075344 73577836
741482780 144760898
741482780 73577836
163980439 73577836
449349666 235584755
449349666 73577836
81517245 73577836
674388912 73577836
11000756 73577836
307237058 144760898
307237058 73577836
116096028 73577836
235584755 71622465
235584755 449349666
235584755 73577836
235584755 321749393
155584858 73577836
144760898 741482780
144760898 73577836
144760898 298803884
144760898 307237058
109564954 359677370
109564954 59443514
109564954 73577836
289192327 73577836
