152534006 19540010
529826855 19540010
602738834 421465928
56581302 19540010
39525304 19540010
32910592 19540010
152709780 19540010
756578642 19540010
58493076 19540010
642260018 19540010
534752657 19540010
137195671 19540010
836611475 19540010
805326191 19540010
50652453 19540010
58179202 19540010
833479627 19540010
131969716 19540010
541461116 19540010
52389297 19540010
52389297 4508477
457259890 19540010
105466022 19540010
630992825 19540010
226141670 19540010
541457583 19540010
421465928 602738834
511139628 19540010
57637379 19540010
834665704 19540010
611037684 19540010
58135226 19540010
4508477 52389297
4508477 19540010
4508477 57652539
82652139 19540010
128241573 19540010
128241573 97087018
58274330 19540010
581819048 19540010
57652539 19540010
57652539 4508477
57652539 58179202
57652539 97087018
581429944 19540010
58389313 19540010
111010900 19540010
11033158 19540010
67731191 19540010
67731191 152724917
152694620 19540010
581155361 19540010
130377171 19540010
128732582 19540010
58015433 19540010
836611394 19540010
310429709 19540010
54087798 19540010
58372139 19540010
58266284 19540010
581251417 19540010
457081652 19540010
50854265 19540010
630829245 19540010
601726660 19540010
501121166 19540010
7438406 19540010
756530742 19540010
97087018 19540010
97087018 57652539
97087018 128241573
459314390 19540010
812486783 19540010
299679369 19540010
299171001 19540010
130007306 19540010
152724917 19540010
152724917 67731191
3839000 19540010
833804935 19540010
170883367 19540010
581458940 19540010
49299444 19540010
72074977 19540010
74215481 19540010
15798828 19540010
