696293284 32215305
98559751 123486175
58362958 123486175
58362958 185018520
58257840 273320692
58257840 123486175
58257840 155090327
58257840 57649139
58257840 362983588
58257840 185018520
649953964 16523641
649953964 123486175
649953964 619752895
649953964 28058172
649953964 362983588
649953964 218297190
649953964 58009761
649953964 152714126
24527456 123486175
24527456 152714126
24527456 16523641
152544311 123486175
152544311 185018520
152544311 57649139
32215305 696293284
32215305 123486175
65292021 126994208
65292021 421490291
65292021 152447590
65292021 58160930
57649139 185018520
57649139 123486175
57649139 155090327
57649139 152544311
57649139 58257840
15491392 123486175
102345413 123486175
102345413 185018520
785136780 123486175
785136780 155090327
785136780 185018520
152596505 273320692
152596505 123486175
152596505 185018520
455987235 123486175
455987235 225411396
152727514 123486175
148505914 58160930
36689158 619752895
36689158 218297190
36689158 123486175
36689158 138573066
368603898 123486175
421490291 123486175
155020138 126994208
155020138 58160930
28058172 123486175
28058172 16523641
28058172 78282737
28058172 31343115
28058172 8419185
28058172 218297190
28058172 152449404
28058172 362983588
28058172 649953964
273320692 152596505
273320692 185018520
273320692 123486175
138573066 218297190
138573066 123486175
138573066 78282737
834133596 123486175
45161827 123486175
273338518 123486175
273338518 185018520
78282737 138573066
129378375 123486175
219586597 123486175
225411396 455987235
152447590 65292021
140187865 123486175
679983216 123486175
679983216 218297190
679983216 16523641
17536500 123486175
17536500 185018520
58160930 148505914
58160930 126994208
58160930 155020138
58160930 57650469
58160930 65292021
58160930 152593084
58160930 58488246
638099077 123486175
638099077 218297190
611096397 218297190
152565274 123486175
152565274 163543991
8419185 28058172
152449404 218297190
152449404 28058172
31343115 123486175
31343115 218297190
31343115 28058172
185018520 58257840
185018520 14963786
185018520 421455363
185018520 123486175
185018520 17536500
185018520 58362958
185018520 16523641
185018520 273320692
185018520 785136780
185018520 152596505
185018520 57649139
58488246 57650469
58488246 123486175
58488246 148505914
58488246 58160930
218297190 123486175
218297190 78282737
218297190 36689158
218297190 138573066
57650469 126994208
57650469 58160930
57650469 58488246
152714126 123486175
152714126 24527456
152714126 649953964
152714126 362983588
152731637 16523641
155090327 785136780
155090327 58257840
155090327 123486175
155090327 57649139
163543991 421455363
421455363 16523641
421455363 185018520
421455363 163543991
131749031 123486175
16523641 129378375
16523641 152731637
16523641 152934319
16523641 421455363
16523641 24527456
16523641 185018520
16523641 28058172
16523641 679983216
16523641 362983588
16523641 649953964
123486175 52577269
123486175 273320692
123486175 421490291
123486175 58257840
123486175 102345413
123486175 14963786
123486175 185018520
123486175 28058172
123486175 138573066
362983588 152714126
362983588 123486175
362983588 16523641
362983588 28058172
274992613 123486175
152593084 58160930
32538357 123486175
14963786 123486175
14963786 185018520
25806049 16523641
25806049 123486175
126994208 155020138
126994208 57650469
126994208 58160930
52577269 123486175
52577269 185018520
756503911 218297190
756503911 123486175
