60138046 116128817
60138046 127514505
305166927 127514505
292134145 127514505
218159648 127514505
156355074 127514505
687339750 127514505
59203988 127514505
116128817 60138046
218106258 127514505
822334448 127514505
221805300 127514505
299373092 127514505
154885232 127514505
442202962 127514505
316929624 127514505
110993419 127514505
14373464 218159648
14373464 127514505
154858670 127514505
85170667 127514505
351000663 127514505
4133205 127514505
274067459 127514505
11598201 49282880
268517715 127514505
497831695 127514505
58125340 127514505
601948818 127514505
302149242 127514505
357467724 127514505
58392211 127514505
