24084714 32596231
24084714 210228106
24084714 152927630
24084714 49590800
24084714 21241012
24084714 24434292
24084714 57644829
24084714 152929022
24084714 210261336
24084714 31818229
24084714 152931065
24084714 44761290
24084714 39601250
24084714 2130366
24084714 29384559
24084714 57589951
24084714 18035898
24084714 57652361
24084714 38597536
24084714 133754544
24084714 152820301
24084714 57650754
24084714 152593449
152601110 21241012
152601110 39601250
49590800 24434292
49590800 57644829
49590800 57645880
49590800 31818229
49590800 24084714
49590800 57646513
57645880 57644923
57645880 49590800
57645880 21241012
57645880 57645725
57645880 57644829
57645880 152833877
57645880 31818229
57645880 22376309
57645880 29384559
57645880 501147854
57645880 57759432
57645880 57589951
57645880 18035898
57645880 57650754
152833877 225718053
152833877 128851975
152833877 57644829
152833877 57645880
152833877 57651951
152833877 57650754
152833877 152593449
57649365 152927630
57649365 24434292
57649365 57654232
57649365 57644829
57649365 31818229
57649365 39601250
57649365 29384559
57649365 57650754
38090385 57645725
38090385 57650754
806332156 29384559
2130366 57644829
2130366 24084714
29384559 225718053
29384559 210228106
29384559 57644923
29384559 21241012
29384559 24434292
29384559 57654232
29384559 806332156
29384559 57645725
29384559 57644829
29384559 57645880
29384559 152929022
29384559 31818229
29384559 22376309
29384559 152726757
29384559 39601250
29384559 57651951
29384559 57649365
29384559 24084714
29384559 152905397
29384559 501147854
29384559 57759432
29384559 57646513
29384559 57589951
29384559 38597536
29384559 58316117
29384559 57650754
29384559 152593449
57650754 24434292
57650754 57654232
57650754 57644829
57650754 57645725
57650754 38090385
57650754 57644923
57650754 29384559
57650754 152927630
57650754 57649365
57650754 21241012
57650754 57759432
57650754 31818229
57650754 57645880
57650754 24084714
57650754 155828276
57650754 210228106
57650754 57652361
57650754 128851975
57650754 152931065
57650754 225718053
57650754 139053423
57650754 152726757
57650754 57646513
57650754 57589951
57650754 210261336
57650754 58316117
57650754 580932154
57650754 501147854
57650754 152833877
57650754 298838502
57650754 1800683
57650754 806332156
57650754 152593449
210261336 57645725
210261336 31818229
210261336 24084714
210261336 57650754
39601250 32596231
39601250 1800683
39601250 21241012
39601250 57645725
39601250 29384559
39601250 57649365
39601250 24084714
39601250 152601110
152726757 57644829
152726757 29384559
152726757 133754544
152726757 57650754
581635849 57644829
57645725 32596231
57645725 57644923
57645725 21241012
57645725 24434292
57645725 57644829
57645725 57645880
57645725 210261336
57645725 31818229
57645725 39601250
57645725 58147790
57645725 57651951
57645725 29384559
57645725 57589951
57645725 18035898
57645725 38090385
57645725 57650754
581128220 21241012
57644923 21241012
57644923 57645725
57644923 57644829
57644923 57645880
57644923 31818229
57644923 29384559
57644923 57589951
57644923 38597536
57644923 57650754
57644923 152593449
57651951 21241012
57651951 57645725
57651951 57644829
57651951 152833877
57651951 31818229
57651951 29384559
57651951 57759432
57651951 57646513
57651951 57652361
57651951 136596678
57759432 21241012
57759432 57645880
57759432 57651951
57759432 29384559
57759432 57589951
57759432 57650754
581309572 21241012
128851975 21241012
128851975 152833877
128851975 57650754
152929022 225718053
152929022 21241012
152929022 31818229
152929022 29384559
152929022 24084714
152929022 152905397
152929022 139053423
772205662 152931065
22376309 21241012
22376309 57654232
22376309 57645880
22376309 29384559
22376309 136596678
58147790 21241012
58147790 57645725
501147854 21241012
501147854 57645880
501147854 29384559
501147854 57650754
210228106 21241012
210228106 57644829
210228106 29384559
210228106 24084714
210228106 57650754
57650052 21241012
57650052 57644829
18035898 57645725
18035898 57645880
18035898 24084714
31818229 1800683
31818229 57644923
31818229 49590800
31818229 21241012
31818229 57645725
31818229 57644829
31818229 57645880
31818229 152929022
31818229 210261336
31818229 580932154
31818229 57651951
31818229 29384559
31818229 57649365
31818229 24084714
31818229 38597536
31818229 133754544
31818229 57650754
31818229 581128220
1800683 31818229
1800683 39601250
1800683 57650754
57646513 49590800
57646513 21241012
57646513 57644829
57646513 57651951
57646513 29384559
57646513 57650754
58014174 24434292
24434292 49590800
24434292 57645725
24434292 57644829
24434292 58014174
24434292 29384559
24434292 57649365
24434292 24084714
24434292 57650754
225718053 21241012
225718053 57644829
225718053 152929022
225718053 152833877
225718053 29384559
225718053 57650754
152820301 24084714
57652361 57651951
57652361 24084714
57652361 139053423
57652361 57650754
57654232 21241012
57654232 22376309
57654232 29384559
57654232 57649365
57654232 58316117
57654232 152931065
57654232 57650754
19486588 21241012
580932154 21241012
580932154 31818229
580932154 57650754
152905397 21241012
152905397 152929022
152905397 29384559
152905397 152593449
152927630 57649365
152927630 24084714
152927630 57650754
152927630 152593449
21241012 225718053
21241012 210228106
21241012 155828276
21241012 1800683
21241012 298838502
21241012 57644923
21241012 49590800
21241012 128851975
21241012 57654232
21241012 19486588
21241012 57645725
21241012 57644829
21241012 581309572
21241012 57645880
21241012 57650052
21241012 152929022
21241012 31818229
21241012 152931065
21241012 22376309
21241012 152726757
21241012 39601250
21241012 58147790
21241012 580932154
21241012 57651951
21241012 29384559
21241012 24084714
21241012 152905397
21241012 501147854
21241012 57759432
21241012 57646513
21241012 57589951
21241012 139053423
21241012 136596678
21241012 38597536
21241012 152601110
21241012 133754544
21241012 58316117
21241012 57650754
21241012 152593449
21241012 581128220
152593449 24084714
152593449 57644923
152593449 152927630
152593449 57644829
152593449 29384559
152593449 152833877
152593449 152905397
152593449 21241012
152593449 57650754
57644829 225718053
57644829 210228106
57644829 298838502
57644829 57644923
57644829 49590800
57644829 21241012
57644829 24434292
57644829 57645725
57644829 57645880
57644829 57650052
57644829 152833877
57644829 31818229
57644829 152931065
57644829 44761290
57644829 152726757
57644829 2130366
57644829 57651951
57644829 29384559
57644829 57649365
57644829 24084714
57644829 57646513
57644829 57589951
57644829 139053423
57644829 133754544
57644829 58316117
57644829 581635849
57644829 57650754
57644829 152593449
136596678 21241012
298838502 21241012
298838502 57644829
298838502 57589951
298838502 57650754
58316117 21241012
58316117 57654232
58316117 57644829
58316117 29384559
58316117 57650754
32596231 57645725
32596231 39601250
32596231 24084714
32596231 57589951
152931065 21241012
152931065 57644829
152931065 24084714
152931065 772205662
152931065 57654232
152931065 57650754
133754544 21241012
133754544 57644829
133754544 31818229
133754544 24084714
38597536 57644923
38597536 21241012
38597536 31818229
38597536 29384559
38597536 24084714
57589951 32596231
57589951 298838502
57589951 57644923
57589951 21241012
57589951 57645725
57589951 57644829
57589951 57645880
57589951 29384559
57589951 24084714
57589951 57759432
57589951 57650754
139053423 57644829
139053423 152929022
139053423 57652361
139053423 57650754
155828276 21241012
155828276 57650754
44761290 57644829
44761290 24084714
