500098468 749804873
65412789 161467548
65412789 167717016
238994527 23816065
749804873 500098468
131087311 39612573
67315458 36630000
922808 28097253
37189181 695154952
37189181 134266728
635901726 797325526
695154952 37189181
17776767 28097253
134266728 37189181
23816065 28015569
23816065 238994527
28015569 23816065
24494752 23816065
797325526 635901726
797325526 167717016
57851329 298848677
349692317 685624365
36630000 67315458
167717016 65412789
167717016 797325526
28097253 17776767
28097253 922808
28097253 39612573
161467548 65412789
51429283 123482494
39612573 28097253
