601603777 364852364
57067985 14037490
57067985 602510685
57067985 302059157
57067985 56970559
6621963 210210645
6621963 149534280
6621963 210210255
580946820 364852364
581240600 14037490
149772573 458160904
210210645 14037490
210210645 82641941
210210645 6621963
45544604 82641941
45544604 149534280
149534280 6621963
149534280 65079331
149534280 45544604
302059157 57067985
152688628 14037490
152473836 82641941
41955780 14037490
96394637 14037490
96394637 364852364
96394637 210210255
152477040 56951617
602510685 57067985
201389692 14037490
201389692 155602976
152531182 14037490
152531182 65079331
152913869 14037490
152913869 364852364
152913869 57612925
152913869 601605117
56951617 14037490
56951617 152477040
152927584 14037490
152927584 152928470
152884803 601605117
152713174 152940701
152603797 152921530
429504113 14037490
148552317 601605117
298856378 14037490
128410593 14037490
56970559 57067985
152694665 14037490
210191357 14037490
210191357 82641941
210191357 65079331
210210255 82641941
210210255 96394637
210210255 152473836
210210255 6621963
210210255 65079331
152914634 14037490
57612925 14037490
57612925 82641941
384439398 201389692
152575595 14037490
152575595 152940701
458160904 364852364
458160904 149772573
129642005 14037490
152930206 14037490
152713682 364852364
148860237 14037490
152797867 14037490
152797867 364852364
758047932 364852364
39013263 364852364
152940701 14037490
152940701 152575595
152940701 152713174
65079331 14037490
65079331 152531182
65079331 152928470
65079331 210191357
65079331 210210255
152928470 14037490
152928470 364852364
152928470 152927584
152928470 65079331
152941356 364852364
82641941 57612925
82641941 210210645
82641941 210191357
82641941 210210255
82641941 45544604
582240065 14037490
601605117 14037490
