33689603 136983008
33689603 152931824
33689603 44754953
210199755 82553811
210199755 92009848
210199755 634606420
210199755 9626939
30910281 26863063
30910281 57612636
30910281 9626939
210191439 82553811
210191439 14746313
210191439 57649168
210191439 57612636
210191439 7810177
128503568 31983892
128503568 22424813
128503568 57612636
128503568 30382525
128503568 37602108
128503568 7810177
152834689 30382525
152834689 82553811
152834689 57588317
152834689 92009848
152834689 57643596
152834689 57612636
152834689 298850283
22424813 136983008
22424813 84110160
22424813 30382525
22424813 128503568
22424813 82553811
22424813 152921918
22424813 57596643
22424813 152957118
22424813 57648320
22424813 57588317
22424813 92009848
22424813 581884698
22424813 195383653
22424813 30910281
22424813 101081297
22424813 37602108
22424813 210221167
22424813 210191387
22424813 30658818
22424813 57612636
22424813 57645117
22424813 581682482
22424813 9626939
22424813 32088013
22424813 44754953
22424813 7810177
634606420 30382525
634606420 152481867
634606420 14746313
344558740 22424813
806242479 30382525
806242479 152907087
806242479 633973274
55019465 57648320
55019465 22424813
152905127 136983008
152905127 145450542
152905127 44754953
82553811 128502361
82553811 57649664
82553811 30382525
82553811 152834689
82553811 152957118
82553811 57648320
82553811 57588317
82553811 92009848
82553811 14746313
82553811 210186398
82553811 22424813
82553811 210191439
82553811 57643596
82553811 57589865
82553811 581797863
82553811 57645848
82553811 210221167
82553811 359366737
82553811 210199755
82553811 25617702
82553811 57612636
82553811 57645117
82553811 175151717
82553811 9626939
82553811 32088013
101081297 136983008
101081297 30382525
101081297 57588317
101081297 92009848
101081297 14746313
101081297 22424813
101081297 581797863
101081297 57612636
101081297 152931824
152934822 57649168
152934822 9626939
32088013 22424813
32088013 30382525
32088013 26863063
32088013 92009848
32088013 57588317
32088013 57643596
32088013 175151717
32088013 152808146
32088013 9626939
32088013 82553811
32088013 37602108
32088013 57649168
210191387 22424813
57643596 152732704
57643596 82553811
57643596 152834689
57643596 57645848
57643596 25617702
57643596 57645117
57643596 30382525
57643596 57648320
57643596 175151717
57643596 32088013
84110160 22424813
57612636 30382525
57612636 128503568
57612636 82553811
57612636 152921918
57612636 152834689
57612636 57648320
57612636 57588317
57612636 92009848
57612636 14746313
57612636 101081297
57612636 22424813
57612636 210191439
57612636 44759369
57612636 210221167
57612636 30658818
57612636 25617702
57612636 581996691
57612636 57645117
57612636 152931824
57612636 9626939
57612636 44754953
57612636 7810177
155851933 22424813
152671113 44754953
286796867 107662287
152680991 136983008
152680991 57649664
152680991 210186398
152680991 57649168
152680991 22424813
152680991 9626939
26863063 30382525
26863063 128503568
26863063 14746313
26863063 31983892
26863063 30910281
26863063 167848354
26863063 32088013
581884698 22424813
581884698 44754953
57648320 55019465
57648320 82553811
57648320 152957118
57648320 152907827
57648320 152481867
57648320 57649168
57648320 44759369
57648320 580960251
57648320 25617702
57648320 57612636
57648320 581996691
57648320 30382525
57648320 57643596
57648320 30658818
57648320 175151717
57648320 9626939
57648320 44754953
57648320 7810177
633973274 136983008
633973274 806242479
9626939 30658818
9626939 25617702
9626939 152934822
9626939 175151717
9626939 92009848
9626939 82553811
9626939 57645117
9626939 155850153
9626939 152957118
9626939 57612636
9626939 22424813
9626939 57645848
9626939 57648320
9626939 152931824
9626939 57588317
9626939 14746313
9626939 210221167
9626939 152732704
9626939 30910281
9626939 30382525
9626939 128502361
9626939 210199755
9626939 152680991
9626939 57596643
9626939 210186398
9626939 32088013
9626939 44754953
758011746 57649664
758011746 82553811
758011746 57588317
758011746 92009848
758011746 152671113
758011746 57645848
175151717 14746313
175151717 30382525
175151717 82553811
175151717 57643596
175151717 57645117
175151717 57588317
175151717 44759369
175151717 57648320
175151717 145450542
175151717 57649168
175151717 57649664
175151717 9626939
175151717 32088013
175151717 44754953
78103341 136983008
78103341 152931824
7810177 14746313
7810177 30382525
7810177 57612636
7810177 57648320
7810177 57649168
7810177 22424813
7810177 210191439
7810177 44754953
57649664 152680991
57649664 82553811
57649664 57588317
57649664 57649168
57649664 758011746
57649664 581797863
57649664 175151717
152520889 57649664
152520889 57588317
152520889 92009848
152520889 210186398
152520889 57649168
152520889 57612636
57589865 82553811
57589865 57649168
57589865 25617702
57589865 57612636
359366737 136983008
359366737 82553811
359366737 758011746
359366737 101081297
359366737 22424813
44754953 9626939
44754953 25617702
44754953 57612636
44754953 581884698
44754953 57588317
44754953 57648320
44754953 175151717
44754953 136983008
44754953 152934822
44754953 92009848
44754953 22424813
44754953 152931824
44754953 7810177
155850153 152921918
155850153 57612636
155850153 9626939
31983892 30382525
31983892 128503568
136983008 152905127
37602108 57596643
37602108 14746313
37602108 210186398
37602108 57649168
37602108 22424813
37602108 25617702
37602108 30382525
37602108 128503568
37602108 32088013
44759369 30382525
44759369 57648320
44759369 14746313
44759369 145450542
44759369 57612636
44759369 152931824
44759369 175151717
152931824 57645848
152931824 57612636
152931824 44759369
152931824 78103341
152931824 101081297
152931824 33689603
152931824 9626939
152931824 44754953
152655956 22424813
30382525 152732704
30382525 26863063
30382525 806242479
30382525 82553811
30382525 152834689
30382525 57588317
30382525 92009848
30382525 210186398
30382525 31983892
30382525 101081297
30382525 22424813
30382525 44759369
30382525 57645848
30382525 634606420
30382525 25617702
30382525 57612636
30382525 581996691
30382525 57645117
30382525 128502361
30382525 128503568
30382525 57648320
30382525 57643596
30382525 37602108
30382525 175151717
30382525 9626939
30382525 32088013
30382525 7810177
152808146 32088013
57596643 22424813
57596643 37602108
57596643 57612636
57596643 9626939
152957118 82553811
152957118 14746313
152957118 22424813
152957118 9626939
128502361 82553811
128502361 22424813
128502361 30382525
128502361 9626939
298850283 152834689
57645117 30382525
57645117 82553811
57645117 152957118
57645117 57588317
57645117 57649168
57645117 22424813
57645117 57643596
57645117 57645848
57645117 145450542
57645117 57612636
57645117 175151717
57645117 9626939
152907827 57648320
152732704 30382525
152732704 57649168
152732704 57643596
152732704 57645848
152732704 9626939
581797863 57649664
581797863 82553811
581797863 57588317
581797863 92009848
581797863 14746313
581797863 101081297
758017462 57612636
758017462 634606420
152907087 136983008
152907087 806242479
152907087 22424813
152907087 210221167
152735762 57588317
152735762 145450542
210186398 152680991
210186398 30382525
210186398 82553811
210186398 152520889
210186398 57588317
210186398 37602108
210186398 9626939
14746313 581810854
14746313 26863063
14746313 82553811
14746313 67968700
14746313 152957118
14746313 152481867
14746313 57588317
14746313 92009848
14746313 57649168
14746313 101081297
14746313 210191439
14746313 581797863
14746313 37602108
14746313 44759369
14746313 634606420
14746313 30658818
14746313 25617702
14746313 57612636
14746313 175151717
14746313 9626939
14746313 7810177
210221167 152907087
210221167 82553811
210221167 22424813
210221167 57612636
210221167 9626939
57588317 57649664
57588317 30382525
57588317 82553811
57588317 634015605
57588317 152834689
57588317 152481867
57588317 152520889
57588317 92009848
57588317 14746313
57588317 210186398
57588317 758011746
57588317 101081297
57588317 22424813
57588317 152735762
57588317 581797863
57588317 30658818
57588317 57612636
57588317 57645117
57588317 175151717
57588317 9626939
57588317 32088013
57588317 44754953
634015605 57588317
634015605 22424813
634015605 44759369
145450542 67968700
145450542 152905127
145450542 152735762
145450542 44759369
145450542 57645117
145450542 175151717
152921918 22424813
93075735 136983008
93075735 22424813
92009848 30382525
92009848 82553811
92009848 152834689
92009848 152520889
92009848 57588317
92009848 14746313
92009848 57649168
92009848 758011746
92009848 101081297
92009848 22424813
92009848 581797863
92009848 30658818
92009848 210199755
92009848 25617702
92009848 57612636
92009848 9626939
92009848 32088013
92009848 44754953
581810854 14746313
581996691 30382525
581996691 57648320
581996691 57612636
152481867 57648320
152481867 57588317
152481867 14746313
152481867 152581492
152481867 634606420
152581492 152481867
152581492 57588317
152581492 22424813
581962161 22424813
30658818 57588317
30658818 14746313
30658818 57649168
30658818 22424813
30658818 25617702
30658818 57612636
30658818 57648320
30658818 9626939
152921235 30382525
25617702 30382525
25617702 82553811
25617702 57648320
25617702 92009848
25617702 14746313
25617702 57643596
25617702 57589865
25617702 37602108
25617702 30658818
25617702 57612636
25617702 9626939
25617702 44754953
67968700 14746313
67968700 145450542
57649168 152732704
57649168 136983008
57649168 152680991
57649168 57649664
57649168 82553811
57649168 152934822
57649168 152520889
57649168 57648320
57649168 92009848
57649168 14746313
57649168 210191439
57649168 57589865
57649168 37602108
57649168 57645848
57649168 30658818
57649168 57612636
57649168 57645117
57649168 152931824
57649168 175151717
57649168 32088013
57649168 44754953
57649168 7810177
581682482 22424813
152501908 22424813
57645848 152732704
57645848 30382525
57645848 82553811
57645848 57649168
57645848 758011746
57645848 57643596
57645848 57645117
57645848 152931824
57645848 9626939
57645848 44754953
