56581302 175164102
56581302 31309800
56581302 23616220
152954609 175164102
152954609 152919797
210251623 175164102
210251623 58034537
210251623 152933302
210251623 112058500
210251623 95528768
210251623 152919797
210251623 23616220
152523386 175164102
152680783 175164102
129747599 75286224
129747599 175164102
152957581 152811160
152957581 175164102
152957581 31309800
175164102 58112158
175164102 152929639
175164102 19939979
175164102 57650391
175164102 210282294
175164102 152811160
175164102 152912491
175164102 58011320
175164102 152512089
175164102 42816048
175164102 85924440
175164102 541451741
175164102 120645983
175164102 152810755
175164102 152957581
175164102 152933302
175164102 32091926
175164102 112058500
175164102 95528768
175164102 75286224
175164102 152818267
175164102 152514481
175164102 11849111
175164102 57649228
175164102 97088226
175164102 581808143
175164102 19857268
175164102 18056413
175164102 129747599
58089282 175164102
218547050 175164102
139616995 175164102
152912139 175164102
210282294 152811160
210282294 175164102
58034537 152712532
58034537 152929639
58034537 152921603
58034537 127315483
58034537 175164102
58034537 152957581
58034537 152924889
58034537 152816632
58034537 210251623
65294585 57650391
65294585 175164102
65294585 75286224
65294585 19857268
65294585 23616220
152512089 57650391
152512089 175164102
112058500 152811160
112058500 175164102
152541191 175164102
155875515 57650391
155875515 152811160
155875515 210258042
155875515 175164102
155875515 32091926
155875515 75286224
155875515 31309800
155875515 152919797
75286224 19939979
75286224 85924440
75286224 175164102
75286224 65294585
75286224 18056413
75286224 23616220
75286224 129747599
152514853 57650391
152514853 175164102
152924164 175164102
152924164 152810755
152924164 152818267
152924164 19857268
581294603 175164102
19939979 175164102
19939979 75286224
19939979 23616220
152934163 42816048
152934163 175164102
152934163 58034537
152934163 31309800
152816632 175164102
1976153 23616220
95528768 175164102
95528768 112058500
152621520 175164102
11849111 57650391
11849111 175164102
11849111 23616220
57650391 58112158
57650391 152929639
57650391 152811160
57650391 152912491
57650391 152512089
57650391 57644534
57650391 58089282
57650391 175164102
57650391 541451741
57650391 536879394
57650391 32091926
57650391 152833658
57650391 152924889
57650391 152514481
57650391 155875515
57650391 152514853
57650391 31309800
57650391 11849111
57650391 65294585
57650391 23616220
57652332 175164102
57652332 34825006
57652332 152929639
57652332 19857268
57652332 23616220
120645983 175164102
120645983 210251878
581808143 175164102
58317023 175164102
50855085 175164102
34825006 152811160
34825006 175164102
34825006 541451741
34825006 23616220
34825006 129747599
152933302 57650391
152933302 210268897
152933302 210258042
152933302 175164102
152933302 210263660
152933302 152818267
152933302 152816632
152933302 31309800
152933302 152919797
152933302 23616220
152733190 175164102
152500825 175164102
32091926 57650391
32091926 152811160
32091926 58011320
32091926 175164102
32091926 152818267
32091926 155875515
32091926 18056413
32091926 23616220
58131915 152811160
58131915 175164102
58112158 57650391
58112158 175164102
58112158 31309800
127315483 175164102
536879394 57650391
536879394 580911760
536879394 175164102
18056413 85062136
18056413 75286224
18056413 175164102
18056413 85924440
18056413 152811160
18056413 32091926
85924440 175164102
85924440 75286224
85924440 18056413
85924440 23616220
152712532 175164102
58011320 175164102
58011320 32091926
58156485 175164102
58156485 19857268
10020852 175164102
155852427 175164102
42816048 175164102
42816048 23616220
57651083 152621520
57651083 57644534
57651083 175164102
57651083 152514481
57651083 11849111
57651083 581808143
210268897 175164102
210268897 23616220
210258042 175164102
210258042 152933302
210258042 155875515
210263660 175164102
210263660 152933302
152810755 152924164
152810755 175164102
325007771 175164102
23616220 75286224
23616220 65294585
23616220 152924164
23616220 1976153
23616220 19939979
23616220 32091926
23616220 85062136
23616220 42816048
23616220 34825006
23616220 210282294
23616220 11849111
23616220 112058500
23616220 175164102
23616220 210268897
23616220 97088226
23616220 152818267
23616220 152810755
23616220 152500825
23616220 152933302
23616220 152514481
23616220 50855085
23616220 210251623
23616220 152929639
23616220 85924440
23616220 152889783
152929639 152712532
152929639 57650391
152929639 175164102
152929639 58034537
152929639 19857268
152929639 57652332
152818267 175164102
152818267 152933302
152818267 32091926
152818267 112058500
152818267 97088226
152818267 19857268
152818267 23616220
152818267 129747599
210251878 175164102
210251878 120645983
210251878 31309800
223793738 175164102
152703277 175164102
154802046 127315483
97088226 210282294
97088226 152811160
97088226 175164102
97088226 152818267
97088226 23616220
152685863 175164102
581038423 175164102
85062136 19857268
85062136 18056413
541451741 34825006
541451741 175164102
57649228 152912491
57649228 175164102
580911760 175164102
580911760 536879394
56647395 175164102
152514932 152919797
298835373 175164102
19857268 175164102
19857268 152818267
19857268 210282294
19857268 155875515
19857268 152924164
19857268 152954609
19857268 58156485
19857268 152929639
19857268 152811160
19857268 65294585
19857268 85062136
19857268 57652332
152816442 152912491
152816442 175164102
97409082 175164102
31309800 58112158
31309800 57650391
31309800 152876420
31309800 175164102
31309800 152957581
31309800 152933302
31309800 56581302
31309800 155875515
31309800 210251878
31309800 152934163
152876420 175164102
152921603 58089282
152921603 175164102
152921603 58034537
152912491 57650391
152912491 175164102
152912491 152816442
152912491 57649228
57644534 57650391
57644534 175164102
152889783 152621520
152889783 23616220
152924889 57650391
152924889 175164102
152924889 57652332
152680999 175164102
152811160 57650391
152811160 210282294
152811160 34825006
152811160 175164102
152811160 58131915
152811160 152957581
152811160 32091926
152811160 112058500
152811160 97088226
152811160 19857268
152811160 18056413
152514481 57650391
152514481 175164102
152514481 23616220
152919797 152954609
152919797 175164102
152919797 152933302
152919797 155875515
152919797 152514932
152919797 210251623
152833658 57650391
