765204679 25096284
152564188 25096284
152564188 13116488
39527725 128732392
39527725 287175741
39527725 518704100
39527725 25096284
39527725 13116488
39527725 123312288
39527725 34336224
39527725 44377358
39527725 20295799
39527725 44752160
39527725 85051723
39527725 17465617
39527725 24754072
39527725 89987620
39527725 152700402
39527725 152884125
39527725 582687332
39527725 50619300
107495990 25096284
107495990 39527725
581804717 25096284
581804717 13116488
581804717 39527725
144818402 25096284
155858554 25096284
690728491 25096284
532430166 25096284
13116488 128732392
13116488 152931771
13116488 152564188
13116488 210210577
13116488 25096284
13116488 39224475
13116488 82644444
13116488 123312288
13116488 39527725
13116488 34336224
13116488 10177214
13116488 581804717
13116488 129504576
13116488 44753231
13116488 152524735
13116488 20295799
13116488 44752160
13116488 85051723
13116488 57647722
13116488 17465617
13116488 42118163
13116488 44758521
13116488 24754072
13116488 359366851
13116488 152932222
13116488 152884125
13116488 210282118
13116488 210249152
13116488 152932672
13116488 152687430
13116488 50619300
13116488 57644385
13116488 18056413
50642230 152892960
50642230 25096284
50642230 582032302
50642230 57644385
129504576 25096284
129504576 13116488
129504576 57644385
50619300 152919220
50619300 152932222
50619300 152932672
50619300 13116488
50619300 39527725
50619300 44758521
50619300 210210577
152919231 25096284
152919231 39527725
582236611 25096284
152801686 133464891
152801686 25096284
152801686 57644385
42083307 25096284
152919220 25096284
152919220 129504576
152919220 50619300
20295799 25096284
20295799 13116488
20295799 82644444
20295799 123312288
20295799 39527725
20295799 34336224
20295799 152524735
20295799 85051723
20295799 17465617
20295799 152932222
39224475 13116488
39224475 39527725
57644385 129504576
57644385 13116488
57644385 85133830
57644385 123312288
57644385 287175741
57644385 152687430
57644385 152932222
57644385 57647722
57644385 148576938
57644385 44758521
57644385 34336224
57644385 128732392
57644385 50642230
57644385 20295799
57644385 50619300
57644385 582032302
57644385 10177214
57644385 152931771
57644385 152884125
57644385 152801686
57644385 636078394
57644385 210272036
42118163 25096284
42118163 13116488
99771765 25096284
99771765 123312288
44377358 39527725
152499196 25096284
34336224 25096284
34336224 13116488
34336224 123312288
34336224 39527725
34336224 85133830
34336224 636078394
34336224 20295799
34336224 44752160
34336224 85051723
34336224 17465617
34336224 89987620
34336224 152932222
34336224 57644385
806306724 25096284
210282118 13116488
582398862 25096284
175158080 25096284
175158080 123312288
175158080 18056413
152819220 25096284
210210577 13116488
210210577 50619300
305181310 25096284
582443807 25096284
777119764 25096284
359366851 25096284
359366851 13116488
359366851 39527725
152565679 25096284
152524735 25096284
152524735 13116488
152524735 123312288
152524735 20295799
152534171 25096284
10177214 25096284
10177214 13116488
82644444 25096284
82644444 13116488
82644444 20295799
152431356 25096284
224318183 17465617
287175741 39527725
287175741 57644385
44753231 25096284
44753231 13116488
44753231 39527725
44753231 44752160
57647722 152931771
57647722 25096284
57647722 13116488
57647722 123312288
57647722 39527725
57647722 44752160
57647722 57644385
152593913 25096284
57425244 25096284
85133830 25096284
85133830 34336224
85133830 44752160
85133830 57644385
18056413 44752160
18056413 25096284
18056413 13116488
18056413 175158080
152567294 25096284
44758521 25096284
44758521 123312288
44758521 39527725
44758521 152819220
44758521 57647722
44758521 152884125
44758521 210249152
44758521 152687430
44758521 210272036
518704100 39527725
128947658 25096284
582032302 152884125
582032302 42126093
582032302 57644385
148576938 25096284
152884125 25096284
152884125 13116488
152884125 39527725
152884125 44758521
152884125 582032302
123312288 128732392
123312288 152931771
123312288 25096284
123312288 13116488
123312288 39527725
123312288 34336224
123312288 99771765
123312288 152524735
123312288 20295799
123312288 44752160
123312288 85051723
123312288 57647722
123312288 44758521
123312288 175158080
123312288 57644385
133464891 25096284
89987620 25096284
89987620 39527725
89987620 34336224
24754072 25096284
24754072 13116488
24754072 39527725
581113608 25096284
581247516 25096284
728879511 25096284
210249152 25096284
210249152 13116488
210249152 44758521
210249152 152932672
152892960 50642230
152892960 152932222
152534209 25096284
152687430 39527725
581920278 25096284
581920278 39527725
85051723 25096284
85051723 13116488
85051723 123312288
85051723 39527725
85051723 34336224
85051723 20295799
152512292 25096284
152700402 39527725
58147040 25096284
152932672 25096284
152932672 13116488
152932672 39527725
152932672 210249152
152932672 50619300
346364700 25096284
346364700 39527725
643216009 25096284
582687332 39527725
580981061 25096284
17465617 13116488
17465617 39527725
17465617 34336224
17465617 20295799
17465617 224318183
128732392 25096284
128732392 123312288
128732392 39527725
128732392 44752160
152931771 128732392
152931771 25096284
152931771 13116488
152931771 123312288
152931771 39527725
152931771 20295799
152931771 57647722
152931771 57644385
152932222 152892960
152932222 25096284
152932222 34336224
152932222 636078394
152932222 50619300
152932222 57644385
636078394 25096284
636078394 13116488
636078394 39527725
636078394 34336224
636078394 152932222
636078394 57644385
664096088 25096284
44752160 128732392
44752160 123312288
44752160 39527725
44752160 85133830
44752160 34336224
44752160 44753231
44752160 57647722
44752160 18056413
25096284 152499196
25096284 128732392
25096284 133464891
25096284 152564188
25096284 346364700
25096284 13116488
25096284 123312288
25096284 581920278
25096284 152919220
25096284 39527725
25096284 777119764
25096284 85133830
25096284 34336224
25096284 44753231
25096284 152819220
25096284 305181310
25096284 85051723
25096284 728879511
25096284 152932222
25096284 152565679
25096284 152593913
25096284 18056413
210272036 57644385
210272036 39527725
210272036 25096284
210272036 44758521
548543664 25096284
42126093 25096284
540437464 25096284
