128396009 4331550
128396009 114775504
128396009 57590731
128396009 19858646
128396009 15036105
128396009 57644024
133259040 114775504
133259040 54912254
133259040 31104618
133259040 58186802
133259040 19858646
133259040 57650120
133259040 580954657
133259040 57644024
133259040 57590731
58259846 114775504
58259846 57590731
152574160 114775504
152574160 58186802
152574160 22172548
152574160 16387366
152723062 114775504
152953517 5363771
152953517 210238840
152953517 114775504
152953517 298836529
152953517 57651645
152953517 50610456
152953517 22172548
152953517 57644024
152953517 57590731
152953517 152821012
152934572 114775504
152934572 31104618
152934572 152821012
27407641 114775504
27407641 298836529
27407641 57644024
27407641 82678376
27407641 57590731
57658278 114775504
57658278 57590731
52575493 114775504
52575493 45163634
52575493 32109397
82678376 114775504
82678376 27407641
82678376 57590731
152808007 114775504
152808007 57590731
34659046 114775504
34659046 31104618
34659046 360751548
34659046 152819886
34659046 57650120
34659046 41548248
34659046 22172548
34659046 57644024
34659046 16387366
360751548 114775504
360751548 34659046
360751548 50610456
45163634 114775504
45163634 52575493
359373708 4331550
359373708 31104618
359373708 19858646
359373708 57651645
359373708 57644024
152660551 114775504
152660551 57590731
132587321 210238840
132587321 114775504
132587321 57650120
132587321 50610456
132587321 22172548
132587321 15036105
132587321 57644024
132587321 16387366
57650120 114775504
57650120 34659046
57650120 54912254
57650120 31104618
57650120 132587321
57650120 152819886
57650120 19858646
57650120 58445954
57650120 152931812
57650120 133259040
57650120 57588111
57650120 22172548
57650120 57651876
57650120 44758931
57650120 57644024
57650120 16387366
57650120 152821012
54912254 114775504
54912254 31104618
54912254 22172548
54912254 57644024
152931812 114775504
152931812 57590731
152931812 31104618
152931812 57588111
152931812 50610456
152931812 15036105
152931812 57644024
152931812 16387366
152931812 32109397
152662493 114775504
152662493 152833400
581580754 114775504
210223080 114775504
210223080 58186802
210223080 57588111
210223080 57644024
210238840 114775504
210238840 132587321
210238840 22172548
210238840 152953517
210238840 57590731
210238840 152892006
26110802 114775504
26110802 322667955
26110802 85053573
152523279 114775504
152523279 57658278
152523279 57644024
58148135 114775504
58148135 57590731
58148135 50610456
58148135 298836529
44758931 114775504
44758931 57650120
44758931 57644024
44758931 145183835
152809209 114775504
152809209 57590731
349800599 114775504
57644024 152670769
57644024 4331550
57644024 114775504
57644024 34659046
57644024 54912254
57644024 128396009
57644024 31104618
57644024 27407641
57644024 58186802
57644024 132587321
57644024 152819886
57644024 19858646
57644024 166865068
57644024 3728867
57644024 210223080
57644024 152797143
57644024 152931812
57644024 133259040
57644024 57588111
57644024 57650120
57644024 57651645
57644024 580954657
57644024 50610456
57644024 41548248
57644024 22172548
57644024 57651876
57644024 15036105
57644024 359373708
57644024 44758931
57644024 152523279
57644024 152953517
57644024 581336418
57644024 16387366
57644024 85053573
57644024 32109397
57644024 97088313
57644024 152821012
152485977 114775504
32109397 57590731
32109397 28643322
32109397 114775504
32109397 52575493
32109397 152931812
32109397 57644024
32109397 58337863
32109397 38012724
145183835 114775504
145183835 44758931
145183835 57588111
3728867 114775504
3728867 57644024
580954657 31104618
580954657 133259040
580954657 57651645
580954657 22172548
152880139 31104618
152880139 129266443
152880139 57588111
4331550 114775504
4331550 128396009
4331550 31104618
4331550 57651645
4331550 22172548
4331550 359373708
4331550 57644024
152670769 114775504
152670769 57644024
152788604 114775504
54181495 114775504
54181495 16387366
152929926 114775504
33606187 114775504
33606187 57590731
58138300 114775504
58138300 56924470
581336418 114775504
581336418 57644024
23041702 114775504
57588111 114775504
57588111 210223080
57588111 152880139
57588111 152931812
57588111 57650120
57588111 50610456
57588111 22172548
57588111 57651876
57588111 57644024
57588111 16387366
57588111 85053573
57588111 57590731
57588111 145183835
152819886 114775504
152819886 34659046
152819886 31104618
152819886 50610456
152819886 57644024
58445954 114775504
58445954 57590731
58445954 57650120
58445954 16387366
56924470 114775504
56924470 58138300
56924470 57644024
58186802 114775504
58186802 31104618
58186802 306570209
58186802 58337863
58186802 501147879
58186802 210223080
58186802 133259040
58186802 50610456
58186802 22172548
58186802 57644024
58186802 152574160
58186802 16387366
58186802 57590731
58186802 97088313
154425084 114775504
152833400 114775504
152833400 57590731
152833400 152662493
58337863 114775504
58337863 58186802
58337863 57590731
58337863 32109397
166591963 114775504
41548248 114775504
41548248 34659046
41548248 22172548
41548248 57644024
41548248 28643322
298855745 114775504
38012724 114775504
38012724 298836529
38012724 57590731
28643322 114775504
28643322 50610456
28643322 22172548
28643322 32109397
22172548 210238840
22172548 4331550
22172548 114775504
22172548 34659046
22172548 54912254
22172548 58186802
22172548 132587321
22172548 19858646
22172548 28643322
22172548 57588111
22172548 580954657
22172548 41548248
22172548 57651876
22172548 152953517
22172548 57644024
22172548 152574160
22172548 152892006
22172548 97088313
166865068 57644024
103753377 114775504
57590731 210238840
57590731 114775504
57590731 128396009
57590731 27407641
57590731 298836529
57590731 3728867
57590731 58148135
57590731 152797143
57590731 152931812
57590731 57588111
57590731 50610456
57590731 41548248
57590731 152809209
57590731 152953517
57590731 82678376
57590731 85053573
57590731 32109397
57590731 152892006
57590731 38012724
152821012 114775504
152821012 152953517
152821012 57590731
152821012 57644024
152821012 152934572
152821012 15036105
85053573 114775504
85053573 26110802
85053573 57588111
85053573 15036105
85053573 57644024
85053573 57590731
15036105 114775504
15036105 128396009
15036105 132587321
15036105 19858646
15036105 152931812
15036105 57651645
15036105 57651876
15036105 57644024
15036105 85053573
15036105 152821012
152797143 114775504
152797143 57644024
152797143 57590731
298836529 27407641
298836529 57590731
31104618 4331550
31104618 114775504
31104618 34659046
31104618 54912254
31104618 58186802
31104618 152819886
31104618 19858646
31104618 3728867
31104618 152880139
31104618 152931812
31104618 133259040
31104618 57650120
31104618 57651645
31104618 580954657
31104618 57651876
31104618 359373708
31104618 57644024
31104618 16387366
31104618 152934572
31104618 97088313
19858646 114775504
19858646 128396009
19858646 31104618
19858646 133259040
19858646 57650120
19858646 50610456
19858646 22172548
19858646 15036105
19858646 359373708
19858646 57644024
19858646 16387366
58140510 114775504
501147879 114775504
501147879 58186802
97088313 22172548
97088313 114775504
97088313 57644024
97088313 58186802
97088313 31104618
97088313 16387366
5363771 114775504
5363771 57658278
129266443 114775504
57651645 4331550
57651645 114775504
57651645 54912254
57651645 31104618
57651645 580954657
57651645 57651876
57651645 15036105
57651645 359373708
57651645 152953517
57651645 57644024
57651645 16387366
98688797 114775504
155846081 114775504
298832837 114775504
152892006 57590731
152892006 298836529
152892006 210238840
152892006 114775504
50610456 114775504
50610456 57590731
50610456 132587321
50610456 19858646
50610456 152931812
50610456 57588111
50610456 41548248
50610456 22172548
50610456 57651876
50610456 57644024
50610456 16387366
306570209 114775504
306570209 58186802
322667955 114775504
322667955 26110802
114775504 15036105
114775504 82678376
16387366 114775504
16387366 34659046
16387366 31104618
16387366 58186802
16387366 132587321
16387366 19858646
16387366 54181495
16387366 58445954
16387366 57588111
16387366 57650120
16387366 57651645
16387366 50610456
16387366 57651876
16387366 57644024
16387366 152574160
57651876 114775504
57651876 31104618
57651876 57588111
57651876 57650120
57651876 50610456
57651876 22172548
57651876 15036105
57651876 57644024
57651876 16387366
57651876 57590731
58105572 114775504
