215942657 44759409
57650146 166486579
57650146 60693149
57650146 57645003
57650146 44759409
679103631 44759409
98766638 5833910
98766638 44759409
42108578 44759409
57646404 152890678
57646404 57645003
57646404 44759409
60693149 828447125
60693149 57650146
60693149 44759409
60693149 152576892
75361310 44759409
57652868 581344432
57652868 116272003
57652868 44759409
116272003 57652868
116272003 57645003
116272003 44759409
152818805 44759409
425213741 44759409
58415696 44759409
101699192 57650146
101699192 58051250
101699192 57645003
57648680 57645003
57648680 44759409
210192041 44759409
152890769 44759409
5833910 98766638
5833910 166486579
5833910 58051250
5833910 44759409
155851978 44759409
728419084 44759409
58051250 101699192
58051250 5833910
58051250 44759409
57651362 57645003
581344432 57652868
57645003 57650146
57645003 57648680
57645003 57646404
57645003 152890678
57645003 116272003
57645003 101699192
57645003 97439961
57645003 44759409
57645003 57651362
152660789 44759409
80439597 44759409
97439961 152890769
97439961 57645003
97439961 44759409
828447125 60693149
828447125 44759409
64881322 44759409
26001831 44759409
152890678 57646404
723725526 44759409
581927351 44759409
152576892 44759409
152576892 60693149
415576953 44759409
582017902 44759409
44759409 581927351
44759409 828447125
44759409 57648680
44759409 57645003
44759409 215942657
44759409 210192041
44759409 26001831
44759409 80439597
44759409 98766638
44759409 425213741
44759409 5833910
44759409 601878299
44759409 415576953
44759409 57646404
44759409 155851978
44759409 57650146
44759409 152818805
44759409 116272003
44759409 58415696
44759409 58051250
44759409 679103631
44759409 582017902
44759409 42108578
44759409 97439961
44759409 60693149
44759409 152660789
44759409 64881322
44759409 298832549
44759409 152890769
44759409 166486579
44759409 57652868
44759409 723725526
44759409 75361310
44759409 152576892
298832549 44759409
166486579 5833910
166486579 44759409
