299466402 57653050
299466402 56947246
299466402 5438898
299466402 42106086
299466402 50677526
828537262 828447778
828537262 21343473
52014120 4339892
82002394 56947246
82002394 4339892
82002394 140584197
82002394 58056504
82002394 57771003
82002394 410228177
26078141 4339892
31506264 56947246
142737688 205885287
142737688 4339892
142737688 54392148
142737688 140584197
142737688 45161093
142737688 45161747
142737688 677179984
52582270 54392148
52582270 56947246
52582270 4339892
52582270 21343473
52582270 85765464
52582270 57994033
57653050 56947246
57653050 533136394
57653050 299466402
57653050 52582270
57653050 58056504
57653050 52584541
57653050 57771003
58045313 4339892
58045313 58001352
58045313 57771003
58045313 35229367
67305119 4339892
67305119 302919904
67305119 54392148
67305119 56947246
67305119 65310079
268868762 54392148
268868762 56947246
268868762 205885287
268868762 140584197
268868762 127279065
268868762 205884938
268868762 58056504
268868762 45161093
268868762 302919904
268868762 205888219
302919904 268868762
302919904 205885287
302919904 67305119
58001352 56947246
58001352 4339892
58001352 58056504
410228177 58056504
410228177 56947246
643520737 388032752
421286736 56283652
58049243 4339892
58049243 140584197
58049243 65310079
388032752 643520737
92473520 56947246
92473520 205885287
92473520 5438898
92473520 2349724
92473520 4339892
92473520 127279065
299484095 56947246
45161093 268868762
45161093 205885287
45161093 58308983
45161093 45161260
45161093 142737688
45161093 298851199
300310692 205885287
52584541 54392148
52584541 56947246
52584541 533136394
52584541 21343473
52584541 58056504
56947246 57653050
56947246 205885287
56947246 299484095
56947246 580954973
56947246 299466402
56947246 58001352
56947246 52582270
56947246 359366875
56947246 58337221
56947246 92473520
56947246 58056504
56947246 56283652
56947246 31506264
56947246 21343473
56947246 140584197
56947246 50677526
56947246 45161747
56947246 57994033
56947246 35229367
56947246 410228177
158012571 4339892
5438898 205885287
5438898 81968521
5438898 4339892
5438898 299466402
5438898 58337221
5438898 92473520
5438898 58056504
5438898 140584197
5438898 45161747
5438898 57771003
36688874 4339892
36688874 57771003
85765464 205885287
85765464 52582270
85765464 205884938
85765464 140584197
85765464 45161093
4339892 58045313
4339892 158012571
4339892 58049243
4339892 41978159
4339892 5438898
4339892 81968521
4339892 26078141
4339892 58001352
4339892 52014120
4339892 36688874
4339892 205891136
4339892 57994254
4339892 58337221
4339892 57605885
4339892 92473520
4339892 82002394
4339892 140584197
4339892 127279065
4339892 58056504
4339892 65310079
4339892 45161747
4339892 57771003
4339892 35229367
4339892 142764074
56283652 56947246
56283652 421286736
42106086 533136394
42106086 299466402
42106086 140584197
42106086 57771003
58337221 56947246
58337221 41978159
58337221 5438898
58337221 421286736
58337221 4339892
58337221 140584197
58337221 58056504
58337221 65310079
58337221 45161747
58337221 57771003
58337221 35229367
359366875 56947246
359366875 205885287
359366875 140584197
58056504 54392148
58056504 57653050
58056504 56947246
58056504 41978159
58056504 5438898
58056504 4339892
58056504 52582270
58056504 58337221
58056504 140584197
58056504 65310079
58056504 57771003
58056504 142764074
65310079 58337221
65310079 4339892
65310079 58049243
65310079 57771003
50677526 205885287
50677526 299466402
50677526 52582270
50677526 127279065
50677526 56947246
298838230 142764074
57994254 4339892
57994033 56947246
57994033 52582270
57605885 4339892
35229367 56947246
35229367 140584197
35229367 4339892
35229367 58337221
828447778 828537262
828447778 205888219
41978159 4339892
41978159 58056504
41978159 57771003
54392148 52582270
54392148 52584541
677319102 140584197
2349724 205885287
2349724 4339892
2349724 92473520
2349724 65310079
580954973 56947246
140584197 58049243
140584197 205885287
140584197 81968521
140584197 4339892
140584197 359366875
140584197 58337221
140584197 56947246
140584197 21343473
140584197 85765464
140584197 142737688
140584197 45161747
140584197 57771003
140584197 35229367
21343473 205885287
21343473 52582270
21343473 58056504
21343473 828537262
21343473 52584541
21343473 56947246
21343473 140584197
21343473 67305119
21343473 45161747
205884938 85765464
533136394 57653050
533136394 205885287
533136394 42106086
533136394 52584541
541446747 828447778
541446747 56947246
205891136 4339892
205891136 127279065
127279065 268868762
127279065 4339892
127279065 21343473
127279065 205891136
127279065 92473520
127279065 58056504
127279065 50677526
127279065 57771003
142764074 58056504
142764074 4339892
142764074 298838230
81968521 5438898
81968521 4339892
81968521 140584197
298851199 45161093
298851199 205885287
298851199 54392148
298851199 35229367
57771003 65310079
57771003 58337221
57771003 4339892
57771003 58056504
57771003 36688874
57771003 5438898
57771003 58045313
57771003 140584197
57771003 41978159
57771003 205885287
57771003 127279065
57771003 42106086
57771003 57653050
58308983 205885287
58308983 140584197
58308983 45161093
205885287 56947246
205885287 268868762
205885287 5438898
205885287 300310692
205885287 2349724
205885287 533136394
205885287 21343473
205885287 58308983
205885287 85765464
205885287 359366875
205885287 92473520
205885287 142737688
205885287 140584197
205885287 50677526
205885287 45161093
205885287 302919904
205885287 57771003
205885287 298851199
45161747 5438898
45161747 4339892
45161747 65310079
45161747 127279065
45161747 140584197
45161747 58056504
45161747 21343473
45161747 56947246
45161747 142737688
45161747 58337221
45161747 57771003
