580931160 7541547
12786433 15183560
548618145 15183560
179984266 56949859
152687774 13777963
74414137 15183560
148543880 15183560
99951088 15183560
581488082 13777963
99771765 15183560
99771765 30951691
93667981 15183560
34597473 15183560
34597473 13777963
152566444 15183560
110692159 15183560
134144793 13777963
58370845 15183560
58370845 79041217
29996647 13777963
79041217 15183560
79041217 58370845
33600196 15183560
56949859 15183560
56949859 179984266
56949859 13777963
349757140 15183560
99759329 15183560
99759329 126614111
19306214 69278558
19306214 8923485
19306214 442187757
19306214 15183560
19306214 533377602
19306214 99924497
19306214 13777963
15183560 69278558
15183560 34677131
15183560 568652
15183560 93667981
15183560 37509948
15183560 548618145
15183560 785134154
15183560 84456442
15183560 65492063
15183560 19306214
15183560 314416225
15183560 121372274
15183560 139708553
15183560 16211609
15183560 21913896
15183560 349757140
15183560 74414137
15183560 16978988
15183560 149552160
15183560 45515549
15183560 82016931
15183560 10912518
15183560 99759329
15183560 8923485
15183560 442187757
15183560 58370845
15183560 99771765
15183560 7541547
15183560 148543880
15183560 134144793
15183560 142548928
15183560 35404594
15183560 155823353
15183560 34482747
15183560 210271514
15183560 12786433
15183560 34597473
15183560 30951691
15183560 99951088
15183560 22782919
15183560 12248988
15183560 93903902
15183560 14134899
15183560 152566444
15183560 152579676
15183560 65612597
15183560 15582728
15183560 3888256
15183560 558161511
15183560 56949859
15183560 99924497
15183560 33600196
15183560 472335502
15183560 134686014
15183560 79041217
15183560 110692159
15183560 13777963
34677131 15183560
34677131 3888256
839512 13777963
442168518 8923485
442168518 13777963
142548928 15183560
13777963 34597473
13777963 8923485
13777963 15183560
13777963 99924497
13777963 217175326
13777963 19306214
13777963 69278558
15582728 15183560
15582728 13777963
37509948 15183560
58301503 13777963
16978988 15183560
16978988 35404594
82016931 15183560
30951691 15183560
7541547 15183560
7541547 128937884
126614111 99759329
14134899 15183560
8923485 19306214
8923485 442168518
8923485 15183560
8923485 13777963
69278558 19306214
69278558 15183560
69278558 13777963
22782919 15183560
57769244 13777963
65492063 15183560
121372274 15183560
134686014 15183560
152579676 15183560
152579676 580931160
152728660 13777963
155823353 15183560
152898729 110692159
210271514 15183560
93903902 15183560
314416225 139708553
314416225 15183560
57381482 13777963
16211609 15183560
10912518 15183560
149552160 139708553
149552160 15183560
139708553 314416225
139708553 149552160
139708553 15183560
45515549 15183560
45515549 79041217
3888256 34677131
3888256 15183560
84456442 15183560
84456442 13777963
21913896 15183560
200031083 152566444
472335502 15183560
167800495 13777963
31532837 13777963
12248988 15183560
12248988 13777963
217175326 13777963
442187757 19306214
442187757 15183560
442187757 99924497
442187757 13777963
57488012 13777963
57420015 13777963
533377602 19306214
533377602 99924497
533377602 13777963
785134154 15183560
58001913 13777963
99924497 19306214
99924497 442187757
99924497 533377602
99924497 13777963
35404594 16978988
35404594 15183560
8480869 13777963
