581612518 30912650
581612518 127312553
349573815 127312553
582556166 127312553
132495311 68953654
132495311 127312553
132495311 19554049
14720647 127312553
25381235 27412491
25381235 127312553
68953654 25381235
68953654 130236803
68953654 59807344
68953654 101698843
68953654 11981644
68953654 210370347
68953654 30912650
68953654 57648645
68953654 127312553
68953654 132495311
68953654 19554049
68953654 7643941
424540193 127312553
601686954 127312553
155884840 127312553
519055257 127312553
152571980 127312553
29406659 57648645
29406659 127312553
29926550 127312553
155815133 127312553
71947913 127312553
582482847 127312553
152592461 127312553
127353502 665963691
582482246 127312553
58106442 68953654
58106442 127312553
39071706 127312553
39071706 19554049
39071706 57648645
39071706 152687560
39071706 68953654
39071706 152808050
39071706 57644609
207059847 127312553
665963691 127353502
298855744 127312553
128882396 127312553
692366233 127312553
13874026 127312553
601603051 127312553
155852540 127312553
580921374 127312553
298839039 127312553
582285200 127312553
210246056 101698843
210246056 11981644
210246056 152687560
210246056 57648645
210246056 127312553
57651449 57648645
57651449 127312553
541212254 127312553
152815799 57648645
581602889 127312553
107334863 127312553
152687560 127312553
152687560 210246056
152687560 39071706
582151377 11981644
582151377 57648645
582151377 127312553
582151377 57644609
605109748 127312553
12284110 127312553
57648645 601603108
57648645 582151377
57648645 152815799
57648645 68953654
57648645 101698843
57648645 207059847
57648645 57651449
57648645 127312553
57648645 29406659
57648645 132495311
57648645 49421345
57648645 210246056
57648645 210195738
57648645 19554049
57648645 39071706
57648645 57644609
830260214 127312553
27412491 25381235
27412491 68953654
27412491 30912650
27412491 127312553
27412491 19554049
581968123 127312553
210370347 68953654
210370347 101698843
210370347 127312553
210370347 7643941
263345682 127353502
152581022 127312553
152581022 19554049
58446537 127312553
57644609 127312553
57644609 29406659
57644609 582151377
57644609 57648645
133385476 127312553
582038132 127312553
581263355 11981644
581263355 127312553
30912650 68953654
30912650 45238514
30912650 127312553
30912650 19554049
130236803 127312553
581518802 127312553
7643941 19554049
7643941 68953654
7643941 210370347
7643941 127312553
133052760 127312553
59807344 68953654
59807344 11981644
59807344 127312553
59807344 19554049
601603108 57648645
301722442 127312553
302060542 127312553
49421345 101698843
49421345 57648645
210195738 57648645
270411547 127312553
79506768 68953654
79506768 127312553
101698843 130236803
101698843 210370347
101698843 57648645
101698843 127312553
101698843 49421345
101698843 210246056
101698843 19554049
101698843 57644609
152808050 127312553
152808050 39071706
58154152 127312553
19554049 127312553
19554049 30912650
19554049 68953654
19554049 132495311
19554049 27412491
19554049 11981644
19554049 101698843
19554049 582556166
19554049 155852540
19554049 59807344
19554049 152581022
19554049 128882396
19554049 298855744
19554049 39071706
19554049 7643941
11981644 582151377
11981644 68953654
11981644 581263355
11981644 210246056
11981644 152571980
11981644 57648645
11981644 19554049
939454 127312553
58379346 59807344
58379346 127312553
