152934935 45458690
152934935 36795779
152934935 9649754
9649754 36795779
128503568 210238840
128503568 29861246
128503568 36795779
128503568 152928301
152519248 45458690
152519248 36795779
152519248 107495939
152519248 152579234
152579234 36795779
152579234 152928301
152579234 152519248
152579234 152934935
140441439 152630295
58480396 505449003
107495939 36795779
107495939 152919267
107495939 45458690
107495939 152519248
210238840 128503568
210238840 36795779
152481488 36795779
152542051 152544996
152542051 45458690
152576640 36795779
152576640 152542051
36795779 107495939
36795779 152544996
36795779 9649754
36795779 210238840
36795779 128503568
36795779 152928301
36795779 152628175
36795779 152919267
36795779 114775492
36795779 152579234
36795779 152734462
152512096 36795779
45458690 152928301
45458690 36795779
45458690 107495939
45458690 152542051
45458690 152934935
45458690 152519248
45458690 152579234
152927779 152928301
152628175 36795779
152544996 36795779
152544996 152542051
57651219 36795779
29861246 152928301
114775492 152928301
114775492 36795779
114775492 152595183
152630295 140441439
152630295 36795779
152919267 107495939
152919267 36795779
152919267 152595603
152885652 36795779
505449003 58480396
505449003 36795779
152734462 36795779
152595183 114775492
84386493 36795779
152928301 29861246
152928301 36795779
152928301 114775492
152928301 128503568
152928301 45458690
152928301 152579234
