51736367 11847053
16758427 81823501
16758427 128909803
16758427 4114116
16758427 18108921
16758427 10075640
16758427 11847053
831037740 11847053
812469867 124210267
57228120 11847053
25858287 11847053
23403384 17341987
23403384 10075640
23403384 11847053
14391488 11847053
14391488 58424345
575625835 11847053
49915144 13789716
49915144 152627195
49915144 49420459
49915144 45822167
49915144 11847053
57993948 145572366
57993948 10075640
5083033 11847053
9116942 11847053
723378939 11847053
82647512 11847053
18108921 152627195
18108921 10075640
18108921 11847053
36656058 11847053
32323108 45822167
32323108 11847053
833313535 11847053
44738293 11847053
152627195 18108921
152627195 49915144
152627195 11847053
149597880 11847053
149597880 45822167
57647225 103090995
57647225 11847053
152473934 11847053
152473934 23403384
806259589 11847053
49420459 13789716
49420459 49915144
49420459 45822167
49420459 11847053
49420459 10075640
8840993 11847053
4114116 11847053
19340750 124210267
19340750 11847053
19340750 505452985
19340750 6421248
229007836 10075640
145572366 57993948
145572366 10075640
11185604 11847053
152619210 5110094
152619210 3651689
16975966 13789716
81823501 16758427
81823501 11847053
54390151 17341987
3651689 58445740
3651689 18108921
3651689 10075640
10326147 11847053
58469455 37255851
58469455 11847053
184497906 11847053
5110094 327012190
5110094 152619210
5110094 11847053
11847053 21622299
11847053 49420459
11847053 531830107
11847053 49915144
11847053 10326147
11847053 19340750
11847053 723378939
11847053 149597880
11847053 575625835
11847053 152473934
11847053 25858287
11847053 5110094
11847053 57647225
11847053 8840993
11847053 54320796
11847053 23403384
11847053 11185604
11847053 152858166
11847053 128909803
11847053 81823501
11847053 36656058
11847053 806259589
11847053 541446747
11847053 5083033
11847053 80397872
11847053 144967335
11847053 45822167
11847053 13789716
11847053 9116942
11847053 445890746
11847053 26037769
11847053 16758427
11847053 82647512
11847053 72475360
11847053 18108921
11847053 4114116
11847053 14391488
11847053 32323108
11847053 10075640
11847053 58424345
11847053 9453305
11847053 57971846
11847053 6421248
144967335 58416563
144967335 11847053
21622299 11847053
445890746 11847053
445890746 18108921
421466321 377280743
421466321 541446747
421466321 11847053
421466321 10075640
421466321 73891667
327012190 5110094
327012190 11847053
34091145 11847053
73891667 124210267
73891667 45822167
92513875 10075640
152858166 11847053
152858166 10075640
26037769 18108921
26037769 13789716
26037769 10075640
26037769 11847053
37255851 58445740
531830107 11847053
26017692 11847053
152657847 11847053
377280743 124210267
58424345 11847053
58424345 14391488
58424345 6421248
80397872 58445740
80397872 10075640
80397872 11847053
152620782 11847053
9453305 11847053
541446747 421466321
541446747 11847053
152620824 11847053
152620824 10075640
72475360 10075640
72475360 11847053
58445740 37255851
58445740 72475360
58445740 11847053
58445740 3651689
13789716 54320796
13789716 18108921
13789716 49915144
13789716 49420459
13789716 10075640
13789716 11847053
57971846 11847053
57971846 6421248
128909803 11847053
124210267 73891667
124210267 812469867
124210267 377280743
124210267 10075640
124210267 11847053
54320796 37255851
54320796 13789716
54320796 11847053
152534630 11847053
152534630 10075640
10075640 16758427
10075640 18108921
10075640 26037769
10075640 72475360
10075640 92513875
10075640 23403384
10075640 49420459
10075640 152858166
10075640 152534630
10075640 152620824
10075640 229007836
10075640 57993948
10075640 149597880
10075640 13789716
10075640 145572366
10075640 80397872
10075640 36656058
10075640 124210267
10075640 4114116
10075640 445890746
10075640 11847053
10075640 421466321
10075640 3651689
10075640 6421248
601658641 11847053
58416563 144967335
58416563 11847053
45822167 49915144
45822167 149597880
45822167 13789716
45822167 18108921
45822167 58416563
45822167 124210267
45822167 9116942
45822167 32323108
45822167 23403384
45822167 73891667
45822167 10075640
45822167 11847053
6421248 19340750
6421248 11847053
6421248 58424345
