54426798 8138110
33338047 54989656
33338047 58164539
127901233 8138110
300272692 8138110
535755206 8138110
45161208 8138110
45161208 922565
298998457 132532417
132532417 8138110
10391963 15563953
67724236 57649509
30578109 15563953
8138110 58013410
8138110 38823022
8138110 132532417
8138110 300272692
8138110 535755206
8138110 199782020
8138110 216084909
8138110 54426798
8138110 98681282
8138110 9979348
8138110 300723926
8138110 833323842
8138110 54409742
8138110 205891091
8138110 58040166
8138110 54989656
8138110 56540927
8138110 555175758
8138110 736864311
8138110 58164539
8138110 127901233
8138110 833331865
8138110 54415912
8138110 205885102
8138110 20623371
8138110 33338047
8138110 45161208
8138110 922565
8138110 251850259
555175758 8138110
9979348 8138110
205891091 8138110
3606540 32696278
58040166 8138110
98681282 15563953
98681282 8138110
54409742 8138110
38823022 833331865
38823022 8138110
38823022 45161208
736864311 205885102
20804709 15563953
58164539 15563953
58164539 8138110
58164539 33338047
58164539 54989656
833331865 38823022
833331865 8138110
299678719 45161208
54415912 8138110
126717841 15563953
205885102 736864311
833323842 8138110
57649509 67724236
300723926 8138110
199782020 8138110
199782020 15563953
20623371 8138110
58013410 8138110
54989656 15563953
54989656 8138110
54989656 33338047
54989656 45161208
216084909 8138110
922565 8138110
922565 45161208
