155638053 446617986
31420038 31498786
31420038 446617986
52509589 446617986
303380451 446617986
303380451 258081869
178662509 446617986
72283264 446617986
836611442 446617986
22010464 446617986
303338043 446617986
365665921 446617986
217176114 322865543
217176114 642844677
303377588 446617986
25416298 446617986
25416298 217126819
191930098 446617986
91856746 36111011
642844677 217176114
68120108 446617986
31498786 31420038
31498786 303431434
303302519 446617986
36111011 446617986
36111011 91856746
36111011 108097166
642579270 446617986
6523009 446617986
1593378 446617986
258081869 446617986
258081869 303380451
162820482 446617986
162820482 365061069
162820482 2716706
162820482 79714476
150360968 446617986
51731235 217176114
303330786 446617986
303330786 303481442
365061069 446617986
365061069 162820482
836569988 446617986
33308642 446617986
148005403 446617986
303266203 446617986
303457996 446617986
347117137 446617986
757154769 79714476
642631473 446617986
156256755 446617986
156256755 129917432
450254780 446617986
59501694 446617986
135293684 446617986
303570636 446617986
303570636 224928458
303570636 217176114
303379354 446617986
235144840 446617986
303431434 31498786
303338430 446617986
33873360 446617986
51864465 446617986
217126819 25416298
21530088 446617986
72272203 446617986
72272203 303481442
303451889 446617986
178024514 446617986
322865543 217176114
199734322 446617986
68187456 446617986
163853767 446617986
303265283 446617986
303265283 365061069
99916733 72283264
224928458 303570636
234444103 446617986
303534302 446617986
2716706 446617986
79714476 446617986
79714476 757154769
79714476 162820482
79714476 303481442
303481442 446617986
303481442 79714476
303481442 303330786
