58261215 14883450
298849515 58101614
27609283 69274499
27609283 152930843
27609283 58028185
27609283 58024780
27609283 57065754
27609283 14883450
27609283 49258002
152713317 58028185
152713317 65273166
152713317 9116942
152713317 11365537
152713317 756612572
152713317 58101614
152713317 152930843
152713317 58024780
152713317 49258002
152713317 56970728
152713317 6156931
56970728 58028185
56970728 152930843
56970728 69274499
56970728 152713317
756612572 65273166
756612572 152713317
11365537 152930843
11365537 58028185
11365537 152713317
58169779 58028185
9116942 11365537
9116942 65273166
9116942 58028185
9116942 14883450
9116942 152713317
17858725 58101614
29664416 107496011
29664416 152713422
30954595 58024780
19019856 58028185
152930843 27609283
152930843 58028185
152930843 56970728
152930843 58024780
152930843 49258002
58028185 205885421
58028185 58169779
58028185 152930843
58028185 57606465
58028185 298849515
58028185 833337033
58028185 27609283
58028185 58365814
58028185 58024780
58028185 57065754
58028185 219599083
58028185 49258002
58028185 14883450
58028185 152713317
833337033 58028185
58024780 58028185
58024780 27609283
58024780 152930843
58024780 30954595
58024780 152713317
58024780 14883450
14883450 58028185
14883450 152930843
164356230 58028185
205891036 58028185
133118201 69076048
57606465 58028185
219599083 58028185
49258002 298849515
49258002 152930843
49258002 58028185
65273166 756612572
65273166 152713317
58101614 298849515
58101614 6156931
58101614 17858725
58101614 152713317
6156931 58101614
6156931 152713317
57065754 58028185
57065754 27609283
58365814 58028185
205885421 58028185
152713422 29664416
69076048 133118201
36949398 58028185
107496011 29664416
69274499 58365814
69274499 27609283
69274499 56970728
