299172358 298837800
65328682 77563660
65328682 18115104
22113080 55036281
22113080 152601656
22113080 57644405
22113080 11981644
22113080 18115104
22113080 152929806
22113080 57643486
58177169 52489265
58177169 298837800
58177169 12856097
298837800 18115104
77645762 65328682
77645762 10952578
77645762 18115104
77645762 11981644
77645762 298837800
26906076 57644405
26906076 298837800
26906076 34512164
152833395 525757076
152833395 11981644
152833395 18115104
152833395 57643486
152896428 516561447
58012666 18115104
76890282 57644405
18115104 57645315
18115104 55036281
18115104 525757076
18115104 58012666
18115104 155919477
18115104 152921888
18115104 85143825
18115104 77563660
18115104 81394884
18115104 152906673
18115104 65328682
18115104 65263948
18115104 11981644
18115104 298837800
18115104 580986487
18115104 10952578
18115104 33242925
18115104 57847111
18115104 22113080
18115104 12856097
18115104 152593460
18115104 152724334
18115104 152801514
18115104 152929806
18115104 210187296
18115104 57643486
18115104 77645762
525757076 152833395
525757076 18115104
152906673 18115104
368561083 298837800
368561083 152596656
34512164 26906076
34512164 581564538
34512164 57644405
34512164 18115104
301292936 54362560
54362560 301292936
54362560 57644405
152596656 368561083
152801514 57644405
152801514 18115104
152801514 11981644
152712559 57644405
85143825 18115104
86116943 57644405
86116943 516561447
33242925 18115104
183282677 57644405
183282677 152929806
152593460 18115104
152593460 57847111
55036281 52489265
55036281 152929231
55036281 11981644
55036281 298837800
55036281 18115104
55036281 22113080
55036281 581240326
55036281 57643486
55036281 152788243
152933935 57644405
224321715 516561447
224321715 298837800
224321715 12856097
10952578 57644405
10952578 65328682
10952578 65263948
10952578 11981644
10952578 298837800
10952578 18115104
10952578 77645762
57645315 57653178
57645315 57644405
57645315 65263948
57645315 298837800
57645315 18115104
57645315 152929806
57645315 12856097
57645315 57643486
57645315 152788243
25620781 12856097
25620781 152788243
155919477 18115104
516561447 12856097
607049506 298837800
607049506 18115104
152702507 12856097
152575832 57644405
152575832 11981644
152575832 57643486
77563660 57644405
77563660 65328682
77563660 18115104
77563660 57643486
81394884 65263948
81394884 18115104
152850797 12856097
489693123 52489265
210187296 57644405
210187296 18115104
500400565 57644405
152929806 57645315
152929806 57653178
152929806 18115104
152929806 22113080
152929806 183282677
152724334 18115104
152788243 57645315
152788243 25620781
152788243 12856097
152788243 57643486
152788243 18115104
152788243 55036281
152601656 22113080
57847111 18115104
57847111 152593460
57847111 57643486
57650195 298837800
57653178 57645315
57653178 57644405
57653178 65263948
57653178 152929806
57653178 57643486
581240326 55036281
580986487 33875937
580986487 18115104
152929231 57643486
57643486 18115104
57643486 57644405
57643486 152929231
57643486 22113080
57643486 57645315
57643486 57847111
57643486 77563660
57643486 152833395
57643486 65263948
57643486 57653178
57643486 152575832
57643486 55036281
57643486 152785341
57643486 11981644
57643486 152788243
149527164 57644405
581564538 34512164
11981644 55036281
11981644 152575832
11981644 57644405
11981644 18115104
11981644 22113080
11981644 34512164
11981644 210187296
11981644 152801514
11981644 57643486
11981644 77645762
152921888 57644405
152921888 298837800
152921888 18115104
152921888 12856097
57644405 26906076
57644405 57645315
57644405 152575832
57644405 57653178
57644405 152921888
57644405 76890282
57644405 77563660
57644405 152712559
57644405 152929231
57644405 149527164
57644405 65263948
57644405 11981644
57644405 10952578
57644405 22113080
57644405 500400565
57644405 34512164
57644405 152801514
57644405 183282677
57644405 152933935
57644405 210187296
57644405 57643486
57644405 54362560
57644405 86116943
65263948 57645315
65263948 57653178
65263948 81394884
65263948 57644405
65263948 18115104
65263948 10952578
65263948 57643486
27801117 12856097
152567741 298837800
152785341 11981644
152785341 57643486
