421488238 127996398
458019272 127996398
50877023 52389633
651543423 127996398
51313629 127996398
118448481 127996398
163348889 127996398
24571892 127996398
99416055 523075276
152595854 127996398
712527252 127996398
164925617 127996398
207661242 127996398
737900950 127996398
836110295 127996398
128977781 50485141
128977781 127996398
141872634 127996398
164659244 572150431
164659244 127996398
82127285 127996398
368692980 127996398
198009573 127996398
369686742 127996398
322923045 127996398
160568111 127996398
319198854 164855676
684751714 127996398
836110508 127996398
695322071 127996398
123299644 127996398
372394915 127996398
164855676 836111717
164855676 336093031
164855676 319198854
164855676 127996398
164135019 127996398
511091924 127996398
51222619 127996398
56904127 127996398
359400144 127996398
834028419 127996398
336093031 164855676
336093031 127996398
182496528 127996398
185324942 127996398
54256952 127996398
522784073 127996398
290221667 127996398
836111786 127996398
135056337 52389633
161520955 127996398
572150431 164659244
572150431 127996398
836110127 127996398
523075276 99416055
836110208 127996398
836110323 127996398
7082392 127996398
647505785 127996398
815798902 127996398
486714529 127996398
110858790 127996398
315053309 127996398
421466043 127996398
163182650 127996398
99755764 127996398
52389633 135056337
52389633 127996398
211880896 127996398
105589910 127996398
164681304 127996398
142035836 127996398
83171621 127996398
50485141 127996398
543117423 127996398
836110155 127996398
152170760 127996398
836111717 127996398
713774914 127996398
142228125 127996398
162844662 127996398
835442616 127996398
