152581133 32842064
33570585 301963335
33570585 229563531
33570585 152814883
33570585 152934350
33570585 113653986
33570585 67819796
33570585 36529571
33570585 57643574
33570585 152601400
33570585 32842064
57608067 32842064
57608067 152811329
57650146 229563531
57650146 44753148
57650146 113653986
57650146 152684030
57650146 152601400
81469095 32842064
154929699 36529571
154929699 44990423
785453188 32842064
152722446 32842064
32842064 36529571
32842064 108370882
32842064 67819796
32842064 152688570
32842064 57648401
32842064 138989460
32842064 581445405
32842064 152878097
32842064 33570585
32842064 581977892
32842064 44753148
32842064 210195750
32842064 152684030
32842064 152601400
32842064 152581133
32842064 582200432
32842064 113653986
32842064 128175152
32842064 152934350
32842064 210191755
32842064 152630961
32842064 57649424
32842064 167481770
32842064 806297901
32842064 152926380
32842064 128947961
32842064 229563531
32842064 298852233
32842064 81469095
32842064 210191023
32842064 142923863
32842064 57647773
32842064 57643574
32842064 152816269
32842064 483435288
32842064 152854962
32842064 44990423
32842064 677288631
32842064 155815521
32842064 695857552
32842064 152514924
32842064 581361949
32842064 152811329
32842064 152722446
32842064 301957964
32842064 152620366
32842064 528199731
32842064 125465237
32842064 421480271
32842064 13119371
32842064 50145498
32842064 152575247
32842064 785453188
32842064 152730661
32842064 33203618
32842064 301963335
32842064 210253518
32842064 152728366
32842064 152572838
32842064 57608067
32842064 33254982
32842064 7810177
32842064 210187546
210267525 229563531
210267525 36529571
210267525 152854962
152926380 36529571
152926380 32842064
57648401 229563531
57648401 210195750
57648401 57644509
57648401 36529571
57648401 152701867
57648401 152854962
57648401 152630961
57648401 32842064
210187546 36529571
210187546 210240917
210187546 33203618
210187546 32842064
152729303 152816269
210240917 152878097
210240917 57643574
210240917 67521732
210240917 210187546
581445405 113653986
581445405 298831257
581445405 57649424
581445405 152854962
581445405 32842064
581445405 7810177
113653986 57650146
113653986 229563531
113653986 581445405
113653986 152934350
113653986 210191023
113653986 152876612
113653986 57644509
113653986 152878097
113653986 3229333
113653986 695857552
113653986 33570585
113653986 67819796
113653986 36529571
113653986 33203618
113653986 58011926
113653986 152854962
113653986 152730661
113653986 32842064
113653986 7810177
152934350 229563531
152934350 125465237
152934350 113653986
152934350 33570585
152934350 36529571
152934350 140584158
152934350 152854962
152934350 32842064
14248729 152684030
14248729 36529571
97087793 7810177
57644509 57650146
57644509 57648401
57644509 113653986
57644509 36529571
57644509 152701867
581361949 32842064
85978704 36529571
152630961 138989460
152630961 36529571
152630961 32842064
210191755 32842064
152684030 57650146
152684030 85052760
152684030 210195750
152684030 13119371
152684030 152878097
152684030 50145498
152684030 36529571
152684030 152432088
152684030 14248729
152684030 57647773
152684030 32842064
152684030 152572838
582200432 32842064
152620366 32842064
152854962 152934350
152854962 210267525
152854962 210191023
152854962 57648401
152854962 113653986
152854962 581445405
152854962 32842064
421480271 32842064
152892976 210187534
152892976 57649424
152892976 36529571
152892976 57647773
152892976 152630961
140584158 152934350
369626078 36529571
369626078 67521732
128175152 67521732
128175152 32842064
695857552 113653986
695857552 44990423
695857552 67521732
695857552 152630961
695857552 32842064
210195750 57648401
210195750 36529571
210195750 57643574
210195750 152684030
210195750 32842064
7810177 67521732
7810177 152662806
7810177 152814883
7810177 97087793
7810177 152730661
7810177 113653986
7810177 581445405
7810177 32842064
85052760 36529571
85052760 152684030
142923863 152878097
142923863 113653986
142923863 36529571
142923863 33203618
142923863 32842064
152876612 113653986
121547290 128175152
121547290 36529571
128947961 32842064
298831257 581445405
298831257 833658468
298831257 36529571
298852233 3229333
298852233 36529571
298852233 32842064
301963335 33570585
301963335 36529571
301963335 33203618
301963335 32842064
152878097 210240917
152878097 229563531
152878097 125465237
152878097 142923863
152878097 44753148
152878097 113653986
152878097 36529571
152878097 152701867
152878097 152684030
152878097 152730661
152878097 32842064
57649424 152892976
57649424 581445405
57649424 36529571
57649424 32842064
24306933 152811329
67521732 128175152
67521732 152814883
67521732 152701867
67521732 210240917
67521732 152728366
67521732 7810177
152701867 210187534
152701867 57648401
152701867 57644509
152701867 152878097
152701867 44990423
152701867 67521732
152701867 152601400
155815521 32842064
58011926 113653986
36529571 152892976
36529571 301963335
36529571 121547290
36529571 154929699
36529571 229563531
36529571 298852233
36529571 85052760
36529571 152814883
36529571 138989460
36529571 581494775
36529571 152934350
36529571 125465237
36529571 210267525
36529571 210195750
36529571 13119371
36529571 142923863
36529571 210187534
36529571 57648401
36529571 167481770
36529571 57644509
36529571 85978704
36529571 44753148
36529571 152878097
36529571 113653986
36529571 3229333
36529571 210253518
36529571 298831257
36529571 369626078
36529571 152926380
36529571 33570585
36529571 67819796
36529571 57649424
36529571 108370882
36529571 44990423
36529571 57643574
36529571 152684030
36529571 33203618
36529571 152432088
36529571 14248729
36529571 301957964
36529571 152630961
36529571 152730661
36529571 32842064
36529571 152572838
36529571 210187546
210191023 125465237
210191023 113653986
210191023 152854962
210191023 152630961
210191023 152730661
210191023 32842064
44753148 57650146
44753148 152814883
44753148 210187534
44753148 152878097
44753148 113653986
44753148 36529571
44753148 32842064
152816269 152514924
152816269 152729303
152816269 32842064
581494775 36529571
806297901 32842064
152514924 152816269
152514924 152601400
152514924 32842064
581977892 32842064
33254982 67521732
33254982 3229333
33254982 32842064
229563531 57650146
229563531 152934350
229563531 125465237
229563531 210267525
229563531 57648401
229563531 152878097
229563531 113653986
229563531 3229333
229563531 33570585
229563531 36529571
229563531 32842064
152730661 113653986
152730661 36529571
152730661 152878097
152730661 210191023
152730661 32842064
152730661 7810177
50145498 152684030
50145498 32842064
483435288 32842064
634097799 152688570
301957964 36529571
301957964 32842064
57643574 210240917
57643574 210195750
57643574 13119371
57643574 33570585
57643574 36529571
57643574 32842064
57643574 7810177
152688570 634097799
152688570 32842064
152688570 42083761
152601400 57650146
152601400 152514924
152601400 152701867
152601400 33570585
152601400 32842064
108370882 36529571
108370882 152630961
108370882 32842064
210253518 36529571
210253518 32842064
152575247 138989460
152575247 32842064
3229333 229563531
3229333 298852233
3229333 125465237
3229333 113653986
3229333 36529571
3229333 33254982
13119371 36529571
13119371 57643574
13119371 152684030
13119371 32842064
152811329 280649018
152811329 677288631
152811329 152926380
152811329 24306933
152811329 32842064
152811329 57608067
280649018 152811329
210187534 152892976
210187534 44753148
210187534 36529571
210187534 152701867
210187534 152630961
528199731 32842064
44990423 154929699
44990423 229563531
44990423 13119371
44990423 36529571
44990423 152701867
44990423 32842064
152814883 44753148
152814883 33570585
152814883 36529571
152814883 67521732
152814883 7810177
125465237 229563531
125465237 152934350
125465237 210191023
125465237 152878097
125465237 3229333
125465237 36529571
125465237 32842064
167481770 36529571
167481770 32842064
152728366 32842064
677288631 32842064
677288631 152811329
152572838 152684030
152572838 36529571
152572838 32842064
152432088 152684030
152432088 36529571
33203618 301963335
33203618 142923863
33203618 113653986
33203618 36529571
33203618 32842064
33203618 210187546
138989460 67819796
138989460 36529571
138989460 152575247
138989460 152630961
138989460 32842064
57647773 128175152
57647773 152684030
57647773 152892976
57647773 32842064
57647773 33254982
67819796 138989460
67819796 113653986
67819796 33570585
67819796 36529571
67819796 32842064
