29424840 127728639
58369229 601726764
58369229 73198614
581176811 127728639
7417629 74380558
7417629 601726764
7417629 298851619
7417629 127728639
7417629 22572973
806280996 127728639
152478856 57645939
152478856 127728639
33451738 127728639
687353343 127728639
152601061 57645939
152601061 127728639
482598724 58161244
562264890 127728639
634102865 41901397
634102865 806273961
73198614 58369229
73198614 644826470
152515418 127728639
316242082 127728639
581160648 127728639
581160648 58302133
582876465 22572973
53543996 127728639
53543996 54239475
581494675 127728639
152929885 57645939
152929885 127728639
58140305 127728639
413373425 127728639
152686653 127728639
155848076 127728639
151392106 58161244
581419447 127728639
11197571 127728639
11197571 54239475
74380558 57645939
74380558 22572973
601774963 127728639
4136185 127728639
4136185 38257398
58161244 127728639
41901397 127728639
41901397 634102865
90553166 127728639
152577090 127728639
38257398 4136185
806273961 634102865
58049754 127728639
152566773 127728639
152566773 54239475
152566773 134515287
229459314 127728639
252241143 127728639
54239475 601726764
54239475 298851619
54239475 127728639
54239475 11197571
130257079 22572973
122625670 127728639
134515287 57645939
134515287 127728639
210192304 127728639
167828442 127728639
806253809 127728639
57645939 152929885
57645939 74380558
57645939 152601061
57645939 152478856
57645939 134515287
58267583 127728639
58267583 22572973
306437617 127728639
22572973 130257079
121803261 127728639
58302133 127728639
152680999 252241143
298851619 127728639
298851619 155848076
298851619 54239475
298851619 7417629
75107844 127728639
