24253636 357563924
24253636 9023080
24253636 58381306
155862065 189496096
155862065 58381306
635684275 189496096
184789535 58381306
184789535 189496096
575625835 189496096
575625835 58381306
152680518 189496096
9023080 189496096
9023080 212625333
9023080 84590489
9023080 305150797
9023080 58381306
152939029 57648392
152939029 189496096
802186014 189496096
84590489 9023080
67943479 58381306
67943479 9023080
67943479 189496096
37080791 9023080
57648392 152939029
57648392 84590489
57648392 58381306
57611444 189496096
57611444 58381306
442189652 152680518
442189652 189496096
58420320 189496096
152681753 58381306
189496096 802186014
189496096 67943479
189496096 152680518
189496096 210228165
189496096 212625333
189496096 58420320
189496096 155862065
189496096 357563924
189496096 57611444
189496096 575625835
189496096 635684275
189496096 9023080
189496096 58381306
189496096 184789535
60282689 58381306
60282689 9023080
357563924 189496096
357563924 58381306
210228165 189496096
212625333 189496096
212625333 9023080
26285018 189496096
26285018 305150797
26285018 9023080
26285018 58381306
26285018 184789535
58381306 357563924
58381306 9023080
58381306 57648392
58381306 155862065
58381306 189496096
58381306 24253636
58381306 152681753
58381306 26285018
58381306 184789535
305150797 189496096
305150797 58381306
305150797 9023080
