5065096 58381306
467476553 57650136
58403114 10849707
58403114 216771795
58403114 58381306
326864011 85828833
326864011 633957839
326864011 326864508
326864011 18108921
326864011 216771795
326864011 25715200
326864011 30868692
326864011 82512084
326864011 15369298
85828833 25715200
85828833 15369298
85828833 326864011
30868692 58381306
30868692 82512084
30868692 326864508
30868692 18108921
30868692 216771795
30868692 81377665
30868692 326864011
30868692 15369298
10849707 18108921
10849707 124087500
10849707 421462329
10849707 58403114
10849707 49520839
10849707 216771795
10849707 58381306
8808495 49520839
8808495 216771795
348361564 210199892
185277448 152931958
152931958 58381306
734973629 58381306
15028554 25715200
15028554 26665173
152546207 152934025
152546207 58381306
155877082 216771795
155877082 210199892
155877082 124087500
155877082 58381306
23178845 124087500
23178845 10849707
23178845 9023080
23178845 58381306
18108921 124087500
18108921 144736723
18108921 10849707
18108921 216771795
18108921 215747976
18108921 58381306
18108921 326864011
81377665 30868692
81377665 216771795
81377665 124087500
81377665 18108921
253976942 205885287
51661448 49520839
17725756 24206108
17725756 124087500
45139400 128887590
45139400 38511051
45139400 21214561
421480976 124087500
421480976 58381306
164373620 68972697
164373620 81469914
208638735 21214561
9023080 38511051
9023080 23178845
9023080 216771795
9023080 9501017
9023080 49520839
9023080 124087500
9023080 828447830
9023080 138718103
9023080 58381306
215747976 124087500
215747976 18108921
215747976 58381306
33560451 58381306
210199892 348361564
210199892 155877082
54362560 9287257
54362560 205885287
54362560 49520839
24206108 21926415
24206108 82512084
24206108 32997454
24206108 17725756
24206108 60696338
24206108 107239727
24206108 58381306
57650136 9287257
57650136 467476553
57650136 205885287
57650136 81469914
421462329 18108921
421462329 58246036
421462329 124087500
421462329 922565
421462329 326864011
421462329 58381306
421462329 9023080
421462329 216771795
421462329 10849707
98767486 58381306
98767486 9023080
98767486 18108921
81469914 205885287
81469914 164373620
81469914 57650136
178763644 124087500
178763644 58381306
6030098 124087500
6030098 9023080
152934025 124087500
152899156 58381306
152850166 58381306
633957839 326864011
633957839 421462329
25715200 26665173
25715200 85828833
25715200 326864011
15369298 326864011
15369298 85828833
49520839 326864011
49520839 54362560
49520839 9287257
49520839 51661448
49520839 205885287
49520839 8808495
49520839 58381306
49520839 9023080
49520839 10849707
216771795 82512084
216771795 326864011
414064987 124087500
414064987 58381306
68972697 10849707
68972697 164373620
26665173 25715200
26665173 15028554
326864508 326864011
326864508 81377665
326864508 30868692
138718103 124087500
138718103 9023080
82512084 326864011
82512084 216771795
82512084 30868692
144736723 124087500
144736723 58381306
144736723 18108921
772327954 124087500
772327954 58381306
128887590 45139400
32997454 24206108
32997454 58381306
421501817 58381306
421501817 326864011
421465645 58381306
753894340 24206108
130007536 124087500
130007536 58381306
49497224 298852767
49497224 124087500
49497224 152931958
49497224 58381306
219599083 216771795
224335787 124087500
298852767 49497224
107239727 24206108
124087500 24206108
124087500 17725756
124087500 9501017
124087500 49497224
124087500 414064987
124087500 152934025
124087500 828447830
124087500 33560451
124087500 144736723
124087500 18108921
124087500 298850857
124087500 129985323
124087500 421462329
124087500 178763644
124087500 10849707
124087500 9023080
124087500 81377665
124087500 772327954
124087500 155877082
124087500 215747976
124087500 58381306
124087500 224335787
124087500 130007536
129985323 124087500
129985323 215747976
129985323 58381306
9501017 124087500
9501017 144736723
9501017 216771795
58246036 922565
58246036 421462329
60696338 24206108
152501090 124087500
152501090 9023080
152571680 58381306
21588315 163543991
21214561 208638735
21214561 45139400
21214561 21926415
21214561 922565
163543991 58381306
9287257 205885287
9287257 54362560
9287257 49520839
9287257 58381306
2634374 128887590
2634374 18108921
2634374 58381306
2634374 9023080
58381306 144736723
58381306 772327954
58381306 18108921
58381306 9023080
58381306 32997454
58381306 124087500
58381306 215747976
58381306 9287257
58381306 152580351
58381306 10849707
58381306 421465645
58381306 216771795
58381306 23178845
58381306 163543991
58381306 326864011
58381306 130007536
38511051 45139400
38511051 9501017
38511051 9023080
208535296 124087500
298850857 124087500
828447830 58381306
828447830 9023080
828447830 124087500
21926415 99560160
21926415 21214561
21926415 138718103
21926415 24206108
21926415 57650136
21926415 216771795
205885287 9287257
205885287 253976942
205885287 81469914
205885287 54362560
205885287 57650136
205885287 49520839
152580351 58381306
62305021 178763644
922565 58246036
922565 326864011
