806271395 15659139
11847222 97579096
11847222 30936859
11847222 210187288
11847222 15659139
11847222 302408074
11847222 152693521
11847222 57646229
57652208 97579096
57652208 15659139
57652208 34430146
57652208 57847332
57652208 57646229
155818605 15659139
152574451 15659139
152574451 34430146
302408074 15659139
302408074 34430146
302408074 155824882
302408074 11847222
302408074 57646229
298833385 15659139
152693521 15659139
152693521 34430146
152693521 30580176
152693521 152577359
152693521 57847332
152693521 11847222
152693521 57646229
152693521 130731772
205885010 15659139
205885010 34430146
205885010 30580176
205885010 57847332
205885010 57646229
27651253 15659139
27651253 18614681
459622685 15659139
210187710 15659139
155818538 15659139
155818538 34430146
155818538 152574451
155818538 30580176
155818538 57847332
155818538 48309656
155818538 129309867
44980091 298833385
44980091 15659139
8673978 15659139
8673978 34430146
8673978 152846352
8673978 30580176
8673978 57847332
8673978 57646229
580924494 15659139
57347903 15659139
50850480 15659139
152939178 15659139
152577359 57347903
152577359 15659139
152577359 580911760
152577359 49164132
152577359 152693521
152577359 152621072
34430146 210187288
34430146 72132580
34430146 155818538
34430146 57649554
34430146 15659139
34430146 152574451
34430146 9594453
34430146 210187791
34430146 580911760
34430146 205885010
34430146 57652208
34430146 58160056
34430146 49164132
34430146 8673978
34430146 152693521
34430146 57646657
34430146 30580176
34430146 45216259
34430146 57847332
34430146 48309656
34430146 152621072
34430146 18614681
34430146 302408074
34430146 152594679
34430146 57646229
15659139 34430146
15659139 101698465
15659139 101699923
15659139 57847332
15659139 18614681
15659139 30580176
15659139 11847222
15659139 130731772
736984621 15659139
129309867 15659139
210187791 15659139
210187791 34430146
210187791 30580176
210187791 57847332
210187791 57646229
210187791 130731772
210187791 57644609
49164132 15659139
49164132 34430146
49164132 152577359
49164132 57646229
49164132 57644609
18614681 15659139
18614681 34430146
18614681 133053809
18614681 30580176
18614681 27651253
18614681 30936859
18614681 155875569
35547885 15659139
57588213 15659139
58105745 15659139
101698465 15659139
101698465 30580176
101698465 18614681
581697782 15659139
133053809 15659139
152621072 210187288
152621072 15659139
152621072 34430146
152621072 30580176
152621072 152577359
58060563 15659139
58060563 133053809
112140673 15659139
582399231 15659139
34719187 15659139
44755072 15659139
44755072 57646229
522544816 15659139
30580176 97579096
30580176 57649554
30580176 34430146
30580176 210187791
30580176 205885010
30580176 101698465
30580176 8673978
30580176 152693521
30580176 45216259
30580176 179482281
30580176 57847332
30580176 152621072
30580176 18614681
30580176 57646657
30580176 15659139
30580176 155875569
30580176 57646229
196303542 15659139
83527353 15659139
319190431 15659139
37602108 15659139
37602108 57646229
210187288 15659139
210187288 34430146
210187288 57847332
210187288 152621072
210187288 11847222
210187288 57646229
581458100 15659139
32890868 15659139
155875569 30580176
155875569 15659139
155875569 18614681
155875569 34430146
155875569 57847332
155875569 152846352
155875569 155824882
155875569 57646229
155875569 57644609
581901636 15659139
580970061 15659139
95765334 15659139
298848214 15659139
582238532 15659139
9594453 15659139
9594453 34430146
581582364 15659139
179482281 15659139
179482281 30580176
57644609 15659139
57644609 45216259
57644609 155824882
57644609 155875569
57644609 581276684
57644609 210187791
58160056 15659139
58160056 57847332
581276684 15659139
101699923 15659139
57847332 210187288
57847332 97579096
57847332 155818538
57847332 15659139
57847332 34430146
57847332 210187791
57847332 205885010
57847332 57652208
57847332 58160056
57847332 210228459
57847332 8673978
57847332 152693521
57847332 30580176
57847332 155875569
57847332 57646229
152594679 34430146
152594679 57646229
97579096 57652208
97579096 30580176
97579096 57847332
97579096 11847222
57649554 15659139
57649554 34430146
57649554 30580176
57649554 57646229
45216259 15659139
45216259 34430146
45216259 152693521
45216259 302408074
45216259 57644609
72132580 15659139
72132580 34430146
72132580 18614681
72132580 130731772
582555585 15659139
580911760 15659139
580911760 34430146
580911760 57646229
537039947 15659139
30936859 15659139
30936859 18614681
30936859 11847222
30936859 57646229
155855556 15659139
52573297 15659139
52573297 57646229
155824882 15659139
155824882 302408074
155824882 155875569
155824882 57644609
57646657 34430146
57646657 48309656
57646657 30580176
57646657 15659139
155851980 15659139
152232807 15659139
152232807 34430146
152232807 133053809
152232807 101698465
152232807 37602108
210228459 15659139
210228459 57847332
210228459 57646229
48309656 155818538
48309656 15659139
48309656 34430146
48309656 133053809
48309656 57646657
130731772 15659139
130731772 152693521
130731772 57646229
130731772 210187791
130731772 57644609
582240065 15659139
298856064 15659139
152846352 15659139
152846352 8673978
152846352 155875569
152846352 57646229
582034176 15659139
57646229 11847222
57646229 52573297
57646229 57847332
57646229 8673978
57646229 205885010
57646229 155875569
57646229 30936859
57646229 57649554
57646229 37602108
57646229 210228459
57646229 57652208
57646229 49164132
57646229 44755072
57646229 152846352
57646229 152594679
57646229 152693521
57646229 210187791
57646229 30580176
57646229 580911760
57646229 302408074
57646229 210187288
57646229 130731772
