47963304 127204564
30862761 127204564
30862761 129205834
6344671 75344077
24496540 14917469
24496540 129205834
24496540 127386905
57431207 44858294
48491836 25471793
48491836 127204564
293504620 127204564
35301479 127204564
75344077 6344671
75344077 72461919
48129616 127204564
4775088 72461919
75373798 127204564
157823378 127204564
75364514 127204564
744627768 127204564
24701468 127204564
44291828 19661698
44291828 129205834
48744884 127204564
129205834 30862761
129205834 127204564
129205834 72461919
129205834 44291828
129205834 24496540
42084569 127204564
56920858 72461919
82738530 127204564
19661698 44291828
48161459 127204564
72461919 75344077
72461919 56920858
72461919 4775088
33627684 127204564
107050 127204564
47953442 127204564
44261432 127204564
72458277 127204564
47678836 127204564
300691864 127204564
59559452 127204564
127386905 18625244
127386905 24496540
14917469 24496540
127204564 58974315
69861804 127204564
132798112 127204564
44158566 127204564
55019373 127204564
58974315 127204564
