836611576 836611871
836611576 195645403
836611576 313527055
836611576 665097900
836611576 568590562
836611576 128688238
836611576 836611691
836611576 836611554
836611576 665103161
836611576 827818410
836611576 836611610
836611576 756794047
836611576 836611590
836611576 687275360
836611576 814064892
836611576 756794045
836611576 836611422
836611576 836611401
836611576 240742477
836611590 836611871
836611590 195645403
836611590 313527055
836611590 665097900
836611590 568590562
836611590 128688238
836611590 836611691
836611590 836611554
836611590 665103161
836611590 827818410
836611590 836611610
836611590 756794047
836611590 836611576
836611590 687275360
836611590 814064892
836611590 756794045
836611590 836611422
836611590 836611401
836611590 240742477
665097900 128688238
690989616 128688238
301967234 534879821
301967234 128688238
301967234 152941657
301967234 534778900
301967234 58031162
301967234 133489501
301967234 57993956
301967234 163998102
301967234 177628302
301967234 836611421
301967234 52582253
301967234 152816212
301967234 129653246
301967234 295340774
301967234 58431863
14071575 15979479
14071575 177628302
14071575 129653246
58160153 23624761
58160153 57994201
58160153 152891963
754521520 128688238
754521520 307939853
754521520 815305191
754521520 757652071
754521520 687315464
836611401 836611871
836611401 195645403
836611401 313527055
836611401 665097900
836611401 568590562
836611401 836611691
836611401 836611554
836611401 665103161
836611401 827818410
836611401 836611610
836611401 756794047
836611401 836611590
836611401 836611576
836611401 687275360
836611401 814064892
836611401 756794045
836611401 836611422
836611401 240742477
133489501 128688238
133489501 301967234
133489501 57993956
827818410 128688238
806170803 58431863
836611696 836611871
836611696 195645403
836611696 313527055
836611696 665097900
836611696 568590562
836611696 836611691
836611696 836611554
836611696 665103161
836611696 827818410
836611696 836611610
836611696 756794047
836611696 836611590
836611696 836611576
836611696 687275360
836611696 814064892
836611696 756794045
836611696 836611422
836611696 240742477
756794047 836611871
756794047 195645403
756794047 313527055
756794047 665097900
756794047 568590562
756794047 128688238
756794047 836611691
756794047 836611554
756794047 665103161
756794047 827818410
756794047 836611610
756794047 836611590
756794047 836611576
756794047 687275360
756794047 814064892
756794047 756794045
756794047 836611422
756794047 836611401
756794047 240742477
836611871 195645403
836611871 665097900
836611871 568590562
836611871 836611691
836611871 836611554
836611871 665103161
836611871 827818410
836611871 836611610
836611871 756794047
836611871 836611590
836611871 836611576
836611871 687275360
836611871 814064892
836611871 756794045
836611871 836611422
836611871 836611401
836611871 240742477
815305191 128688238
815305191 307939853
815305191 754521520
815305191 757652071
815305191 687315464
295340774 301967234
295340774 319926211
295340774 129653246
295340774 23624761
295340774 184977931
295340774 57993956
295340774 58031162
295340774 128688238
295340774 534778900
295340774 177628302
295340774 58431863
85795340 23624761
85795340 177628302
85795340 90887772
85795340 129653246
85795340 58431863
57335355 128688238
646867144 836611871
646867144 195645403
646867144 313527055
646867144 665097900
646867144 568590562
646867144 836611691
646867144 836611554
646867144 665103161
646867144 827818410
646867144 836611610
646867144 756794047
646867144 836611590
646867144 836611576
646867144 687275360
646867144 756794045
646867144 836611422
646867144 836611401
646867144 240742477
17521543 128688238
152713123 26466683
152713123 128688238
152713123 58031162
152713123 58431863
534778900 85795340
534778900 319926211
534778900 128688238
534778900 58031162
534778900 133489501
534778900 15979479
534778900 301967234
534778900 184977931
534778900 57993956
534778900 58010365
534778900 163998102
534778900 129653246
534778900 295340774
534778900 58431863
836611856 128688238
757652071 128688238
757652071 307939853
757652071 815305191
757652071 754521520
757652071 687315464
534770221 128688238
534770221 58010365
534770221 58431863
756794045 836611871
756794045 195645403
756794045 313527055
756794045 665097900
756794045 568590562
756794045 128688238
756794045 836611691
756794045 836611554
756794045 665103161
756794045 827818410
756794045 836611610
756794045 756794047
756794045 836611590
756794045 836611576
756794045 687275360
756794045 814064892
756794045 836611422
756794045 836611401
756794045 240742477
26466683 128688238
26466683 152713123
26466683 90887772
26466683 58431863
163998102 128688238
163998102 57993956
163998102 129653246
163998102 58431863
152891963 58160153
152891963 128688238
152891963 57994201
307939853 128688238
307939853 815305191
307939853 754521520
307939853 757652071
307939853 687315464
184977931 58160153
184977931 23624761
184977931 128688238
184977931 58264689
184977931 534778900
184977931 58031162
184977931 133489501
184977931 57994201
184977931 58010365
184977931 163998102
184977931 295340774
184977931 58431863
307480727 836611871
307480727 195645403
307480727 313527055
307480727 665097900
307480727 128688238
307480727 836611691
307480727 836611554
307480727 665103161
307480727 827818410
307480727 836611610
307480727 756794047
307480727 836611590
307480727 836611576
307480727 687275360
307480727 814064892
307480727 756794045
307480727 836611422
307480727 836611401
307480727 240742477
58010365 23624761
58010365 319926211
58010365 128688238
58010365 534778900
58010365 14071575
58010365 184977931
58010365 57993956
58010365 534770221
58010365 90887772
58010365 129653246
58010365 58031162
58010365 58431863
177628302 85795340
177628302 128688238
177628302 15979479
177628302 301967234
177628302 14071575
177628302 295340774
177628302 58431863
90887772 26466683
90887772 128688238
90887772 301967234
90887772 129653246
23624761 85795340
23624761 128688238
65438553 128688238
833321047 128688238
504772622 128688238
195645403 836611871
195645403 313527055
195645403 665097900
195645403 568590562
195645403 128688238
195645403 836611691
195645403 836611554
195645403 665103161
195645403 827818410
195645403 836611610
195645403 756794047
195645403 836611590
195645403 836611576
195645403 687275360
195645403 814064892
195645403 756794045
195645403 836611422
195645403 836611401
195645403 240742477
534879821 128688238
836611691 836611871
836611691 195645403
836611691 313527055
836611691 665097900
836611691 568590562
836611691 128688238
836611691 836611554
836611691 665103161
836611691 827818410
836611691 836611610
836611691 756794047
836611691 836611590
836611691 836611576
836611691 687275360
836611691 814064892
836611691 756794045
836611691 836611422
836611691 836611401
836611691 240742477
836611421 128688238
836611422 836611871
836611422 195645403
836611422 313527055
836611422 665097900
836611422 568590562
836611422 128688238
836611422 836611691
836611422 836611554
836611422 665103161
836611422 827818410
836611422 836611610
836611422 756794047
836611422 836611590
836611422 836611576
836611422 687275360
836611422 814064892
836611422 756794045
836611422 836611401
836611422 240742477
58264689 128688238
58264689 152941657
58264689 14071575
58264689 184977931
58264689 57993956
58264689 58431863
568590562 836611871
568590562 195645403
568590562 313527055
568590562 665097900
568590562 128688238
568590562 836611691
568590562 836611554
568590562 665103161
568590562 827818410
568590562 836611610
568590562 756794047
568590562 836611590
568590562 836611576
568590562 687275360
568590562 814064892
568590562 756794045
568590562 836611422
568590562 836611401
568590562 240742477
836611610 836611871
836611610 195645403
836611610 313527055
836611610 665097900
836611610 568590562
836611610 128688238
836611610 836611691
836611610 836611554
836611610 665103161
836611610 827818410
836611610 756794047
836611610 836611590
836611610 836611576
836611610 687275360
836611610 814064892
836611610 756794045
836611610 836611422
836611610 836611401
836611610 240742477
240742477 836611871
240742477 195645403
240742477 313527055
240742477 665097900
240742477 568590562
240742477 128688238
240742477 836611691
240742477 836611554
240742477 665103161
240742477 827818410
240742477 836611610
240742477 756794047
240742477 836611590
240742477 836611576
240742477 687275360
240742477 814064892
240742477 756794045
240742477 836611422
240742477 836611401
836611554 836611871
836611554 195645403
836611554 313527055
836611554 665097900
836611554 568590562
836611554 128688238
836611554 836611691
836611554 665103161
836611554 827818410
836611554 836611610
836611554 756794047
836611554 836611590
836611554 836611576
836611554 687275360
836611554 814064892
836611554 756794045
836611554 836611422
836611554 836611401
836611554 240742477
754578193 836611871
754578193 195645403
754578193 313527055
754578193 665097900
754578193 568590562
754578193 128688238
754578193 836611691
754578193 836611554
754578193 665103161
754578193 827818410
754578193 836611610
754578193 836611590
754578193 836611576
754578193 687275360
754578193 814064892
754578193 756794045
754578193 836611422
754578193 836611401
754578193 240742477
687275360 128688238
534751496 128688238
534766087 128688238
581161639 128688238
128164488 57993956
152816212 23624761
152816212 128688238
152816212 58031162
152816212 301967234
152816212 58431863
163880322 58431863
129653246 85795340
129653246 128688238
129653246 534778900
129653246 301967234
129653246 57994201
129653246 58010365
129653246 163998102
129653246 90887772
129653246 534766801
129653246 295340774
129653246 58431863
52582253 301967234
665103161 836611871
665103161 195645403
665103161 313527055
665103161 665097900
665103161 568590562
665103161 128688238
665103161 836611691
665103161 836611554
665103161 827818410
665103161 836611610
665103161 756794047
665103161 836611590
665103161 836611576
665103161 687275360
665103161 814064892
665103161 756794045
665103161 836611422
665103161 836611401
665103161 240742477
57994201 58160153
57994201 23624761
57994201 128688238
57994201 58031162
57994201 14071575
57994201 184977931
57994201 57993956
57994201 129653246
57994201 152891963
58031162 128688238
58031162 184977931
58031162 58431863
560005241 836611871
560005241 195645403
560005241 313527055
560005241 665097900
560005241 568590562
560005241 128688238
560005241 836611691
560005241 836611554
560005241 827818410
560005241 836611610
560005241 756794047
560005241 836611590
560005241 836611576
560005241 687275360
560005241 814064892
560005241 756794045
560005241 836611422
560005241 836611401
560005241 240742477
152835888 128688238
152835888 57993956
152835888 129653246
152835888 58431863
307649250 836611871
307649250 195645403
307649250 313527055
307649250 665097900
307649250 568590562
307649250 128688238
307649250 836611691
307649250 836611554
307649250 665103161
307649250 827818410
307649250 836611610
307649250 756794047
307649250 836611590
307649250 836611576
307649250 687275360
307649250 814064892
307649250 756794045
307649250 836611422
307649250 836611401
313527055 128688238
15979479 128688238
15979479 534778900
15979479 14071575
15979479 177628302
836611545 128688238
57993956 128688238
57993956 58031162
57993956 133489501
57993956 128164488
57993956 301967234
57993956 152835888
57993956 57994201
57993956 58010365
57993956 163998102
57993956 129653246
57993956 295340774
57993956 58431863
814064892 836611871
814064892 195645403
814064892 313527055
814064892 665097900
814064892 568590562
814064892 836611691
814064892 836611554
814064892 665103161
814064892 827818410
814064892 836611610
814064892 756794047
814064892 836611590
814064892 836611576
814064892 687275360
814064892 756794045
814064892 836611422
814064892 836611401
814064892 240742477
389620718 836611871
389620718 195645403
389620718 313527055
389620718 665097900
389620718 568590562
389620718 128688238
389620718 836611691
389620718 836611554
389620718 665103161
389620718 827818410
389620718 836611610
389620718 836611590
389620718 836611576
389620718 687275360
389620718 814064892
389620718 756794045
389620718 836611422
389620718 836611401
389620718 240742477
120132520 128688238
60275940 128688238
307939848 836611871
307939848 195645403
307939848 313527055
307939848 665097900
307939848 568590562
307939848 836611691
307939848 836611554
307939848 665103161
307939848 827818410
307939848 836611610
307939848 756794047
307939848 836611590
307939848 836611576
307939848 687275360
307939848 814064892
307939848 756794045
307939848 836611422
307939848 240742477
2220216 128688238
687315464 128688238
687315464 307939853
687315464 815305191
687315464 754521520
687315464 757652071
836611330 836611871
836611330 195645403
836611330 313527055
836611330 665097900
836611330 568590562
836611330 128688238
836611330 836611691
836611330 836611554
836611330 665103161
836611330 827818410
836611330 836611610
836611330 756794047
836611330 836611590
836611330 687275360
836611330 814064892
836611330 756794045
836611330 836611422
836611330 836611401
836611330 240742477
432679346 836611871
432679346 195645403
432679346 313527055
432679346 665097900
432679346 568590562
432679346 128688238
432679346 836611691
432679346 836611554
432679346 665103161
432679346 827818410
432679346 836611610
432679346 756794047
432679346 836611590
432679346 836611576
432679346 687275360
432679346 814064892
432679346 756794045
432679346 836611422
432679346 836611401
432679346 240742477
58431863 163998102
58431863 295340774
58431863 58031162
58431863 128688238
58431863 534778900
58431863 534770221
58431863 129653246
58431863 319926211
58431863 26466683
58431863 57993956
58431863 806170803
58431863 58010365
58431863 85795340
58431863 177628302
534766801 128688238
534766801 129653246
319926211 295340774
319926211 58010365
319926211 128688238
534773695 128688238
534773695 129653246
