20588926 6579930
812499437 6579930
605021893 6579930
60711169 4044668
60711169 4434126
60711169 6579930
582323582 6579930
57648284 57650568
57648284 81482943
57648284 57646483
57648284 6529335
57648284 11981482
57648284 152734733
57648284 6579930
57648284 421485299
57648284 581015265
57648284 580893613
57648284 634007240
534451827 152885359
534451827 6579930
81482943 4044668
81482943 6579930
81482943 57648284
54393787 58284825
54393787 2347984
54393787 6579930
4434126 60711169
4434126 58284825
4434126 6579930
4434126 6529335
4434126 57650568
58284825 6579930
132589822 6579930
82641614 6579930
41429762 6579930
572780969 6579930
756757491 6579930
152734733 6579930
152734733 57648284
219243417 6579930
560008350 6579930
582103226 6579930
131356072 6579930
155819158 6579930
13402114 6579930
25024968 4044668
36656058 6579930
152885359 60711169
152885359 6579930
152885359 6529335
152885359 11981482
152885359 580893613
152885359 534451827
836611513 6579930
305773549 6579930
60329994 6579930
421485299 57648284
421485299 6579930
114837199 6579930
114837199 421524931
634007240 57648284
152840243 6579930
580924924 58284825
580924924 6579930
806256858 6579930
421524931 6579930
421524931 114837199
152913194 4434126
152919926 6579930
833538145 6579930
833334776 6579930
152941117 6579930
152533759 6579930
4044668 81482943
4044668 60711169
4044668 4434126
4044668 6579930
4044668 57646483
74647578 24970946
74647578 6579930
161162586 6579930
283826089 6579930
223844121 6579930
64410808 6579930
316991302 6579930
57646483 4044668
57646483 11981482
57646483 6529335
57646483 6579930
57646483 72125330
57646483 57648284
813403317 6579930
57470445 6579930
24970946 6579930
581015265 57648284
29216058 6579930
31778791 58284825
184620234 6579930
72125330 57646483
57650568 4434126
57650568 6579930
57650568 57648284
8807203 6579930
2347984 58284825
2347984 54393787
480939423 6579930
210186989 6579930
229677555 6579930
152571849 6579930
833461717 6579930
17847055 6579930
152788980 6579930
22187329 6579930
2520437 4434126
2520437 6579930
44759626 6579930
23473331 6579930
23473331 11981482
580893613 58284825
580893613 6579930
580893613 152885359
580893613 6529335
580893613 57648284
6529335 86012652
6529335 4434126
6529335 6579930
6529335 152885359
6529335 11981482
6529335 57646483
6529335 580893613
6529335 57648284
11981482 4044668
11981482 23473331
11981482 152885359
11981482 6529335
11981482 57646483
11981482 57648284
364191578 6579930
689798216 6579930
86012652 6579930
86012652 6529335
152694969 6579930
30966445 6579930
52572044 4434126
52572044 6579930
