8483059 58441678
152620327 52705109
152620327 57588057
145456436 74966420
145456436 52705109
145456436 57588057
145456436 57646746
145456436 57643396
145456436 152659062
145456436 57652254
145456436 57643769
145456436 152888749
145456436 13272584
145456436 132145724
145456436 6860888
145456436 57652137
132787142 58441678
679058181 57588057
679058181 57646746
679058181 27547055
679058181 57645905
679058181 58441678
679058181 13272584
748334089 57588057
748334089 57652137
152632376 152727798
152632376 52705109
152632376 57588057
152632376 13272584
152603414 58441678
57643396 57643588
57643396 52705109
57643396 57588057
57643396 57645905
57643396 145456436
57643396 13272584
57643396 132145724
57643396 6860888
57643396 57652137
552538740 57588057
552538740 58441678
152575303 58441678
27547055 57643588
27547055 49178809
27547055 57588142
27547055 74966420
27547055 52705109
27547055 57588057
27547055 21007463
27547055 57646746
27547055 57648462
27547055 679058181
27547055 57652254
27547055 103400633
27547055 152937417
27547055 58441678
27547055 138143515
27547055 58284737
27547055 60691450
27547055 152898768
27547055 155816962
27547055 57643769
27547055 13272584
27547055 132145724
27547055 6860888
27547055 57652137
27547055 82642870
57646746 57588057
57646746 21007463
57646746 27547055
57646746 679058181
57646746 103400633
57646746 58441678
57646746 152855115
57646746 145456436
57646746 60691450
57646746 57643769
57646746 13272584
57646746 132145724
57646746 57652137
138143515 57588057
138143515 27547055
138143515 58441678
138143515 152898768
139258512 57588057
298832832 58441678
152688556 57588057
57645905 57588057
57645905 82636837
57645905 57643396
57645905 679058181
57645905 58441678
152855115 7169415
152855115 57588057
152855115 21007463
152855115 152810848
152855115 57646746
152855115 57652254
152855115 103400633
152855115 58284737
152855115 60691450
152855115 155816962
152855115 13272584
152855115 132145724
152855115 6860888
152855115 57652137
180739122 57588057
57468828 57643588
57468828 52705109
57468828 57588057
57468828 58441678
152688511 58441678
541482267 58441678
517526857 52705109
517526857 57588057
517526857 58441678
517526857 57652137
78826005 74966420
78826005 57588057
78826005 58441678
78826005 132145724
50643395 57588057
50643395 57652137
833698781 58441678
57652254 57643588
57652254 57588142
57652254 57588057
57652254 152810848
57652254 27547055
57652254 103400633
57652254 58441678
57652254 152855115
57652254 145456436
57652254 57643769
57652254 132145724
57652254 6860888
57652254 57652137
57648462 52705109
57648462 57588057
57648462 27547055
57648462 58441678
57648462 57643769
57648462 132145724
57648462 6860888
57648462 57652137
229032635 52705109
58284737 52705109
58284737 27547055
58284737 58441678
58284737 152855115
585094886 58441678
291787466 58441678
13272584 57643588
13272584 82724093
13272584 7169415
13272584 57588057
13272584 21007463
13272584 90450004
13272584 152810848
13272584 57646746
13272584 27547055
13272584 534114214
13272584 57643396
13272584 307371074
13272584 679058181
13272584 152797348
13272584 103400633
13272584 58441678
13272584 152855115
13272584 145456436
13272584 152632376
13272584 132145724
13272584 6860888
13272584 82642870
57643769 57643588
57643769 57588057
57643769 21007463
57643769 57646746
57643769 27547055
57643769 57648462
57643769 57652254
57643769 103400633
57643769 58441678
57643769 145456436
57643769 60691450
57643769 152898768
57643769 581012470
57643769 132145724
57643769 6860888
57643769 82642870
57643769 58265013
215744988 57588057
21007463 152727798
21007463 57588057
21007463 27547055
21007463 58441678
21007463 152855115
21007463 152898768
21007463 57643769
21007463 13272584
21007463 82642870
21007463 58265013
634102559 57588057
634102559 58441678
82724093 58072846
82724093 57588057
82724093 13272584
52705109 49178809
52705109 601693763
52705109 57588142
52705109 74966420
52705109 57588057
52705109 90450004
52705109 152810848
52705109 27547055
52705109 57648462
52705109 57643396
52705109 103400633
52705109 58441678
52705109 145456436
52705109 152632376
52705109 58284737
52705109 57468828
52705109 50855560
52705109 132145724
52705109 6860888
52705109 57652137
52705109 82642870
522802882 58441678
82636837 57588057
82636837 58078189
82636837 57645905
132145724 27547055
132145724 57646746
132145724 57588057
132145724 57648462
132145724 58441678
132145724 60691450
132145724 152888749
132145724 78826005
132145724 57643588
132145724 52705109
132145724 152855115
132145724 57643769
132145724 13272584
132145724 57643396
132145724 145456436
132145724 57652254
132145724 6860888
132145724 57652137
57643588 57588057
57643588 27547055
57643588 57643396
57643588 57652254
57643588 58441678
57643588 57643769
57643588 57468828
57643588 13272584
57643588 132145724
152930448 58441678
422208400 57588057
534114214 58441678
534114214 13272584
534114214 6860888
534114214 58265013
581172032 58441678
152797348 52705109
152797348 57588057
152797348 152898768
152797348 13272584
103400633 52705109
103400633 57588057
103400633 58078189
103400633 57646746
103400633 27547055
103400633 58441678
103400633 152855115
103400633 60691450
103400633 57643769
103400633 13272584
40465966 57588057
57588057 57643588
57588057 57588142
57588057 74966420
57588057 82724093
57588057 52705109
57588057 748334089
57588057 50643395
57588057 21007463
57588057 58078189
57588057 139258512
57588057 57646746
57588057 27547055
57588057 57645905
57588057 57648462
57588057 57643396
57588057 679058181
57588057 57652254
57588057 103400633
57588057 152937417
57588057 58441678
57588057 585094886
57588057 152855115
57588057 138143515
57588057 145456436
57588057 152688556
57588057 152632376
57588057 152688511
57588057 634102559
57588057 60691450
57588057 152898768
57588057 215744988
57588057 57643769
57588057 13272584
57588057 422208400
57588057 132145724
57588057 6860888
57588057 57652137
57588057 82642870
58156239 58441678
58072846 82724093
49178809 57588142
49178809 52705109
49178809 27547055
49178809 58441678
581012470 57643769
151053585 57588057
50855560 52705109
50855560 152810848
50855560 57652254
152888749 58441678
152888749 145456436
152888749 132145724
90450004 13272584
152727798 21007463
152727798 58441678
57588142 49178809
57588142 52705109
57588142 57588057
57588142 27547055
57588142 57652254
57588142 58441678
57588142 60691450
100267216 52705109
152733106 57588057
152733106 132145724
7169415 57588057
7169415 58441678
7169415 152855115
7169415 152898768
7169415 13272584
152898768 74966420
152898768 57588057
152898768 21007463
152898768 27547055
152898768 152937417
152898768 58441678
152898768 138143515
152898768 60691450
152898768 57643769
152898768 6860888
58078189 57588057
58078189 82636837
58078189 103400633
744358939 58441678
155816962 27547055
155816962 152855115
155816962 58265013
82642870 57643769
82642870 27547055
82642870 57588057
82642870 52705109
82642870 13272584
82642870 21007463
152810848 52705109
152810848 57652254
152810848 152855115
152810848 50855560
152810848 13272584
152810848 57652137
60691450 57588142
60691450 57588057
60691450 57646746
60691450 27547055
60691450 103400633
60691450 58441678
60691450 152855115
60691450 152898768
60691450 57643769
60691450 132145724
57652137 27547055
57652137 57652254
57652137 57648462
57652137 152810848
57652137 57646746
57652137 57588057
57652137 132145724
57652137 57643396
57652137 145456436
57652137 6860888
57652137 52705109
57652137 152855115
57652137 50643395
57652137 748334089
57652137 517526857
74966420 78826005
74966420 52705109
74966420 57588057
74966420 27547055
74966420 58441678
74966420 145456436
74966420 152898768
211476074 58441678
58441678 57643588
58441678 49178809
58441678 57588142
58441678 74966420
58441678 57588057
58441678 21007463
58441678 27547055
58441678 534114214
58441678 679058181
58441678 103400633
58441678 744358939
58441678 138143515
58441678 152688511
58441678 634102559
58441678 60691450
58441678 152898768
58441678 57643769
58441678 152575303
58441678 13272584
58441678 132145724
58441678 6860888
307371074 57588057
307371074 58441678
307371074 13272584
601693763 52705109
6860888 27547055
6860888 58441678
6860888 57588057
6860888 57648462
6860888 534114214
6860888 132145724
6860888 57643396
6860888 152855115
6860888 52705109
6860888 152688511
6860888 145456436
6860888 13272584
6860888 601693763
6860888 57652137
634232178 57588057
634232178 58441678
58265013 57643769
152659062 145456436
152937417 52705109
152937417 57588057
152937417 27547055
152937417 103400633
152937417 58104132
152937417 152898768
152724948 58441678
