8891356 127166025
8891356 77099989
350592082 57643426
633942390 127166025
305443842 127166025
152735831 127166025
152735831 57643426
152857796 152677878
152857796 806239301
152857796 127166025
6064591 127166025
6064591 295336528
93875347 127166025
46909770 127166025
57577434 152787928
57577434 127166025
152899681 127166025
152482193 127166025
152692682 57651778
152692682 127166025
57643426 132496880
57643426 127166025
57643426 8786371
57643426 8673978
57643426 152655615
57643426 152735831
57643426 155834141
57643426 57648376
57643426 350592082
152655615 127166025
152655615 57643426
152787928 127166025
152787928 57577434
295336528 127166025
295336528 6064591
834171564 127166025
8673978 152677878
8673978 552504842
8673978 127166025
8673978 57643426
580911971 127166025
152929151 127166025
833603193 127166025
833698136 127166025
58018277 152808009
58018277 127166025
97825923 127166025
57648376 57651778
57648376 127166025
57648376 57643426
152475637 127166025
505856896 127166025
52087382 127166025
834277832 127166025
152817877 127166025
152817877 132496880
836611641 836611588
152524804 127166025
298835011 8786371
298835011 127166025
152677878 8673978
152677878 127166025
833317778 127166025
812469896 127166025
152955176 127166025
152955176 58018277
155834141 127166025
155834141 152876347
155834141 57643426
152808009 58018277
152808009 127166025
634024914 127166025
152847940 127166025
152876347 155834141
152876347 8673978
152876347 127166025
152876347 77099989
77099989 127166025
77099989 152876347
77099989 8891356
132496880 127166025
132496880 152817877
132496880 57643426
152681998 127166025
57651778 57648376
57651778 127166025
57580670 127166025
130496414 127166025
552504842 152630905
552504842 8673978
552504842 127166025
552504842 152850728
152850728 552504842
152850728 127166025
152801170 86407913
152801170 127166025
833409565 127166025
754761449 127166025
833389281 127166025
812460211 127166025
215719147 127166025
152711347 127166025
122068307 127166025
832622579 127166025
52062118 127166025
834145569 127166025
758003360 127166025
58472573 127166025
152487012 127166025
86407913 127166025
86407913 152801170
8786371 127166025
8786371 57643426
828489902 127166025
828489902 57580670
152523489 127166025
806239301 152857796
806239301 127166025
752096002 127166025
77713483 127166025
509766583 127166025
806265573 127166025
719410392 127166025
833349484 127166025
152630905 127166025
152678816 127166025
128732417 127166025
152431962 127166025
152807728 127166025
152681833 152932665
152681833 127166025
836611588 836611641
737995802 834171564
737995802 57648376
737995802 833603193
737995802 127166025
152932665 127166025
152932665 152681833
