58330918 50599036
58330918 730591747
58330918 5751562
58330918 42106086
58330918 27796444
58330918 185621848
58330918 142737688
58330918 21343473
58330918 103497543
58330918 57605752
58330918 609146609
58330918 52584520
58330918 57607013
58330918 56902659
58330918 57648628
58330918 56970728
58330918 27524098
58330918 76175202
58330918 50651829
58330918 14794735
58183272 152906222
58183272 56902659
58183272 57648628
58183272 129985323
58183272 14794735
298852695 5751562
27524098 57605752
27524098 31815906
27524098 58330918
27524098 299266368
27524098 42106086
14794735 57648628
14794735 254993545
14794735 58183272
14794735 129985323
14794735 298848686
45163613 4744731
45163613 57605752
45163613 50651829
45163613 677179984
152785122 57607013
152785122 5751562
152785122 50599036
152785122 205884897
152785122 33266338
152785122 31815906
152785122 730591747
152785122 299266368
152785122 57648628
152785122 56970728
5751562 103497543
5751562 33266338
5751562 158174675
5751562 31815906
5751562 58335865
5751562 21343473
5751562 298852695
5751562 152785122
5751562 57607013
5751562 677179984
5751562 56970728
5751562 50599036
5751562 58008972
5751562 609146609
5751562 4744731
5751562 57605752
5751562 58330918
5751562 5581510
5751562 299266368
5751562 57646754
5751562 44759283
5751562 50651829
5751562 58446542
57646754 57605752
57646754 152785122
57646754 57648628
57646754 58008972
57646754 50599036
57646754 5751562
57646754 328326454
57646754 5581510
57646754 52584520
57646754 730591747
57646754 103497543
57646754 44759283
78541096 52584520
78541096 730591747
78541096 58008972
78541096 50599036
78541096 57648628
58008972 103497543
58008972 33266338
58008972 158174675
58008972 52584520
58008972 21343473
58008972 5751562
58008972 12991021
58008972 78541096
58008972 57605752
58008972 167840892
58008972 299266368
58008972 56902659
58008972 677179984
58008972 57648628
58008972 57646754
58008972 56970728
58008972 44759283
142737688 13360717
142737688 158174675
142737688 31815906
142737688 609146609
142737688 58330918
142737688 21688854
142737688 677179984
142737688 57648628
142737688 58446542
33266338 13360717
33266338 5751562
33266338 50599036
33266338 58008972
33266338 57995658
33266338 21343473
33266338 152785122
33266338 609146609
33266338 730591747
33266338 4744731
33266338 57605752
33266338 21688854
33266338 299266368
33266338 56902659
33266338 57648628
33266338 56970728
185621848 158174675
185621848 609146609
185621848 57605752
185621848 58330918
185621848 57648628
56902659 58008972
56902659 57607013
56902659 57605752
56902659 58330918
56902659 4744731
56902659 33266338
56902659 50599036
56902659 167840892
56902659 299266368
56902659 58183272
56902659 56970728
56902659 56514640
56902659 50651829
56902659 421462298
56970728 152785122
56970728 541463520
56970728 50599036
56970728 56902659
56970728 33266338
56970728 57607013
56970728 57648628
56970728 57605752
56970728 58008972
56970728 42106086
56970728 58330918
56970728 27524098
56970728 44759283
58166508 57605752
58166508 21688854
58166508 57648628
58166508 128418862
50651829 57605752
50651829 167840892
50651829 57648628
50651829 609146609
50651829 45163613
50651829 158174675
50651829 677179984
50651829 56902659
50651829 57607013
50651829 76175202
50651829 58330918
50651829 5751562
128418862 57648628
328275483 52584520
205884897 31815906
205884897 152785122
205884897 57605752
205884897 57648628
205884897 316536857
730591747 42106086
730591747 50599036
730591747 33266338
730591747 152785122
730591747 4744731
730591747 78541096
730591747 58330918
730591747 5581510
730591747 57646754
833272735 57648628
149551772 158186551
149551772 152906222
12991021 58008972
541463520 328326454
541463520 76175202
541463520 56970728
5581510 57607013
5581510 129645510
5581510 5751562
5581510 57605752
5581510 730591747
5581510 609146609
5581510 42106086
5581510 57648628
5581510 57646754
5581510 58446542
164839286 57648628
298848686 57648628
298848686 316536857
298848686 13360717
298848686 57605752
298848686 129645510
298848686 14794735
316536857 57648628
316536857 299266368
316536857 56514640
316536857 205884897
316536857 57605752
316536857 76175202
316536857 298848686
609146609 158186551
609146609 185621848
609146609 58335865
609146609 13360717
609146609 57607013
609146609 5751562
609146609 27796444
609146609 33266338
609146609 158174675
609146609 21343473
609146609 142737688
609146609 4744731
609146609 57605752
609146609 5581510
609146609 57648628
609146609 57646754
609146609 76175202
158186551 13360717
158186551 149551772
158186551 57648628
42106086 328326454
42106086 730591747
42106086 58330918
42106086 5581510
42106086 299266368
42106086 56970728
42106086 27524098
42106086 44759283
56514640 56902659
56514640 103497543
56514640 316536857
257904016 21343473
257904016 57648628
57605752 57607013
57605752 5751562
57605752 31815906
57605752 50599036
57605752 33266338
57605752 4744731
57605752 58008972
57605752 13360717
57605752 45163613
57605752 185621848
57605752 55900669
57605752 103497543
57605752 52584520
57605752 609146609
57605752 205884897
57605752 58330918
57605752 5581510
57605752 58166508
57605752 299266368
57605752 56902659
57605752 677179984
57605752 57648628
57605752 57646754
57605752 56970728
57605752 27524098
57605752 316536857
57605752 76175202
57605752 50651829
57605752 58446542
57605752 298848686
167840892 58008972
167840892 76175202
167840892 56902659
299266368 58106222
299266368 5751562
299266368 33266338
299266368 21343473
299266368 50599036
299266368 328326454
299266368 57605752
299266368 57607013
299266368 103497543
299266368 167840892
299266368 42106086
299266368 58008972
299266368 152785122
299266368 609146609
299266368 56902659
299266368 677179984
299266368 57648628
299266368 27524098
299266368 316536857
299266368 76175202
129645510 5581510
129645510 57648628
129645510 254993545
129645510 298848686
368368389 8105911
57607013 103497543
57607013 13360717
57607013 298852695
57607013 5751562
57607013 50599036
57607013 4744731
57607013 57605752
57607013 5581510
57607013 21688854
57607013 56902659
57607013 57648628
57607013 57646754
57607013 58446542
57648628 4744731
57648628 103497543
57648628 33266338
57648628 5581510
57648628 58008972
57648628 576983256
57648628 31815906
57648628 152785122
57648628 185621848
57648628 609146609
57648628 129645510
57648628 158186551
57648628 21343473
57648628 50599036
57648628 833272735
57648628 142737688
57648628 57605752
57648628 78541096
57648628 205884897
57648628 27796444
57648628 164839286
57648628 152674106
57648628 13360717
57648628 299266368
57648628 52584520
57648628 58330918
57648628 57607013
57648628 58183272
57648628 57646754
57648628 254993545
57648628 76175202
57648628 50651829
57648628 421462298
57648628 14794735
57648628 298848686
57648628 128418862
103497543 13360717
103497543 57607013
103497543 5751562
103497543 58008972
103497543 57605752
103497543 58330918
103497543 299266368
103497543 57648628
103497543 57646754
103497543 56514640
103497543 44759283
103497543 76175202
103497543 298848686
152906222 149551772
152906222 58183272
58446542 142737688
58446542 5581510
58446542 4744731
58446542 50599036
58446542 57607013
58446542 5751562
58446542 52584520
58446542 57605752
677179984 299266368
677179984 58008972
677179984 57605752
677179984 76175202
677179984 57648628
13360717 158186551
13360717 103497543
13360717 33266338
13360717 57607013
13360717 609146609
13360717 57605752
13360717 57648628
13360717 298848686
8105911 128418862
55900669 57607013
55900669 57648628
55900669 57605752
129985323 58183272
129985323 14794735
27796444 609146609
27796444 58330918
27796444 57648628
50599036 33266338
50599036 52584520
50599036 21343473
50599036 152785122
50599036 57607013
50599036 5751562
50599036 730591747
50599036 4744731
50599036 78541096
50599036 57605752
50599036 58330918
50599036 21688854
50599036 299266368
50599036 56902659
50599036 328275483
50599036 57648628
50599036 57646754
50599036 56970728
50599036 27524098
50599036 58446542
21343473 5751562
21343473 50599036
21343473 58008972
21343473 33266338
21343473 52584520
21343473 609146609
21343473 58330918
21343473 57648628
58106222 57648628
58106222 44759283
4744731 33266338
4744731 57607013
4744731 5751562
4744731 158174675
4744731 730591747
4744731 609146609
4744731 57605752
4744731 21688854
4744731 56902659
4744731 57648628
4744731 44759283
57995658 33266338
57995658 4744731
57995658 21688854
158174675 185621848
158174675 5751562
158174675 58008972
158174675 21343473
158174675 142737688
158174675 609146609
158174675 4744731
158174675 299266368
158174675 57648628
158174675 58446542
158174675 50651829
421462298 57648628
421462298 56902659
152674106 57648628
119869157 57607013
119869157 57648628
76175202 167840892
76175202 52584520
76175202 103497543
76175202 609146609
76175202 316536857
76175202 58330918
76175202 541463520
76175202 57605752
76175202 57648628
76175202 299266368
76175202 50651829
31815906 5751562
31815906 205884897
31815906 152785122
31815906 142737688
31815906 4744731
31815906 57605752
31815906 57648628
31815906 27524098
31815906 76175202
52584520 57607013
52584520 50599036
52584520 58008972
52584520 21343473
52584520 609146609
52584520 78541096
52584520 57605752
52584520 21688854
52584520 299266368
52584520 677179984
52584520 328275483
52584520 57648628
52584520 44759283
52584520 76175202
254993545 57648628
254993545 129645510
576983256 57648628
328326454 541463520
328326454 57646754
328326454 57648628
21688854 4744731
21688854 33266338
21688854 57607013
44759283 57646754
44759283 52584520
44759283 42106086
44759283 103497543
44759283 56970728
58335865 158186551
58335865 103497543
58335865 5751562
