582517301 57652754
52058626 35229367
58371666 152723415
152579735 57652754
152579735 117859213
150014789 57652754
152668432 57644049
152668432 152797242
152668432 57652754
152668432 145458546
152600896 57652754
806173430 57652754
806173430 58099039
806173430 44758566
806173430 57648024
40319115 57650989
40319115 152572143
40319115 57652754
40319115 52574066
40319115 152734604
40319115 210247272
40319115 57653201
40319115 152601618
40319115 58151223
40319115 93203885
40319115 201982381
40319115 89978995
40319115 57652167
50583474 39762199
50583474 72785108
57644049 152668432
57644049 57652754
57644049 65296350
57644049 210187562
57644049 134464526
57644049 210247272
57644049 89978995
57644049 44761377
57644049 110964338
57644049 37033869
61947079 57652754
61947079 39762199
61947079 89978995
61947079 110964338
65296350 57644049
65296350 57652754
65296350 52574066
65296350 39762199
65296350 134464526
65296350 152953493
210240698 30629031
210240698 210238318
210240698 39762199
210240698 57653201
210240698 58099039
210240698 152953493
581172516 152603713
581172516 57652754
581172516 39762199
117859213 152579735
117859213 152723415
117859213 39762199
117859213 58151223
117859213 89978995
39762199 210240698
39762199 57650989
39762199 152723415
39762199 152627504
39762199 152899659
39762199 152797242
39762199 72785108
39762199 788847374
39762199 302663317
39762199 210192143
39762199 581172516
39762199 30629031
39762199 52583321
39762199 152572143
39762199 152898902
39762199 10120972
39762199 57652754
39762199 61947079
39762199 152785360
39762199 65296350
39762199 44760039
39762199 43710570
39762199 152734604
39762199 210196215
39762199 155874951
39762199 298830387
39762199 58099039
39762199 152601618
39762199 58151223
39762199 201982381
39762199 164870699
39762199 57648024
39762199 117859213
39762199 50583474
39762199 44761377
39762199 145458546
39762199 37033869
152601618 57650989
152601618 57652754
152601618 210187562
152601618 39762199
152601618 40319115
152601618 89978995
10120972 57650989
10120972 39762199
10120972 210196215
152797242 57652754
152797242 39762199
152797242 210247272
152797242 93203885
152797242 57648024
152797242 37033869
58151223 582302578
58151223 57652754
58151223 39762199
58151223 40319115
58151223 152953493
58151223 117859213
58151223 89978995
191871284 57652754
191871284 58099039
152681654 152953493
52583321 152572143
52583321 57652754
52583321 39762199
152603713 581172516
152603713 57652754
152603713 89978995
152603713 57652167
37033869 89978995
37033869 30629031
37033869 145458546
37033869 39762199
37033869 44760039
37033869 152797242
37033869 57644049
37033869 152785360
37033869 210187562
152953493 30629031
152953493 57652754
152953493 44760039
152953493 210247272
152953493 89978995
298830387 57650989
298830387 30629031
298830387 57652754
298830387 39762199
298830387 89978995
57652167 152723415
57652167 57652754
57652167 210187562
57652167 210192143
57652167 152603713
57652167 57650989
57652167 152581472
57652167 40319115
152734604 57652754
152734604 39762199
152734604 40319115
152734604 152953493
582082194 57650989
582082194 152953493
582082194 37033869
22376309 582302578
22376309 57652754
152735262 152723415
152735262 57652754
30629031 210240698
30629031 788847374
30629031 581091757
30629031 152572143
30629031 57652754
30629031 152435796
30629031 39762199
30629031 298830387
30629031 57653201
30629031 152953493
30629031 89978995
30629031 37033869
302663317 39762199
52574066 57650989
52574066 152723415
52574066 65296350
52574066 210187562
210187562 57644049
210187562 57652754
210187562 52574066
210187562 152601618
210187562 89978995
210187562 57652167
210187562 37033869
581438243 57652754
210191100 57652754
210191100 44758566
30561078 35229367
30561078 110964338
152899659 65269474
152899659 57652754
152899659 39762199
152899659 57648024
57652754 806173430
57652754 152603713
57652754 152579735
57652754 581314929
57652754 57650989
57652754 152723415
57652754 210191100
57652754 152669930
57652754 152899659
57652754 130536326
57652754 415344967
57652754 57644049
57652754 152797242
57652754 788847374
57652754 152668432
57652754 581438243
57652754 581172516
57652754 581509307
57652754 152600896
57652754 65269474
57652754 30629031
57652754 52583321
57652754 152572143
57652754 152898902
57652754 61947079
57652754 92252111
57652754 65296350
57652754 210187562
57652754 22376309
57652754 39762199
57652754 152734604
57652754 134464526
57652754 155874951
57652754 40319115
57652754 150014789
57652754 298830387
57652754 210247272
57652754 57653201
57652754 58099039
57652754 152953493
57652754 45544575
57652754 191871284
57652754 152601618
57652754 582517301
57652754 44758566
57652754 57587998
57652754 152735262
57652754 58151223
57652754 201982381
57652754 57648024
57652754 152848254
57652754 89978995
57652754 57652167
57652754 145458546
92252111 57652754
92252111 39762199
57587998 57652754
57587998 89978995
93203885 57650989
93203885 152797242
93203885 152898902
93203885 210196215
93203885 40319115
93203885 57648024
93203885 89978995
44758566 806173430
44758566 210191100
44758566 57652754
44758566 89978995
582302578 57650989
582302578 22376309
582302578 58151223
44761377 39762199
44761377 415344967
44761377 57644049
44761377 89978995
89978995 152603713
89978995 57650989
89978995 152723415
89978995 415344967
89978995 57644049
89978995 581091757
89978995 30629031
89978995 152572143
89978995 152898902
89978995 57652754
89978995 61947079
89978995 152818090
89978995 44760039
89978995 210187562
89978995 152581472
89978995 210196215
89978995 134464526
89978995 155874951
89978995 40319115
89978995 298830387
89978995 210247272
89978995 58099039
89978995 152953493
89978995 45544575
89978995 152601618
89978995 44758566
89978995 57587998
89978995 58151223
89978995 93203885
89978995 57648024
89978995 117859213
89978995 152848254
89978995 44761377
89978995 145458546
89978995 37033869
57648024 806173430
57648024 57650989
57648024 152899659
57648024 152797242
57648024 57652754
57648024 39762199
57648024 93203885
57648024 89978995
210238318 210240698
210238318 152953493
72785108 39762199
72785108 50583474
45544575 57652754
45544575 89978995
130536326 57652754
130536326 134464526
130536326 145458546
152785360 39762199
152785360 110964338
152785360 37033869
152785360 145458546
65269474 152899659
65269474 57652754
65269474 152435796
65269474 210196215
44760039 39762199
44760039 210247272
44760039 152953493
44760039 89978995
44760039 110964338
44760039 145458546
44760039 37033869
152818090 89978995
152898902 57652754
152898902 39762199
152898902 93203885
152898902 89978995
35229367 30561078
581091757 30629031
581091757 89978995
201982381 57652754
201982381 39762199
201982381 40319115
57653201 210240698
57653201 57650989
57653201 30629031
57653201 57652754
57653201 40319115
152669930 57652754
152581472 89978995
152581472 57652167
134464526 152723415
134464526 130536326
134464526 57644049
134464526 57652754
134464526 65296350
134464526 89978995
58099039 806173430
58099039 152723415
58099039 57652754
58099039 39762199
58099039 191871284
58099039 89978995
58099039 145458546
152435796 65269474
152435796 30629031
152572143 152723415
152572143 30629031
152572143 52583321
152572143 57652754
152572143 39762199
152572143 40319115
152572143 89978995
210247272 57644049
210247272 152797242
210247272 57652754
210247272 44760039
210247272 155874951
210247272 152953493
210247272 89978995
581314929 57652754
110964338 61947079
110964338 44760039
110964338 30561078
110964338 57644049
110964338 152785360
152848254 57652754
152848254 89978995
210192143 152572143
210192143 57652167
415344967 57652754
415344967 89978995
415344967 44761377
57650989 152723415
57650989 582302578
57650989 10120972
57650989 57652754
57650989 52574066
57650989 39762199
57650989 582082194
57650989 40319115
57650989 298830387
57650989 57653201
57650989 152601618
57650989 93203885
57650989 57648024
57650989 89978995
57650989 57652167
581509307 57652754
155874951 57652754
155874951 210196215
155874951 210247272
155874951 89978995
164870699 22376309
164870699 39762199
145458546 130536326
145458546 39762199
145458546 44760039
145458546 152785360
145458546 58099039
145458546 152668432
145458546 89978995
145458546 57652754
145458546 37033869
788847374 30629031
788847374 57652754
788847374 39762199
152723415 57650989
152723415 152627504
152723415 58371666
152723415 57652754
152723415 52574066
152723415 152818090
152723415 39762199
152723415 134464526
152723415 58099039
152723415 152735262
152723415 117859213
152723415 89978995
152723415 57652167
