224451196 184497906
224451196 189496096
24253636 52448839
24253636 26859968
24253636 35160998
24253636 357563924
24253636 129985039
24253636 73198614
24253636 11158027
24253636 252043380
24253636 39095938
220487004 73198614
220487004 7276762
11158027 24253636
11158027 26859968
11158027 34190360
11158027 4799875
11158027 155308939
11158027 12190767
11158027 14930209
634944780 189496096
298850589 152932193
298850589 106494152
298850589 189496096
298850589 155308939
298850589 357563924
164370732 189496096
298848917 152932193
298848917 155308939
42644250 189496096
421513609 155308939
812493550 149545979
368910983 357563924
368910983 155308939
368910983 189496096
252043380 34190360
252043380 24253636
252043380 25635370
252043380 73198614
252043380 357563924
252043380 4799875
252043380 62293330
252043380 9100508
252043380 155308939
252043380 129985039
149545979 357563924
149545979 155308939
149545979 812493550
149545979 189496096
149545979 73198614
73198614 357563924
73198614 189496096
73198614 52384913
73198614 25635370
73198614 26859968
73198614 106494152
73198614 155308939
73198614 692809427
73198614 298849623
73198614 152932193
73198614 34190360
73198614 7276762
73198614 24253636
73198614 4799875
73198614 252043380
73198614 14930209
152850832 357563924
152850832 189496096
152564904 152892510
152564904 54249816
152564904 35160998
152564904 189496096
152564904 254993545
39095938 357563924
39095938 4799875
39095938 24253636
298849623 9100508
298849623 106494152
298849623 73198614
52448839 189496096
152932193 52384913
152932193 62293330
152932193 184497906
152932193 25635370
152932193 24486761
152932193 26859968
152932193 12190767
152932193 155308939
152932193 4799875
152932193 357563924
152932193 7276762
152932193 73198614
152932193 59847544
152932193 14930209
14930209 152932193
14930209 155308939
14930209 73198614
14930209 11158027
14930209 24253636
14930209 26859968
128417217 189496096
52384913 152932193
52384913 7276762
52384913 59847544
155308939 24486761
155308939 18961042
155308939 25635370
155308939 189496096
155308939 26859968
155308939 106494152
155308939 298850589
155308939 4799875
155308939 254993545
155308939 421513609
155308939 357563924
155308939 7276762
155308939 149545979
155308939 73198614
155308939 11158027
155308939 59847544
155308939 14930209
155308939 252043380
59847544 152932193
59847544 155308939
59847544 189496096
59847544 52384913
59847544 357563924
20535154 4799875
62293330 252043380
62293330 357563924
12190767 25635370
12190767 152932193
12190767 34190360
12190767 155308939
12190767 4799875
12190767 254993545
12190767 11158027
421513871 152564904
421513871 692809427
162749098 155308939
184497906 152932193
184497906 224451196
184497906 26859968
184497906 129985039
184497906 7276762
184497906 189496096
57611444 18961042
57611444 189496096
57611444 58177719
57611444 26859968
24486761 152932193
24486761 189496096
24486761 357563924
129796070 189496096
177077377 24253636
351995504 189496096
351995504 57611444
7701101 26859968
7701101 106494152
189496096 34190360
189496096 164370732
189496096 634944780
189496096 24486761
189496096 42644250
189496096 58177719
189496096 18961042
189496096 152850832
189496096 184497906
189496096 129796070
189496096 9100508
189496096 351995504
189496096 52448839
189496096 129985039
189496096 82736497
189496096 224451196
189496096 298850589
189496096 298839213
189496096 128417217
189496096 155308939
189496096 4799875
189496096 357563924
189496096 57611444
189496096 7276762
189496096 149545979
189496096 73198614
189496096 59847544
7276762 152932193
7276762 52384913
7276762 155308939
7276762 189496096
7276762 73198614
26859968 184497906
26859968 298839213
26859968 7701101
26859968 155308939
26859968 298849623
26859968 4799875
26859968 24253636
26859968 73198614
26859968 11158027
26859968 14930209
692809427 73198614
692809427 421513871
54249816 152564904
54249816 152892510
34190360 12190767
34190360 24486761
34190360 26859968
34190360 25635370
34190360 9100508
34190360 189496096
34190360 155308939
34190360 73198614
34190360 11158027
34190360 252043380
25635370 152932193
25635370 12190767
25635370 34190360
25635370 189496096
25635370 155308939
25635370 73198614
25635370 252043380
4799875 12190767
4799875 24486761
4799875 26859968
4799875 152932193
4799875 20535154
4799875 129985039
4799875 155308939
4799875 45562388
4799875 189496096
4799875 254993545
4799875 357563924
4799875 73198614
4799875 11158027
4799875 59847544
4799875 252043380
4799875 39095938
357563924 4799875
357563924 298850589
357563924 62293330
357563924 155308939
357563924 189496096
357563924 149545979
357563924 39095938
357563924 252043380
357563924 59847544
357563924 73198614
9100508 26859968
9100508 34190360
9100508 189496096
9100508 155308939
9100508 298849623
9100508 254993545
9100508 252043380
18961042 26859968
18961042 189496096
18961042 155308939
18961042 57611444
35160998 152564904
152858233 189496096
45562388 4799875
45562388 254993545
58177719 18961042
58177719 184497906
58177719 12190767
58177719 57611444
58177719 189496096
152892510 152564904
152892510 189496096
254993545 12190767
254993545 152564904
254993545 106494152
254993545 4799875
254993545 9100508
254993545 155308939
298839213 26859968
298839213 189496096
106494152 152623389
106494152 155308939
106494152 298849623
106494152 73198614
129985039 184497906
129985039 24486761
129985039 152932193
129985039 26859968
129985039 189496096
129985039 4799875
129985039 252043380
129985039 24253636
