13365498 91919283
13365498 571355932
13365498 499512808
231720577 189168790
277129860 189168790
47183547 189168790
32827243 189168790
91919283 58254787
91919283 571355932
91919283 189168790
91919283 499512808
91919283 13365498
189168790 47183547
189168790 13365498
189168790 277129860
189168790 57609513
189168790 32827243
189168790 58254787
189168790 59201256
189168790 499512808
189168790 91919283
189168790 571355932
189168790 189168166
189168790 231720577
499512808 91919283
499512808 13365498
499512808 189168790
58254787 91919283
58254787 13365498
58254787 499512808
58254787 189168790
58254787 189168166
58254787 571355932
59201256 189168790
571355932 189168790
