581078506 152695723
581078506 298857252
581078506 152924657
58403114 152695723
152567771 581047272
33078111 22174189
152928532 152695723
49240220 58081360
49240220 48486986
187530998 152695723
14416554 3617634
152808150 152695723
152808150 298857252
152924657 38884887
152924657 581078506
38884887 152695723
38884887 152897154
38884887 152809222
38884887 152924657
298857252 152695723
48486986 49240220
359134681 152695723
152921694 152695723
152898463 152695723
152674187 152695723
24818739 152695723
152897154 152695723
152897154 152930797
152897154 38884887
172710131 152695723
152630840 152695723
152809222 152695723
152930797 152897154
828447525 152695723
58158822 152695723
22174189 17387987
22174189 129267723
22174189 33078111
22174189 129344521
806248014 152695723
581047272 152567771
58081360 152695723
58081360 49240220
3617634 14416554
152622676 152695723
