154954984 31807702
427312427 31807702
54405378 36808074
54405378 31807702
54405378 127773743
152601822 36808074
152601822 31807702
135503160 31807702
58185324 36808074
58185324 31807702
127773743 31807702
65419864 36895440
65419864 36808074
65419864 18048509
65419864 31807702
65419864 23616220
40480529 36808074
40480529 31807702
152730972 31807702
152788846 36808074
152788846 12091103
152788846 31807702
152788846 30580176
152788846 23616220
128501595 36808074
128501595 31807702
128501595 61422557
215756378 36808074
215756378 31807702
582385170 36808074
14550009 36808074
14550009 31807702
14550009 23616220
155830537 31807702
155815133 31807702
210202302 36808074
210202302 30580176
210202302 57650568
58272541 31807702
120202362 36808074
120202362 31807702
152573003 31807702
33623861 29823745
33623861 36808074
33623861 18048509
33623861 31807702
33623861 30580176
33623861 23616220
65292021 39476355
65292021 36808074
65292021 18048509
65292021 12091103
65292021 31807702
65292021 30580176
20842890 36808074
20842890 31807702
155819158 36808074
155819158 31807702
50855802 210277555
50855802 36808074
50855802 31807702
50855802 23616220
58064998 127195071
152604035 36808074
152604035 31807702
152604035 25641400
152812439 36808074
152812439 31807702
833817709 31807702
44759309 252241143
44759309 36808074
44759309 31807702
44759309 30580176
44759309 65292021
44759309 61422557
44759309 298837925
44759309 57650568
44759309 23616220
36895440 36808074
36895440 31807702
36895440 113654118
36895440 65419864
36895440 58272541
36895440 127195071
36895440 23616220
101697505 210277555
101697505 152601822
101697505 36808074
101697505 31807702
101697505 23616220
192272212 127195071
29823745 39476355
29823745 210277555
29823745 18048509
29823745 33623861
29823745 152912132
29823745 23616220
421455533 31807702
155852668 36808074
155852668 31807702
58148518 31807702
26510140 36808074
26510140 31807702
26510140 30580176
5738282 210277555
5738282 36808074
5738282 31807702
61422557 36808074
61422557 31807702
61422557 128501595
61422557 25641400
61422557 23616220
39476355 29823745
39476355 36808074
39476355 12091103
39476355 31807702
39476355 152730972
39476355 127195071
30580176 29823745
30580176 57643638
30580176 144697266
30580176 36808074
30580176 26510140
30580176 18048509
30580176 44759309
30580176 31807702
30580176 33623861
30580176 65292021
30580176 152788846
30580176 25641400
30580176 210202302
25641400 144697266
25641400 36808074
25641400 152604035
25641400 12091103
25641400 31807702
25641400 30580176
25641400 61422557
25641400 23616220
36808074 36895440
36808074 39476355
36808074 210277555
36808074 120202362
36808074 252241143
36808074 152601822
36808074 132671122
36808074 57643638
36808074 58024190
36808074 582385170
36808074 18048509
36808074 215756378
36808074 152604035
36808074 301370504
36808074 152816272
36808074 12091103
36808074 5738282
36808074 31807702
36808074 113654118
36808074 31872240
36808074 128323004
36808074 33623861
36808074 30580176
36808074 20842890
36808074 152912132
36808074 65292021
36808074 61422557
36808074 36265617
36808074 152812439
36808074 298837925
36808074 152788846
36808074 298856709
36808074 128501595
36808074 65419864
36808074 155819158
36808074 25641400
36808074 58272541
36808074 40480529
36808074 23616220
301370504 36808074
301370504 31807702
57635493 31807702
12091103 39476355
12091103 36808074
12091103 31807702
12091103 101699466
12091103 65292021
12091103 152788846
12091103 25641400
12091103 57650568
12091103 152730815
12091103 23616220
101699466 12091103
101699466 31807702
101699466 23616220
298856709 31807702
23616220 12091103
23616220 29823745
23616220 101699466
23616220 30580176
23616220 36808074
23616220 18048509
23616220 14550009
23616220 36265617
23616220 127195071
23616220 33623861
23616220 20842890
23616220 58381967
23616220 61422557
23616220 50855802
23616220 25641400
23616220 65292021
23616220 65419864
23616220 58148518
23616220 39476355
23616220 209195491
23616220 31807702
23616220 44759309
23616220 57643638
23616220 144697266
23616220 57650568
23616220 298856709
23616220 36895440
23616220 152788846
23616220 9917729
152730815 31807702
152730815 12091103
519030832 31807702
166704843 31807702
4305820 127195071
298837837 31807702
31807702 36808074
31807702 152816272
58066498 31807702
152912132 29823745
210277555 29823745
210277555 36808074
210277555 101697505
210277555 31807702
36265617 210277555
36265617 36808074
36265617 31807702
36265617 298856709
36265617 23616220
57650568 298856709
57650568 44759309
57650568 12091103
57650568 31807702
57650568 36808074
57650568 23616220
58381967 31807702
252241143 36808074
252241143 44759309
128323004 36808074
128323004 31807702
128323004 127773743
57761171 127195071
152817219 210277555
152817219 36808074
152817219 31807702
298850974 127195071
132671122 120202362
132671122 36808074
132671122 31807702
57489686 36808074
57489686 31807702
152816272 31807702
209195491 31807702
209195491 23616220
18048509 29823745
18048509 36808074
18048509 31807702
18048509 33623861
18048509 30580176
18048509 65292021
18048509 65419864
18048509 23616220
58024190 31807702
601669551 36808074
113654118 36895440
113654118 36808074
113654118 31807702
113654118 40480529
298837925 31807702
144697266 210277555
144697266 57643638
144697266 36808074
144697266 31807702
144697266 30580176
144697266 25641400
144697266 57650568
144697266 23616220
680047150 127195071
31872240 36808074
31872240 31807702
57643638 210277555
57643638 144697266
57643638 36808074
57643638 30580176
57643638 9917729
