155696570 58031162
155696570 61241342
152685162 152906268
152685162 152784957
152685162 57647403
152685162 12084692
152685162 57649144
152685162 58078361
152685162 58031162
152685162 58159969
152685162 806297901
152685162 184977931
152685162 61241342
152685162 152733756
152685162 152733788
152685162 152594633
152685162 3967756
152685162 152580352
152685162 152939556
152685162 57589882
152685162 52575639
152685162 130775671
152685162 58149224
152685162 52599827
152685162 534767238
57647839 833300770
152595338 57649144
152595338 184977931
152595338 61241342
152595338 152685162
152595338 58149224
152784957 152906268
152784957 12084692
152784957 57649144
152784957 806297901
152784957 184977931
152784957 152733756
152784957 152594633
152784957 152580352
152784957 152685162
152784957 61241342
152784957 58031162
152784957 58149224
152784957 52599827
152784957 52518386
25421223 57649144
25421223 349800599
152941082 152913957
81500820 152906268
81500820 57647403
81500820 57649144
81500820 58159969
81500820 806297901
81500820 61241342
81500820 152733788
81500820 3967756
81500820 152580352
81500820 152685162
81500820 152939556
81500820 58149224
833334588 12084692
12084692 57649144
12084692 520391265
12084692 61241342
12084692 152733756
12084692 152733788
12084692 833334588
12084692 152685162
12084692 58149224
52599827 49253401
52599827 130775671
52599827 57649144
52599827 57647403
52599827 61241342
52599827 184977931
52599827 152784957
52599827 152685162
52599827 58149224
52599827 57589882
52599827 132261656
52599827 52518386
152733756 152906268
152733756 152784957
152733756 57647403
152733756 12084692
152733756 57649144
152733756 58159969
152733756 81500820
152733756 806297901
152733756 184977931
152733756 152733788
152733756 152594633
152733756 3967756
152733756 152580352
152733756 152685162
152733756 57645010
152733756 57589882
152733756 58031162
152733756 57649323
152733756 61241342
152733756 58149224
152733756 52599827
61241342 155696570
61241342 57647403
61241342 12084692
61241342 57649144
61241342 58078361
61241342 58159969
61241342 184977931
61241342 152685162
61241342 57589882
61241342 152733756
61241342 58031162
61241342 130775671
61241342 58149224
61241342 52599827
58078361 57649144
58078361 58031162
58078361 61241342
58078361 152728643
58078361 130775671
152939556 152906268
152939556 57649144
152939556 184977931
152939556 152685162
152939556 58149224
52574165 152907633
52574165 57649144
745326359 57649144
52575639 57649323
52575639 152685162
52575639 57649144
52575639 58031162
52575639 152808778
52575639 130775671
52575639 58149224
52575639 152728643
52575639 52518386
147602327 57649144
520391265 152906268
520391265 155696570
520391265 12084692
520391265 58031162
520391265 61241342
520391265 130775671
520391265 534767238
130775671 57649144
130775671 57647403
130775671 61241342
130775671 57649323
130775671 152728643
603519157 57649144
603519157 349800599
152906268 152784957
152906268 57647403
152906268 57649144
152906268 57649323
152906268 58159969
152906268 81500820
152906268 806297901
152906268 184977931
152906268 61241342
152906268 152733756
152906268 152685162
152906268 265400685
152906268 152939556
152906268 57589882
152906268 58149224
152906268 52518386
45820508 57649144
833300770 57647839
265400685 152906268
265400685 57647403
265400685 57649144
265400685 61241342
265400685 130775671
265400685 52518386
265400685 58141884
184977931 152906268
184977931 152784957
184977931 57647403
184977931 57649144
184977931 58031162
184977931 58159969
184977931 81500820
184977931 179077833
184977931 61241342
184977931 152733756
184977931 152733788
184977931 3967756
184977931 152580352
184977931 152685162
184977931 152595338
184977931 152939556
184977931 57589882
184977931 130775671
184977931 58149224
184977931 52599827
184977931 52518386
349800599 57649144
179077833 57649144
179077833 52518386
179077833 58149224
179077833 57589882
179077833 184977931
152931563 52599827
57647403 152906268
57647403 57649144
57647403 57649323
57647403 58159969
57647403 81500820
57647403 184977931
57647403 61241342
57647403 152733756
57647403 152685162
57647403 33202456
57647403 265400685
57647403 57589882
57647403 130775671
57647403 534750678
57647403 58149224
57647403 52599827
57647403 52518386
152513724 57649144
33202456 57647403
33202456 57649144
33202456 61241342
33202456 152733788
33202456 152685162
33202456 57645010
33202456 58149224
33202456 52518386
152594633 152784957
152594633 57649144
152594633 61241342
152594633 152733756
152594633 152685162
58149224 57589882
58149224 152685162
58149224 57649323
58149224 57649144
58149224 152784957
58149224 130775671
58149224 3967756
58149224 152733788
58149224 81500820
58149224 806297901
58149224 184977931
58149224 58159969
58149224 61241342
58149224 152906268
58149224 152733756
58149224 57647403
58149224 152580352
58149224 152939556
58149224 49253401
58149224 152808778
58149224 12084692
58149224 179077833
58149224 152595338
58149224 33202456
58149224 52599827
132261656 57649144
132261656 52599827
601686865 57649144
152435513 57649144
152579883 57649144
210186235 57649144
58159969 152906268
58159969 57647403
58159969 57649144
58159969 81500820
58159969 806297901
58159969 184977931
58159969 61241342
58159969 152733756
58159969 152685162
58159969 57589882
58159969 58149224
58159969 152728643
57589882 152906268
57589882 49253401
57589882 57647403
57589882 57649144
57589882 57649323
57589882 58159969
57589882 806297901
57589882 179077833
57589882 184977931
57589882 61241342
57589882 152733756
57589882 152733788
57589882 3967756
57589882 152685162
57589882 58149224
57589882 52599827
57589882 54228644
57589882 52518386
37147393 57649144
57649323 152906268
57649323 57647403
57649323 152733788
57649323 152685162
57649323 57589882
57649323 58031162
57649323 152733756
57649323 52575639
57649323 130775671
57649323 58149224
57649323 52518386
57649323 58141884
152728643 58078361
152728643 52575639
152728643 58159969
152728643 130775671
152728643 52518386
152728643 57649144
298849020 130775671
152580352 57649144
152580352 152733756
152580352 58149224
152580352 152685162
152733788 152784957
152733788 12084692
152733788 57649144
152733788 152808778
152733788 57649323
152733788 81500820
152733788 184977931
152733788 61241342
152733788 152733756
152733788 3967756
152733788 152580352
152733788 152685162
152733788 33202456
152733788 57589882
152733788 58149224
152733788 52518386
152907633 52574165
152907633 52518386
806297901 152906268
806297901 57649144
806297901 58159969
806297901 81500820
806297901 152733756
806297901 152685162
806297901 57589882
806297901 52518386
806297901 58149224
152808778 57649144
152808778 152733788
152808778 152733756
152808778 52575639
152808778 58149224
29648501 152921603
29648501 152931563
534750678 57649144
534750678 57647403
534750678 130775671
534750678 61241342
534750678 52518386
54228644 57589882
260511624 163889821
133317729 57649144
3967756 57649144
3967756 81500820
3967756 184977931
3967756 152733756
3967756 152733788
3967756 152685162
3967756 57589882
3967756 58149224
52518386 57647403
52518386 57649144
52518386 61241342
52518386 130775671
52518386 534774784
52518386 152784957
52518386 152907633
52518386 152733788
52518386 58031162
52518386 152906268
52518386 57589882
52518386 57649323
52518386 184977931
52518386 33202456
52518386 152435513
52518386 534750678
52518386 52599827
52518386 152685162
52518386 806297901
52518386 155696570
52518386 52575639
52518386 179077833
52518386 265400685
52518386 152728643
58031162 57649144
58031162 184977931
58031162 61241342
58031162 52575639
58031162 52518386
58333885 57649144
58333885 30954595
58333885 49253401
58141884 57649323
58141884 61241342
58141884 52575639
534767238 49253401
534767238 61241342
534767238 57649144
534774784 57649144
534774784 58141884
534774784 61241342
57649144 152906268
57649144 147602327
57649144 45820508
57649144 534774784
57649144 37147393
57649144 745326359
57649144 152784957
57649144 155696570
57649144 57647403
57649144 12084692
57649144 152808778
57649144 152579883
57649144 210186235
57649144 58078361
57649144 58031162
57649144 152941082
57649144 57649323
57649144 58159969
57649144 81500820
57649144 806297901
57649144 349800599
57649144 179077833
57649144 184977931
57649144 61241342
57649144 52574165
57649144 152733756
57649144 133317729
57649144 152435513
57649144 152733788
57649144 3967756
57649144 152513724
57649144 152580352
57649144 152685162
57649144 33202456
57649144 265400685
57649144 152913957
57649144 25421223
57649144 152939556
57649144 57589882
57649144 52575639
57649144 130775671
57649144 534750678
57649144 58149224
57649144 52599827
57649144 52518386
57649144 58141884
57649144 152728643
57649144 49253401
57649144 534767238
680427248 57649144
152921603 57649144
152921603 152913957
152913957 57645010
163889821 260511624
57645010 57649144
57645010 152733756
57645010 33202456
57645010 152913957
