57644042 58492070
57644042 57647159
57644042 57643418
57644042 229555155
57644042 44759495
57644042 581275381
57644042 57652973
57644042 301318964
57644042 581067012
57644042 65263464
57644042 57651366
65263464 44759495
65263464 57652973
65263464 57644042
65263464 57651366
57652973 57647159
57652973 31248672
57652973 229555155
57652973 44759495
57652973 581067012
57652973 581275381
57652973 57643418
57652973 57644042
57652973 65263464
57652973 57651366
57643418 581067012
57643418 31248672
57643418 581275381
57643418 229555155
57643418 44759495
57643418 57652973
57643418 57647159
57643418 57644042
57643418 57651366
57651366 57644042
57651366 581275381
57651366 57647159
57651366 44759495
57651366 229555155
57651366 57643418
57651366 57652973
57651366 65263464
57651366 301318964
301318964 44759495
301318964 57644042
301318964 57651366
96337244 57652973
581275381 57647159
581275381 229555155
581275381 44759495
581275381 57652973
581275381 57643418
581275381 57644042
581275381 57651366
581067012 57652973
581067012 57643418
581067012 57644042
58492070 57644042
57647159 229555155
57647159 44759495
57647159 581275381
57647159 57652973
57647159 57643418
57647159 57644042
57647159 57651366
44759495 57647159
44759495 229555155
44759495 581275381
44759495 301318964
44759495 57652973
44759495 57643418
44759495 57644042
44759495 65263464
44759495 57651366
31248672 57652973
31248672 57643418
229555155 57647159
229555155 44759495
229555155 581275381
229555155 57652973
229555155 57643418
229555155 57644042
229555155 57651366
