57645920 152926610
57645920 57644680
57645920 152904892
57645920 57609512
57645920 152633992
57645920 132603933
57645920 57650402
57645920 18515614
57645920 107495907
57645920 115627562
57645920 132582565
57645920 152688511
57645920 44758399
57645920 152595612
57645920 152600908
57645920 152858501
57645920 37033869
34430467 4487378
34430467 152904892
34430467 302412190
34430467 33196725
34430467 152734347
34430467 44761382
34430467 132603933
34430467 152630294
34430467 152930562
34430467 44758471
34430467 18515614
34430467 210247026
34430467 115627562
34430467 17409163
34430467 152545271
34430467 152633222
34430467 132582565
34430467 44758399
34430467 152582166
34430467 152595612
34430467 57651964
34430467 152928177
34430467 144785376
34430467 58374983
152578294 152595612
152734347 4487378
152734347 785136952
152734347 33196725
152734347 44758399
152734347 152595612
152734347 58374983
152655198 18783479
152655198 115627562
152655198 152576050
152655198 44753213
152655198 152888745
52583198 152595612
52583198 57650402
152545271 152595612
152576050 152596773
152576050 152655198
152576050 149526930
57644680 18783479
57644680 57645920
57644680 57650402
57644680 115627562
57644680 152595612
57644680 37033869
152937839 152930309
152937839 44758471
152937839 44758399
152937839 152595612
4487378 152907744
4487378 57647241
4487378 152926610
4487378 785136952
4487378 82643989
4487378 33196725
4487378 152734347
4487378 152929231
4487378 34430467
4487378 210195622
4487378 152728193
4487378 57609512
4487378 57650402
4487378 152890542
4487378 44758471
4487378 18515614
4487378 152919282
4487378 152596773
4487378 115627562
4487378 152545271
4487378 152937447
4487378 54426765
4487378 152579597
4487378 152925977
4487378 44758399
4487378 152582166
4487378 152858501
4487378 57651964
4487378 152928177
4487378 149526930
4487378 152938829
4487378 72579659
72579659 132603933
72579659 44761382
72579659 152846362
72579659 18515614
72579659 115627562
72579659 152890542
72579659 152904892
72579659 4487378
72579659 152595612
152601931 152849040
152601931 152595612
152858501 152623389
152858501 4487378
152858501 152954741
152858501 18783479
152858501 785136952
152858501 152603133
152858501 33196725
152858501 57645920
152858501 44761382
152858501 132603933
152858501 152630294
152858501 152890542
152858501 18515614
152858501 152919282
152858501 210247026
152858501 39483840
152858501 152545271
152858501 152937447
152858501 54426765
152858501 152688511
152858501 152694620
152858501 44758399
152858501 152595612
55019465 82643989
55019465 33196725
55019465 44761382
55019465 115627562
55019465 44758399
55019465 152595612
55019465 152928177
55019465 45542931
152930562 34430467
152930562 152595612
152905011 152595612
39483840 152925977
39483840 152858501
132603933 33196725
132603933 152630294
132603933 29412892
132603933 44758471
132603933 152919282
132603933 152937447
132603933 152582166
132603933 152858501
132603933 152928177
132603933 152954741
132603933 152929231
132603933 144785376
132603933 37033869
132603933 58374983
152600908 18783479
152600908 57645920
152600908 210195622
152600908 57650402
152600908 115627562
152600908 152925977
152600908 152595612
152600908 37033869
152594340 152929231
152594340 58102391
152594340 152595612
152596773 4487378
152596773 152576050
152596773 54426765
152596773 44758399
152596773 152595612
152578282 152595612
152579597 4487378
152579597 57609512
152579597 115627562
152579597 152631077
152579597 152594340
152579597 152595612
44758471 4487378
44758471 152929231
44758471 44761382
44758471 132603933
44758471 152919282
44758471 115627562
44758471 152925977
44758471 44758399
44758471 152888745
44758471 152595612
29412892 132603933
152631077 152929231
152631077 152633992
152631077 44758399
152631077 152595612
152809360 152954741
152688511 152858501
152938829 57647241
152938829 4487378
152938829 44761382
152938829 132603933
152938829 152937447
152938829 152595612
152938829 82643989
152938829 57650402
152938829 152930309
152938829 33196725
152938829 152631077
302412190 152907744
302412190 34430467
302412190 132582565
302412190 152595612
18783479 152926610
18783479 57644680
18783479 18515614
18783479 107495907
18783479 115627562
18783479 152655198
18783479 152937447
18783479 132582565
18783479 152925977
18783479 152600908
18783479 152858501
18783479 152938829
18783479 37033869
37033869 115627562
37033869 144785376
37033869 18515614
37033869 152919282
37033869 44761382
37033869 57650357
37033869 152928177
37033869 152925977
37033869 18783479
37033869 132603933
37033869 57650402
37033869 57644680
37033869 44758399
37033869 57645920
37033869 57651964
37033869 210195622
37033869 152600908
37033869 152595612
37033869 785136952
152575069 132603933
152937447 4487378
152937447 18783479
152937447 152728193
152937447 132603933
152937447 18515614
152937447 152595612
152937447 152858501
152925977 4487378
152925977 18783479
152925977 44761382
152925977 57650402
152925977 57650357
152925977 44758471
152925977 39483840
152925977 152595612
152925977 152600908
152925977 144785376
152925977 37033869
152913812 152595612
152926610 4487378
152926610 18783479
152926610 57645920
152926610 44761382
152926610 152890542
152926610 44758399
152926610 152582166
152926610 152595612
152926610 57651964
152926610 144785376
152937185 18515614
152930309 54426765
152930309 152938829
152888745 44761382
152888745 57650402
152888745 44758471
152888745 18515614
152888745 115627562
152888745 152655198
152728193 4487378
152728193 152904892
152728193 152937447
152728193 152595612
58102391 44758399
58102391 152595612
57648755 152904892
57648755 210195622
57648755 18515614
57648755 44758399
57648755 152595612
152694620 152595612
152582166 152907744
152582166 4487378
152582166 152926610
152582166 152857509
152582166 152929231
152582166 132603933
152582166 44758399
152582166 152595612
152582166 152928177
44758399 4487378
44758399 57647241
44758399 152926610
44758399 57648755
44758399 55019465
44758399 152857509
44758399 33196725
44758399 152734347
44758399 57645920
44758399 44761382
44758399 34430467
44758399 57650402
44758399 58102391
44758399 152890542
44758399 152937839
44758399 44758471
44758399 152596773
44758399 152631077
44758399 42176593
44758399 152582166
44758399 152595612
44758399 152858501
44758399 57651964
44758399 152928177
44758399 152929231
44758399 132603933
44758399 18515614
44758399 54426765
44758399 144785376
44758399 37033869
44758399 58374983
152930254 152595612
54426765 4487378
54426765 152930309
54426765 57650402
54426765 152890542
54426765 152596773
54426765 115627562
54426765 152595612
54426765 152858501
54426765 152928177
54426765 132603933
54426765 18515614
54426765 44758399
45542931 55019465
45542931 57650357
45542931 18515614
45542931 152595612
152595612 152913812
152595612 152907744
152595612 57647241
152595612 152926610
152595612 57644680
152595612 57648755
152595612 152905011
152595612 55019465
152595612 152857509
152595612 152904892
152595612 581097175
152595612 785136952
152595612 82643989
152595612 152603133
152595612 302412190
152595612 33196725
152595612 152734347
152595612 152929231
152595612 57645920
152595612 34430467
152595612 152728193
152595612 57609512
152595612 152633992
152595612 57650402
152595612 152630294
152595612 58102391
152595612 152930562
152595612 44758471
152595612 152919282
152595612 152596773
152595612 210247026
152595612 152849040
152595612 152545271
152595612 205884911
152595612 152631077
152595612 152937447
152595612 132582565
152595612 54426765
152595612 152579597
152595612 42176593
152595612 152688511
152595612 152925977
152595612 152694620
152595612 152594340
152595612 44758399
152595612 152582166
152595612 152600760
152595612 152930254
152595612 152600908
152595612 152858501
152595612 57651964
152595612 152928177
152595612 45542931
152595612 144785376
152595612 72579659
152595612 52583198
152595612 58374983
205884911 152595612
205884911 65310079
65310079 205884911
785136952 4487378
785136952 33196725
785136952 152595612
33196725 152907744
33196725 4487378
33196725 55019465
33196725 785136952
33196725 82643989
33196725 132603933
33196725 57650402
33196725 44758399
33196725 152595612
210247026 34430467
210247026 152630294
210247026 18515614
210247026 115627562
210247026 152595612
210247026 152858501
210247026 152928177
57650357 18515614
57650357 115627562
57650357 152925977
57650357 152928177
57650357 45542931
57650357 37033869
17409163 44761382
57650402 4487378
57650402 57644680
57650402 33196725
57650402 57645920
57650402 44761382
57650402 210195622
57650402 152890542
57650402 18515614
57650402 152919282
57650402 132582565
57650402 54426765
57650402 152925977
57650402 44758399
57650402 152888745
57650402 152595612
57650402 152600908
57650402 152928177
57650402 144785376
57650402 152938829
57650402 52583198
57650402 37033869
152603133 152595612
152919282 4487378
152919282 152904892
152919282 132603933
152919282 44758471
152919282 115627562
152919282 152595612
152919282 37033869
57651964 4487378
57651964 152926610
57651964 34430467
57651964 57650402
57651964 44758399
57651964 152595612
57651964 144785376
57651964 37033869
152846362 72579659
58374983 44758399
58374983 18515614
58374983 152734347
58374983 132603933
58374983 57647241
58374983 152940580
58374983 152595612
58374983 152623389
152928177 4487378
152928177 55019465
152928177 152857509
152928177 44761382
152928177 34430467
152928177 132603933
152928177 57650402
152928177 57650357
152928177 18515614
152928177 210247026
152928177 115627562
152928177 132582565
152928177 54426765
152928177 44758399
152928177 152582166
152928177 152595612
152928177 144785376
152928177 37033869
44761382 152926610
44761382 55019465
44761382 152929231
44761382 34430467
44761382 57650402
44761382 44758471
44761382 18515614
44761382 115627562
44761382 17409163
44761382 152925977
44761382 44758399
44761382 152888745
44761382 152930254
44761382 152595612
44761382 152928177
44761382 72579659
44761382 37033869
149526930 4487378
149526930 115627562
149526930 18515614
149526930 152576050
152633992 57645920
152633992 132603933
152633992 152631077
152633992 44758399
152633992 152595612
152849040 152595612
152890542 4487378
152890542 152926610
152890542 33196725
152890542 57650402
152890542 54426765
152890542 44758399
152890542 152595612
152890542 152858501
152890542 72579659
152623389 132603933
152623389 152595612
152623389 152858501
152623389 58374983
758047932 152595612
44753213 785136952
44753213 18515614
44753213 115627562
44753213 152655198
44753213 152595612
152907744 4487378
152907744 302412190
152907744 33196725
152907744 132603933
152907744 152937447
152907744 132582565
152907744 152582166
152907744 152595612
57647241 4487378
57647241 44758399
57647241 152595612
57647241 144785376
57647241 152938829
57647241 58374983
152940580 58374983
210195622 57648755
210195622 57650402
210195622 152600908
210195622 37033869
57609512 4487378
57609512 57645920
57609512 152579597
57609512 152595612
152929231 4487378
152929231 152904892
152929231 33196725
152929231 44761382
152929231 44758471
152929231 152631077
152929231 152582166
152929231 152595612
152929231 132603933
152929231 44758399
107495907 18783479
107495907 57645920
152954741 152904892
152954741 152809360
152954741 152595612
152954741 132603933
152954741 18515614
152857509 33196725
152857509 44761382
152857509 34430467
152857509 115627562
152857509 152849040
152857509 44758399
152857509 152582166
152857509 152595612
152857509 152928177
581097175 152595612
115627562 4487378
115627562 57644680
115627562 152857509
115627562 18783479
115627562 57645920
115627562 34430467
115627562 57650357
115627562 44758471
115627562 18515614
115627562 152919282
115627562 210247026
115627562 152655198
115627562 152937447
115627562 44753213
115627562 54426765
115627562 152579597
115627562 152888745
115627562 152595612
115627562 152600908
115627562 152928177
115627562 144785376
115627562 149526930
115627562 72579659
115627562 37033869
152633222 18515614
152633222 152595612
152630294 152595612
152904892 57648755
152904892 57645920
152904892 152728193
152904892 132603933
152904892 152919282
152904892 152582166
152904892 152595612
152904892 72579659
18515614 4487378
18515614 57648755
18515614 18783479
18515614 82643989
18515614 57645920
18515614 44761382
18515614 34430467
18515614 57650402
18515614 57650357
18515614 210247026
18515614 115627562
18515614 17409163
18515614 152633222
18515614 152937447
18515614 44753213
18515614 152888745
18515614 152595612
18515614 152858501
18515614 152928177
18515614 45542931
18515614 152954741
18515614 132582565
18515614 54426765
18515614 44758399
18515614 149526930
18515614 152937185
18515614 72579659
18515614 37033869
18515614 58374983
42176593 152685943
42176593 152631077
42176593 44758399
42176593 152595612
132582565 18783479
132582565 57645920
132582565 57650402
132582565 152694620
132582565 152595612
132582565 152928177
132582565 18515614
144785376 34430467
144785376 115627562
144785376 152928177
144785376 44758399
144785376 57651964
144785376 57650402
144785376 82643989
144785376 33196725
144785376 132603933
144785376 152925977
144785376 152595612
144785376 57647241
144785376 152926610
144785376 37033869
82643989 132603933
82643989 18515614
82643989 152595612
82643989 144785376
