582839463 28310417
152784957 84430910
152784957 57651703
152784957 152931824
152784957 74972580
152924686 152907235
152924686 152931824
152924686 74972580
152797704 57651703
152797704 74972580
152941023 28310417
39528537 282566264
39528537 9555261
152574451 582438719
152574451 152890959
152574451 57588049
152574451 145689729
210301827 74972580
59850786 152784957
59850786 152930097
59850786 57651219
59850786 27954621
59850786 152678853
59850786 152633766
59850786 152931824
59850786 57644430
59850786 152940558
210192104 152678469
152655839 152851307
152655839 152681182
152655839 57651703
152655839 57644509
25599670 152927970
25599670 28310417
25599670 57644062
25599670 152890959
25599670 74972580
282566264 45544568
282566264 39528537
282566264 58145356
282566264 9555261
42103468 45544568
42103468 152517385
42103468 74972580
15972435 57651219
15972435 83262302
15972435 152927970
15972435 57651703
15972435 57644062
15972435 152678469
15972435 57644509
15972435 52572050
15972435 152924973
15972435 9555261
57644509 41078534
57644509 15972435
57644509 57651703
57644509 152655839
57644509 74972580
152956588 152930097
152956588 14784525
152956588 74972580
57644430 28310417
57644430 57588049
57644430 59850786
57644430 28720493
57644430 45544568
57644430 41078534
57644430 152890959
57644430 74380558
57644430 145689729
57644430 152807672
57644430 57651703
57644430 152678469
57644430 74972580
128158670 28310417
128158670 57651219
128158670 27954621
128158670 152633766
29413618 152930097
29413618 57651703
29413618 28310417
29413618 14784525
29413618 50619453
29413618 152953585
57588049 58148778
57588049 57644430
57588049 74972580
152807672 57651703
152807672 57588049
152807672 57644430
57651703 45544568
57651703 41078534
57651703 58154263
57651703 152784957
57651703 152930716
57651703 210195750
57651703 15972435
57651703 152807672
57651703 29413618
57651703 27954621
57651703 57644062
57651703 152678469
57651703 57644509
57651703 152914681
57651703 152797704
57651703 152655839
57651703 9555261
57651703 78803739
57651703 27960204
57651703 57644430
57643633 83262302
57643633 32654305
57643633 57644062
57643633 57588049
57643633 152601347
57643633 74972580
152890959 74380558
152890959 152574451
152890959 28310417
152890959 24665788
152890959 57588049
152890959 25599670
152890959 57644430
152890959 74972580
152849029 28310417
152849029 57644062
152849029 74972580
24665788 152890959
24665788 28310417
24665788 74972580
83262302 152930716
83262302 15972435
83262302 57643633
83262302 74972580
152633766 128158670
58145356 282566264
58145356 24665788
152601347 57643633
152953585 29413618
152953585 57644062
152953585 74972580
52572050 58154263
52572050 15972435
52572050 28310417
52572050 57644062
52572050 74972580
152930097 152956588
152930097 29413618
152930097 152940558
152930097 74972580
210195750 45544568
210195750 57651703
210195750 27954621
74380558 152582316
74380558 152890959
74380558 28310417
74380558 143589834
74380558 57644430
52574873 74972580
152678853 152930097
152678853 58112040
152924973 15972435
58148778 152931824
58148778 111222230
58148778 27954621
58148778 152517385
58148778 143589834
58148778 57643633
58148778 152522994
58148778 152953585
58148778 74972580
84430910 28310417
84430910 74972580
152934361 28310417
152934361 74972580
27954621 32654305
27954621 58154263
27954621 210195750
27954621 57651703
27954621 28310417
27954621 57644062
27954621 128158670
27954621 59850786
27954621 9555261
27954621 58148778
27954621 74972580
9555261 15972435
9555261 282566264
9555261 27954621
9555261 57651703
9555261 45544568
9555261 57643633
9555261 74972580
152940558 74972580
58112040 59850786
58112040 74972580
57644062 152711983
57644062 58154263
57644062 152927970
57644062 15972435
57644062 152807672
57644062 57651703
57644062 27954621
57644062 25599670
57644062 57643633
57644062 52572050
57644062 152849029
57644062 50619453
57644062 180961675
57644062 152953585
57644062 74972580
152914681 57651703
152931824 28310417
152931824 58154263
152931824 59850786
152931824 152924686
152931824 58148778
111222230 25599670
111222230 58148778
32654305 27954621
32654305 25599670
32654305 57643633
32654305 74972580
28310417 57651219
28310417 152941023
28310417 84430910
28310417 152890959
28310417 582839463
28310417 29413618
28310417 152681182
28310417 27954621
28310417 152914681
28310417 24665788
28310417 25599670
28310417 254053260
28310417 57588049
28310417 57643633
28310417 52572050
28310417 128158670
28310417 29368329
28310417 152934361
28310417 152849029
28310417 59850786
28310417 152924973
28310417 50619453
28310417 78803739
28310417 152931824
28310417 27960204
28310417 58148778
28310417 57644430
14784525 29413618
57651219 15972435
57651219 28310417
57651219 128158670
57651219 59850786
57651219 50619453
57651219 74972580
45544568 58154263
45544568 152574451
45544568 42103468
45544568 210195750
45544568 282566264
45544568 57651703
45544568 152678469
45544568 57588049
45544568 9555261
45544568 57644430
45544568 74972580
147568743 59850786
147568743 74972580
29368329 28310417
152582316 74380558
152582316 14784525
152582316 128158670
152582316 59850786
152582316 74972580
152582316 152953585
50619453 29413618
50619453 28310417
50619453 57644062
50619453 152678469
50619453 57651219
50619453 74972580
41078534 57651703
41078534 57644509
41078534 57588049
41078534 57644430
41078534 74972580
152930716 57651703
152930716 145689729
152930716 74972580
58100895 152522994
152681182 28310417
152681182 57588049
152681182 152655839
78803739 28310417
78803739 152678469
78803739 57651703
78803739 74972580
152926656 29368329
152926656 74972580
254053260 28310417
254053260 74972580
58154263 45544568
58154263 152927970
58154263 57651703
58154263 27954621
58154263 57644062
58154263 152931824
58154263 152953585
58154263 74972580
74972580 152953585
74972580 29413618
74972580 152956588
74972580 57644430
74972580 52572050
74972580 152930716
74972580 58154263
74972580 27954621
74972580 152890959
74972580 42103468
74972580 50619453
74972580 25599670
74972580 28720493
74972580 57644062
74972580 57644509
74972580 27960204
74972580 24665788
74972580 45544568
74972580 57588049
74972580 152926656
74972580 9555261
74972580 152934361
74972580 601657159
74972580 78803739
74972580 41078534
74972580 254053260
74972580 210301827
74972580 152849029
74972580 58148778
74972580 152784957
74972580 59850786
74972580 147568743
74972580 57651219
74972580 152930097
74972580 84430910
74972580 83262302
74972580 152924686
74972580 28310417
74972580 52574873
74972580 145689729
74972580 57643633
152927970 58154263
152927970 15972435
152927970 57644062
152927970 25599670
152927970 210199984
152927970 74972580
145689729 152930716
145689729 74972580
145689729 57644430
601657159 74972580
180961675 28310417
28720493 57644430
28720493 74972580
27960204 28310417
27960204 57651703
27960204 74972580
143589834 74380558
143589834 58148778
152522994 58100895
152522994 58148778
152678469 45544568
152678469 15972435
152678469 152681182
152678469 57651703
152678469 28310417
152678469 50619453
152678469 78803739
152678469 210192104
152678469 57644430
