152934516 80355520
806277275 80355520
152671319 80355520
30894702 80355520
30894702 39219252
151839285 80355520
151839285 30894702
80355520 155852431
80355520 5701508
80355520 152671319
80355520 65310284
80355520 151839285
80355520 75729626
80355520 152934516
80355520 152512176
80355520 806277275
80355520 210249330
80355520 30894702
80355520 152904741
80355520 152565454
80355520 152592912
80355520 58035217
80355520 152849206
80355520 5652313
5652313 80355520
152904741 80355520
5701508 80355520
806258785 80355520
58035217 80355520
75729626 80355520
152512176 80355520
65310284 80355520
155852431 80355520
210249330 80355520
152592912 80355520
39219252 80355520
39219252 30894702
152565454 80355520
152849206 80355520
