57645948 57645191
57645948 65293269
57645948 44760158
57645948 57644585
57645948 57644344
57645948 57643355
57645948 57643305
57645948 24137044
57645948 49520817
57645948 144699574
57645948 107496003
57645948 58160567
57645948 152685910
57645948 57652021
57645948 31752255
57645948 6442166
57645948 210257514
57645948 210196466
57645948 130775715
57645948 57646029
57645948 210195750
57645948 57847359
57645948 57653251
57645948 152784955
57645948 23417722
7681470 57643355
7681470 16442108
7681470 130775715
7681470 57847359
7681470 14349157
7681470 57643305
7681470 152580261
7681470 57644344
7681470 44760158
7681470 58138361
7681470 57644585
7681470 107496003
7681470 93075807
7681470 31752255
7681470 65293269
7681470 152674464
7681470 90886691
7681470 57567207
7681470 152784955
7681470 57652021
152692264 57643355
152692264 23417722
152692264 57847359
152692264 14349157
152692264 57643305
152692264 58160567
152692264 42112687
152692264 58138361
152692264 57644585
152692264 107496003
152692264 57645191
152692264 57567207
152701178 57643355
152701178 23417722
152701178 57644344
152701178 49520817
152701178 44753210
152701178 144699574
152701178 44760158
152701178 57645191
152701178 31752255
152701178 57847016
152701178 65293269
152701178 44758749
152701178 57567207
152701178 57652021
57847016 24137044
57847016 152904779
57847016 57643305
57847016 57847359
57847016 49520817
57847016 14349157
57847016 144699574
57847016 210246926
57847016 44760158
57847016 130775715
57847016 57644585
57847016 152627510
57847016 57644344
57847016 57643355
57847016 152581056
57847016 152580261
57847016 57645191
57847016 107496003
57847016 16442108
57847016 23417722
57847016 57646029
57847016 152701178
57847016 148255581
57847016 44753210
57847016 31752255
57847016 42112687
57847016 6442166
57847016 210196466
57847016 45216259
57847016 58138361
57847016 152685910
57847016 57653251
57847016 152603922
57847016 210216008
57847016 581645659
57847016 58160567
57847016 65293269
57847016 45161747
57847016 152674464
57847016 90886691
57847016 44758749
57847016 57567207
57847016 152784955
57847016 152926445
57847016 57652021
57847016 57645948
57847016 57644609
152674464 44760158
152674464 58147790
152674464 57643305
152674464 57645191
152674464 44753210
152674464 57644585
152674464 57847359
152674464 57644344
152674464 65293269
152674464 155039406
152674464 24137044
152674464 57646029
152674464 31752255
152674464 14349157
152674464 23417722
152674464 6442166
152674464 57643355
152674464 57653251
152674464 57847016
152674464 152603922
152674464 49520817
152674464 7681470
152674464 33698900
152674464 42112687
152674464 581725754
152674464 152687784
152674464 57567207
152674464 152784955
152674464 57652021
152674464 57644609
581808853 44753210
581808853 57644585
581808853 6442166
581808853 65293269
152685910 57643355
152685910 57847359
152685910 57643305
152685910 210196466
152685910 57644344
152685910 49520817
152685910 44753210
152685910 144699574
152685910 57646029
152685910 44760158
152685910 57644585
152685910 57645191
152685910 57653251
152685910 152692264
152685910 31752255
152685910 57847016
152685910 57645948
144699574 57643355
144699574 152685910
144699574 130775715
144699574 152701178
144699574 57847359
144699574 14349157
144699574 57643305
144699574 152580261
144699574 57652685
144699574 57644344
144699574 49520817
144699574 33698900
144699574 58147790
144699574 57646029
144699574 44760158
144699574 57644585
144699574 85053154
144699574 57645191
144699574 24137044
144699574 57847016
144699574 65293269
144699574 44758749
144699574 57567207
144699574 152926445
144699574 57645948
152627510 57643305
152627510 57644344
152627510 57644585
152627510 57847016
57645191 16442108
57645191 39441783
57645191 152685910
57645191 23417722
57645191 130775715
57645191 152929914
57645191 582021704
57645191 152603922
57645191 152620687
57645191 105157501
57645191 210192041
57645191 57847359
57645191 14349157
57645191 210216008
57645191 57643305
57645191 152904779
57645191 210196466
57645191 152580261
57645191 210195750
57645191 57644344
57645191 44753210
57645191 58160567
57645191 42112687
57645191 144699574
57645191 581878969
57645191 57646029
57645191 148255581
57645191 44760158
57645191 58138361
57645191 57644585
57645191 6442166
57645191 107496003
57645191 148058324
57645191 93075807
57645191 57653251
57645191 62237961
57645191 152692264
57645191 582716556
57645191 24137044
57645191 581725754
57645191 31752255
57645191 57643355
57645191 49520817
57645191 152899140
57645191 57847016
57645191 65293269
57645191 45161747
57645191 152674464
57645191 90886691
57645191 44758749
57645191 57567207
57645191 152784955
57645191 57652021
57645191 57645948
57645191 57644609
637631610 57644585
57643355 93203481
57643355 16442108
57643355 152685910
57643355 23417722
57643355 130775715
57643355 7681470
57643355 152929914
57643355 210257514
57643355 152701178
57643355 152603922
57643355 105157501
57643355 210192041
57643355 57847359
57643355 210216008
57643355 57643305
57643355 210196466
57643355 152580261
57643355 57644344
57643355 44753210
57643355 58160567
57643355 215749686
57643355 42112687
57643355 144699574
57643355 175156068
57643355 57646029
57643355 155815040
57643355 44760158
57643355 58138361
57643355 57644585
57643355 6442166
57643355 107496003
57643355 152581056
57643355 93075807
57643355 57653251
57643355 62237961
57643355 152692264
57643355 582716556
57643355 24137044
57643355 210246926
57643355 31752255
57643355 57645191
57643355 57652685
57643355 49520817
57643355 152899140
57643355 57847016
57643355 65293269
57643355 152674464
57643355 90886691
57643355 44758749
57643355 57567207
57643355 152784955
57643355 57652021
57643355 57645948
581725754 57643355
581725754 57847359
581725754 57643305
581725754 57644344
581725754 44760158
581725754 57644585
581725754 57645191
581725754 65293269
581725754 152674464
581725754 57567207
23417722 57643355
23417722 39441783
23417722 130775715
23417722 57847359
23417722 14349157
23417722 57643305
23417722 152904779
23417722 57652685
23417722 57644344
23417722 49520817
23417722 44753210
23417722 33698900
23417722 155039406
23417722 57644585
23417722 6442166
23417722 85053154
23417722 107496003
23417722 57645191
23417722 57653251
23417722 62237961
23417722 152692264
23417722 31752255
23417722 57847016
23417722 65293269
23417722 152674464
23417722 57567207
23417722 152784955
23417722 57652021
23417722 57645948
23417722 57644609
44753210 57643355
44753210 16442108
44753210 152685910
44753210 23417722
44753210 130775715
44753210 210257514
44753210 57847359
44753210 14349157
44753210 210216008
44753210 57643305
44753210 152580261
44753210 57644344
44753210 49520817
44753210 58160567
44753210 581808853
44753210 58147790
44753210 57646029
44753210 155815040
44753210 44760158
44753210 58138361
44753210 57644585
44753210 6442166
44753210 57645191
44753210 152581056
44753210 57653251
44753210 152692264
44753210 581725754
44753210 31752255
44753210 57847016
44753210 65293269
44753210 152674464
44753210 44758749
44753210 57567207
44753210 152784955
44753210 152926445
44753210 57652021
44753210 57645948
44753210 57644609
33698900 93203481
33698900 57643355
33698900 130775715
33698900 18275958
33698900 210192041
33698900 57847359
33698900 14349157
33698900 57643305
33698900 210196466
33698900 57652685
33698900 57644344
33698900 49520817
33698900 144699574
33698900 57646029
33698900 44760158
33698900 57644585
33698900 6442166
33698900 85053154
33698900 57645191
33698900 57653251
33698900 152692264
33698900 210246926
33698900 152674464
33698900 57567207
210196466 57643355
210196466 152685910
210196466 130775715
210196466 57847359
210196466 14349157
210196466 57643305
210196466 57644344
210196466 33698900
210196466 57646029
210196466 44760158
210196466 57644585
210196466 6442166
210196466 107496003
210196466 57645191
210196466 57653251
210196466 57847016
210196466 65293269
210196466 57652021
210196466 57645948
152926445 23417722
152926445 107496003
152926445 18275958
152926445 57644344
152926445 57847359
152926445 57567207
152926445 57847016
152926445 57644585
152926445 144699574
152926445 44760158
152926445 57643305
152926445 44753210
152926445 49520817
152926445 130775715
152926445 24137044
152926445 57645191
152926445 65293269
152926445 6442166
90886691 57645191
90886691 49520817
90886691 57643355
90886691 57644585
90886691 57847359
90886691 57847016
90886691 24137044
90886691 57644344
90886691 44760158
90886691 57646029
90886691 62237961
90886691 57643305
90886691 6442166
90886691 65293269
90886691 14349157
90886691 7681470
90886691 57567207
90886691 57652021
155815040 57643355
155815040 44753210
155815040 57646029
155815040 57644585
93075807 57643355
93075807 7681470
93075807 210192041
93075807 57847359
93075807 57643305
93075807 57644344
93075807 57644585
93075807 57645191
93075807 152899140
210216008 57643355
210216008 57847359
210216008 57643305
210216008 57644344
210216008 49520817
210216008 44753210
210216008 57644585
210216008 57645191
210216008 57653251
210216008 57847016
210216008 65293269
210216008 57652021
582716556 57643355
582716556 57847359
582716556 14349157
582716556 57643305
582716556 57644344
582716556 49520817
582716556 44760158
582716556 57644585
582716556 57645191
582716556 65293269
582716556 57567207
57643305 93203481
57643305 57643355
57643305 788843466
57643305 16442108
57643305 39441783
57643305 152685910
57643305 23417722
57643305 130775715
57643305 58043324
57643305 7681470
57643305 210257514
57643305 105157501
57643305 210192041
57643305 57847359
57643305 14349157
57643305 210216008
57643305 152904779
57643305 210196466
57643305 152580261
57643305 57652685
57643305 210195750
57643305 139258512
57643305 57644344
57643305 49520817
57643305 44753210
57643305 58160567
57643305 210186981
57643305 42112687
57643305 144699574
57643305 155039406
57643305 57646029
57643305 64881322
57643305 44760158
57643305 58138361
57643305 57644585
57643305 6442166
57643305 107496003
57643305 57645191
57643305 152581056
57643305 93075807
57643305 152627510
57643305 57653251
57643305 62237961
57643305 152692264
57643305 582716556
57643305 24137044
57643305 581725754
57643305 31752255
57643305 152899140
57643305 57847016
57643305 65293269
57643305 152674464
57643305 90886691
57643305 44758749
57643305 57567207
57643305 152784955
57643305 152926445
57643305 57652021
57643305 57645948
57643305 57644609
210257514 57643355
210257514 130775715
210257514 57847359
210257514 14349157
210257514 57643305
210257514 57644344
210257514 44753210
210257514 58138361
210257514 57644585
210257514 6442166
210257514 107496003
210257514 57653251
210257514 57645948
210257514 57644609
44758749 57643305
44758749 57645191
44758749 57847359
44758749 57644344
44758749 57643355
44758749 65293269
44758749 14349157
44758749 210192041
44758749 57644585
44758749 49520817
44758749 44753210
44758749 57653251
44758749 57847016
44758749 152899140
44758749 144699574
44758749 31752255
44758749 6442166
44758749 7681470
44758749 23417722
44758749 152581056
44758749 57567207
139258512 57643305
62237961 57643355
62237961 57847359
62237961 14349157
62237961 57643305
62237961 57644344
62237961 49520817
62237961 57646029
62237961 44760158
62237961 57644585
62237961 6442166
62237961 57645191
62237961 57653251
62237961 90886691
62237961 152926445
62237961 57652021
42112687 57643355
42112687 23417722
42112687 58043324
42112687 57847359
42112687 57643305
42112687 57652685
42112687 57644344
42112687 57646029
42112687 57644585
42112687 6442166
42112687 57645191
42112687 152692264
42112687 57847016
42112687 152674464
42112687 57644609
58138361 57643355
58138361 7681470
58138361 210257514
58138361 57847359
58138361 14349157
58138361 57643305
58138361 57644344
58138361 49520817
58138361 44753210
58138361 210186981
58138361 57646029
58138361 44760158
58138361 57644585
58138361 57645191
58138361 152692264
58138361 57847016
58138361 65293269
58138361 57567207
58138361 57652021
152581056 57847359
152581056 14349157
152581056 57643305
152581056 57644344
152581056 49520817
152581056 44753210
152581056 57646029
152581056 57644585
152581056 57847016
152581056 65293269
152581056 44758749
152581056 57567207
39441783 57847359
39441783 57643305
39441783 57646029
39441783 57644585
39441783 57645191
39441783 65293269
130775715 57643355
130775715 16442108
130775715 23417722
130775715 7681470
130775715 210257514
130775715 210192041
130775715 57847359
130775715 14349157
130775715 57643305
130775715 152904779
130775715 210196466
130775715 152580261
130775715 210195750
130775715 57644344
130775715 44753210
130775715 33698900
130775715 144699574
130775715 175156068
130775715 57646029
130775715 64881322
130775715 45216259
130775715 44760158
130775715 57644585
130775715 6442166
130775715 107496003
130775715 57645191
130775715 57653251
130775715 152692264
130775715 24137044
130775715 210246926
130775715 31752255
130775715 152899140
130775715 57847016
130775715 65293269
130775715 57567207
130775715 152926445
130775715 57645948
210192041 130775715
210192041 57847359
210192041 57643305
210192041 57646029
210192041 57644585
210192041 57645191
210192041 93075807
210192041 44758749
58160567 57643355
58160567 58043324
58160567 57847359
58160567 14349157
58160567 57643305
58160567 210195750
58160567 57644344
58160567 49520817
58160567 44753210
58160567 175156068
58160567 57646029
58160567 44760158
58160567 57644585
58160567 6442166
58160567 107496003
58160567 57645191
58160567 57653251
58160567 152692264
58160567 24137044
58160567 31752255
58160567 57847016
58160567 65293269
58160567 152784955
58160567 57645948
14349157 788843466
14349157 16442108
14349157 23417722
14349157 130775715
14349157 7681470
14349157 152919662
14349157 152929914
14349157 172565948
14349157 210257514
14349157 18275958
14349157 152603922
14349157 152620687
14349157 105157501
14349157 57847359
14349157 57643305
14349157 152904779
14349157 210196466
14349157 152580261
14349157 57652685
14349157 57644344
14349157 49520817
14349157 44753210
14349157 58160567
14349157 33698900
14349157 152687784
14349157 215749686
14349157 144699574
14349157 155039406
14349157 581645659
14349157 57646029
14349157 148255581
14349157 45216259
14349157 44760158
14349157 58138361
14349157 57644585
14349157 6442166
14349157 32348714
14349157 85053154
14349157 107496003
14349157 57645191
14349157 152581056
14349157 57653251
14349157 170499793
14349157 62237961
14349157 152692264
14349157 582716556
14349157 24137044
14349157 210246926
14349157 31752255
14349157 152899140
14349157 57847016
14349157 65293269
14349157 152674464
14349157 90886691
14349157 44758749
14349157 57567207
14349157 152784955
14349157 57652021
14349157 57644609
152904779 23417722
152904779 130775715
152904779 57847359
152904779 14349157
152904779 57643305
152904779 57644344
152904779 49520817
152904779 64881322
152904779 44760158
152904779 57644585
152904779 57645191
152904779 57847016
152940904 57847359
152940904 57644344
152940904 57646029
152940904 57644585
155039406 23417722
155039406 57847359
155039406 14349157
155039406 57643305
155039406 57644344
155039406 57644585
155039406 57653251
155039406 65293269
155039406 152674464
58147790 57847359
58147790 57644344
58147790 44753210
58147790 144699574
58147790 57644585
58147790 6442166
58147790 65293269
58147790 152674464
152784955 57643305
152784955 57847016
152784955 57644344
152784955 16442108
152784955 23417722
152784955 44753210
152784955 31752255
152784955 44760158
152784955 57643355
152784955 65293269
152784955 57567207
101696244 49520817
172565948 57847359
172565948 14349157
581878969 23417722
581878969 57847359
581878969 49520817
581878969 57645191
60286248 57646029
60286248 65293269
210195750 130775715
210195750 57847359
210195750 57643305
210195750 57644344
210195750 58160567
210195750 57646029
210195750 57644585
210195750 6442166
210195750 57645191
210195750 57652021
210195750 57645948
44760158 57643355
44760158 788843466
44760158 152685910
44760158 23417722
44760158 130775715
44760158 7681470
44760158 152929914
44760158 152701178
44760158 57847359
44760158 14349157
44760158 57643305
44760158 152904779
44760158 210196466
44760158 152580261
44760158 57652685
44760158 57644344
44760158 49520817
44760158 44753210
44760158 144699574
44760158 57646029
44760158 58138361
44760158 57644585
44760158 32348714
44760158 107496003
44760158 57645191
44760158 170499793
44760158 62237961
44760158 582716556
44760158 24137044
44760158 210246926
44760158 31752255
44760158 57847016
44760158 65293269
44760158 152674464
44760158 90886691
44760158 44758749
44760158 57567207
44760158 152784955
44760158 152926445
44760158 57652021
44760158 57645948
44760158 57644609
210186981 57847359
210186981 57643305
210186981 44760158
210186981 58138361
210186981 57645191
210186981 65293269
210186981 57567207
57652685 23417722
57652685 57847359
57652685 14349157
57652685 57643305
57652685 57644344
57652685 33698900
57652685 42112687
57652685 144699574
57652685 57646029
57652685 44760158
57652685 57644585
57652685 6442166
57652685 57643355
57652685 65293269
57652021 57644585
57652021 49520817
57652021 57643305
57652021 57643355
57652021 44760158
57652021 57847359
57652021 44753210
57652021 57847016
57652021 210196466
57652021 31752255
57652021 24137044
57652021 65293269
57652021 152674464
57652021 210195750
57652021 57645191
57652021 152919662
57652021 582021704
57652021 90886691
57652021 57644344
57652021 57646029
57652021 14349157
57652021 23417722
57652021 57653251
57652021 6442166
57652021 62237961
57652021 210216008
57652021 152701178
57652021 152620687
57652021 105157501
57652021 7681470
57652021 57645948
57652021 57644609
57646029 57643355
57646029 39441783
57646029 152685910
57646029 130775715
57646029 58043324
57646029 152940904
57646029 210192041
57646029 57847359
57646029 14349157
57646029 57643305
57646029 210196466
57646029 152580261
57646029 57652685
57646029 210195750
57646029 57644344
57646029 44753210
57646029 58160567
57646029 33698900
57646029 42112687
57646029 144699574
57646029 155815040
57646029 44760158
57646029 58138361
57646029 57644585
57646029 6442166
57646029 107496003
57646029 57645191
57646029 152581056
57646029 57653251
57646029 60286248
57646029 62237961
57646029 24137044
57646029 31752255
57646029 57847016
57646029 65293269
57646029 152674464
57646029 90886691
57646029 57652021
57646029 57645948
57646029 57644609
170499793 23417722
170499793 14349157
170499793 57644344
170499793 49520817
170499793 44753210
170499793 44760158
170499793 57652021
152603922 57643355
152603922 57847359
152603922 14349157
152603922 57644344
152603922 49520817
152603922 57644585
152603922 57645191
152603922 57653251
152603922 57847016
152603922 65293269
152603922 152674464
152603922 57567207
152603922 57652021
16442108 57643355
16442108 7681470
16442108 57847359
16442108 14349157
16442108 57643305
16442108 57644344
16442108 49520817
16442108 44753210
16442108 44760158
16442108 57644585
16442108 6442166
16442108 57645191
16442108 57847016
16442108 65293269
16442108 152784955
16442108 57652021
152620687 57643355
152620687 57847359
152620687 14349157
152620687 57644344
152620687 49520817
152620687 57644585
152620687 57645191
152620687 57653251
152620687 57652021
57644585 93203481
57644585 57643355
57644585 788843466
57644585 16442108
57644585 39441783
57644585 152685910
57644585 23417722
57644585 130775715
57644585 58043324
57644585 7681470
57644585 152929914
57644585 582021704
57644585 210257514
57644585 18275958
57644585 152940904
57644585 152603922
57644585 152620687
57644585 105157501
57644585 210192041
57644585 57847359
57644585 14349157
57644585 210216008
57644585 57643305
57644585 152904779
57644585 210196466
57644585 152580261
57644585 57652685
57644585 210195750
57644585 57644344
57644585 49520817
57644585 44753210
57644585 58160567
57644585 33698900
57644585 152687784
57644585 42112687
57644585 144699574
57644585 175156068
57644585 581808853
57644585 155039406
57644585 58147790
57644585 57646029
57644585 64881322
57644585 155815040
57644585 45216259
57644585 44760158
57644585 58138361
57644585 6442166
57644585 85053154
57644585 107496003
57644585 57645191
57644585 152581056
57644585 148058324
57644585 93075807
57644585 152627510
57644585 57653251
57644585 637631610
57644585 62237961
57644585 152692264
57644585 582716556
57644585 24137044
57644585 581725754
57644585 31752255
57644585 152899140
57644585 57847016
57644585 65293269
57644585 152674464
57644585 90886691
57644585 44758749
57644585 57567207
57644585 152926445
57644585 57652021
57644585 57645948
57644585 57644609
152602332 57847359
152602332 57644344
152602332 6442166
31752255 57643355
31752255 788843466
31752255 152685910
31752255 23417722
31752255 130775715
31752255 7681470
31752255 152701178
31752255 57847359
31752255 14349157
31752255 57643305
31752255 57644344
31752255 49520817
31752255 44753210
31752255 58160567
31752255 57646029
31752255 44760158
31752255 57644585
31752255 6442166
31752255 57645191
31752255 24137044
31752255 58043324
31752255 57847016
31752255 65293269
31752255 152674464
31752255 57567207
31752255 152784955
31752255 57652021
31752255 57645948
31752255 57644609
152899140 175156068
152899140 57645191
152899140 130775715
152899140 57644344
152899140 57643355
152899140 57643305
152899140 152580261
152899140 93075807
152899140 57644585
152899140 14349157
152899140 24137044
152899140 44758749
105157501 57643355
105157501 57847359
105157501 14349157
105157501 57643305
105157501 57644344
105157501 49520817
105157501 58147790
105157501 57644585
105157501 57645191
105157501 65293269
105157501 57652021
582021704 57643355
582021704 57847359
582021704 57644344
582021704 57644585
582021704 6442166
582021704 57652021
582021704 57644609
581645659 57643355
581645659 57847359
581645659 14349157
581645659 57644344
581645659 44753210
581645659 57847016
581645659 65293269
581645659 57567207
175156068 57643355
175156068 130775715
175156068 57847359
175156068 49520817
175156068 58160567
175156068 57644585
175156068 24137044
175156068 152899140
85053154 57643355
85053154 23417722
85053154 152919662
85053154 57847359
85053154 14349157
85053154 57644344
85053154 44753210
85053154 144699574
85053154 44760158
85053154 57644585
85053154 62237961
85053154 24137044
85053154 57567207
210246926 57643355
210246926 130775715
210246926 57847359
210246926 14349157
210246926 57644344
210246926 33698900
210246926 44760158
210246926 57847016
210246926 57567207
57644609 65293269
57644609 57646029
57644609 45216259
57644609 44760158
57644609 58043324
57644609 57653251
57644609 57567207
57644609 14349157
57644609 44753210
57644609 57645191
57644609 210257514
57644609 57847359
57644609 107496003
57644609 23417722
57644609 31752255
57644609 42112687
57644609 582021704
57644609 152674464
57644609 24137044
57644609 57644585
57644609 57847016
57644609 57652021
32348714 14349157
32348714 57644344
32348714 44760158
32348714 6442166
58043324 57847359
58043324 57643305
58043324 57644344
58043324 44753210
58043324 58160567
58043324 152687784
58043324 42112687
58043324 57646029
58043324 57644585
58043324 107496003
58043324 24137044
58043324 31752255
58043324 57644609
152580261 57643355
152580261 130775715
152580261 7681470
152580261 57847359
152580261 14349157
152580261 57643305
152580261 57644344
152580261 49520817
152580261 44753210
152580261 144699574
152580261 57646029
152580261 44760158
152580261 57644585
152580261 6442166
152580261 57645191
152580261 152692264
152580261 24137044
152580261 152899140
152580261 57847016
152580261 65293269
152580261 57567207
64881322 130775715
64881322 57643305
64881322 152904779
64881322 57644344
64881322 57644585
64881322 65293269
24137044 57643355
24137044 130775715
24137044 58043324
24137044 57847359
24137044 14349157
24137044 57643305
24137044 152580261
24137044 57644344
24137044 49520817
24137044 58160567
24137044 144699574
24137044 175156068
24137044 57646029
24137044 44760158
24137044 57644585
24137044 6442166
24137044 85053154
24137044 57645191
24137044 57653251
24137044 31752255
24137044 152899140
24137044 57847016
24137044 65293269
24137044 152674464
24137044 90886691
24137044 57567207
24137044 152926445
24137044 57652021
24137044 57645948
24137044 57644609
49520817 152685910
49520817 23417722
49520817 152919662
49520817 152701178
49520817 152603922
49520817 152620687
49520817 105157501
49520817 57847359
49520817 14349157
49520817 210216008
49520817 57643305
49520817 152904779
49520817 152580261
49520817 57644344
49520817 44753210
49520817 58160567
49520817 155824686
49520817 33698900
49520817 144699574
49520817 175156068
49520817 44760158
49520817 57644585
49520817 6442166
49520817 85053154
49520817 107496003
49520817 152581056
49520817 57653251
49520817 62237961
49520817 582716556
49520817 24137044
49520817 31752255
49520817 57643355
49520817 57645191
49520817 57847016
49520817 65293269
49520817 152674464
49520817 90886691
49520817 44758749
49520817 57567207
49520817 152926445
49520817 57652021
49520817 57645948
152919662 14349157
152919662 57644344
152919662 49520817
152919662 85053154
152919662 57652021
18275958 14349157
18275958 33698900
18275958 57644585
45216259 57643355
45216259 23417722
45216259 130775715
45216259 7681470
45216259 210192041
45216259 57847359
45216259 14349157
45216259 57643305
45216259 57644344
45216259 49520817
45216259 44753210
45216259 144699574
45216259 44760158
45216259 57644585
45216259 57645191
45216259 57653251
45216259 152692264
45216259 57847016
45216259 65293269
45216259 57567207
45216259 57652021
45216259 57644609
215749686 57643355
215749686 57847359
215749686 14349157
215749686 65293269
57847359 93203481
57847359 57643355
57847359 788843466
57847359 16442108
57847359 39441783
57847359 152685910
57847359 23417722
57847359 130775715
57847359 58043324
57847359 7681470
57847359 152929914
57847359 582021704
57847359 210257514
57847359 152940904
57847359 152603922
57847359 152620687
57847359 105157501
57847359 210192041
57847359 14349157
57847359 210216008
57847359 57643305
57847359 210196466
57847359 152580261
57847359 57652685
57847359 210195750
57847359 57644344
57847359 49520817
57847359 44753210
57847359 58160567
57847359 210186981
57847359 152687784
57847359 215749686
57847359 42112687
57847359 144699574
57847359 175156068
57847359 155039406
57847359 581878969
57847359 58147790
57847359 57646029
57847359 152602332
57847359 45216259
57847359 44760158
57847359 58138361
57847359 57644585
57847359 6442166
57847359 85053154
57847359 107496003
57847359 57645191
57847359 152581056
57847359 93075807
57847359 57653251
57847359 62237961
57847359 152692264
57847359 582716556
57847359 24137044
57847359 581725754
57847359 210246926
57847359 31752255
57847359 57847016
57847359 65293269
57847359 152674464
57847359 90886691
57847359 44758749
57847359 57567207
57847359 152926445
57847359 57652021
57847359 57645948
57847359 57644609
155824686 7681470
155824686 49520817
57653251 57643355
57653251 152685910
57653251 23417722
57653251 130775715
57653251 210257514
57653251 152603922
57653251 57847359
57653251 14349157
57653251 210216008
57653251 57643305
57653251 210196466
57653251 57644344
57653251 49520817
57653251 44753210
57653251 58160567
57653251 57646029
57653251 45216259
57653251 44760158
57653251 57644585
57653251 6442166
57653251 107496003
57653251 57645191
57653251 24137044
57653251 57847016
57653251 65293269
57653251 152674464
57653251 44758749
57653251 57567207
57653251 57652021
57653251 57645948
57653251 57644609
152687784 58043324
152687784 57847359
152687784 14349157
152687784 57644344
152687784 57644585
152687784 152674464
148058324 57644585
148058324 57645191
57567207 23417722
57567207 57644344
57567207 130775715
57567207 31752255
57567207 57644585
57567207 49520817
57567207 57643305
57567207 57653251
57567207 57847359
57567207 65293269
57567207 44760158
57567207 144699574
57567207 85053154
57567207 582716556
57567207 57645191
57567207 44753210
57567207 57847016
57567207 57643355
57567207 152701178
57567207 24137044
57567207 107496003
57567207 90886691
57567207 152692264
57567207 148255581
57567207 152674464
57567207 7681470
57567207 44758749
57567207 152580261
57567207 14349157
57567207 152784955
57567207 152926445
57567207 57644609
107496003 57643355
107496003 39441783
107496003 23417722
107496003 130775715
107496003 58043324
107496003 7681470
107496003 210257514
107496003 57847359
107496003 14349157
107496003 57643305
107496003 210196466
107496003 57644344
107496003 49520817
107496003 58160567
107496003 57646029
107496003 44760158
107496003 57644585
107496003 6442166
107496003 57645191
107496003 57653251
107496003 152692264
107496003 57847016
107496003 65293269
107496003 57567207
107496003 152926445
107496003 57645948
107496003 57644609
148255581 57643355
148255581 14349157
148255581 57847016
148255581 57567207
57644344 57643355
57644344 788843466
57644344 16442108
57644344 39441783
57644344 152685910
57644344 23417722
57644344 130775715
57644344 58043324
57644344 7681470
57644344 152919662
57644344 152929914
57644344 210257514
57644344 152701178
57644344 152940904
57644344 152603922
57644344 152620687
57644344 105157501
57644344 210192041
57644344 57847359
57644344 14349157
57644344 210216008
57644344 57643305
57644344 152904779
57644344 210196466
57644344 152580261
57644344 57652685
57644344 210195750
57644344 49520817
57644344 44753210
57644344 58160567
57644344 152687784
57644344 215749686
57644344 42112687
57644344 144699574
57644344 155039406
57644344 581878969
57644344 58147790
57644344 57646029
57644344 64881322
57644344 152602332
57644344 45216259
57644344 44760158
57644344 58138361
57644344 57644585
57644344 6442166
57644344 32348714
57644344 85053154
57644344 107496003
57644344 57645191
57644344 152581056
57644344 93075807
57644344 152627510
57644344 57653251
57644344 170499793
57644344 62237961
57644344 152692264
57644344 582716556
57644344 24137044
57644344 210246926
57644344 31752255
57644344 152899140
57644344 57847016
57644344 65293269
57644344 152674464
57644344 90886691
57644344 44758749
57644344 57567207
57644344 152784955
57644344 152926445
57644344 57652021
57644344 57645948
57644344 57644609
65293269 14349157
65293269 57644344
65293269 57653251
65293269 57643305
65293269 57644585
65293269 49520817
65293269 31752255
65293269 144699574
65293269 130775715
65293269 57847359
65293269 24137044
65293269 57847016
65293269 58160567
65293269 152581056
65293269 57643355
65293269 107496003
65293269 152580261
65293269 155039406
65293269 215749686
65293269 44760158
65293269 582716556
65293269 44753210
65293269 60286248
65293269 23417722
65293269 57645191
65293269 210216008
65293269 58138361
65293269 105157501
65293269 152701178
65293269 39441783
65293269 57646029
65293269 57652685
65293269 16442108
65293269 210196466
65293269 6442166
65293269 210186981
65293269 581808853
65293269 58147790
65293269 152603922
65293269 581645659
65293269 581725754
65293269 7681470
65293269 64881322
65293269 152674464
65293269 90886691
65293269 44758749
65293269 57567207
65293269 152784955
65293269 152926445
65293269 57652021
65293269 57645948
65293269 57644609
6442166 57643355
6442166 16442108
6442166 152685910
6442166 23417722
6442166 130775715
6442166 582021704
6442166 210257514
6442166 210192041
6442166 57847359
6442166 14349157
6442166 57643305
6442166 210196466
6442166 152580261
6442166 57652685
6442166 210195750
6442166 57644344
6442166 49520817
6442166 44753210
6442166 58160567
6442166 33698900
6442166 581808853
6442166 58147790
6442166 57646029
6442166 152602332
6442166 148255581
6442166 57644585
6442166 32348714
6442166 107496003
6442166 57645191
6442166 57653251
6442166 62237961
6442166 24137044
6442166 31752255
6442166 57847016
6442166 65293269
6442166 152674464
6442166 90886691
6442166 44758749
6442166 152784955
6442166 152926445
6442166 57652021
6442166 57645948
6442166 57644609
93203481 57643355
93203481 57847359
93203481 57643305
93203481 33698900
93203481 57644585
93203481 57567207
45161747 57847016
45161747 57645191
788843466 7681470
788843466 57847359
788843466 14349157
788843466 57643305
788843466 57644344
788843466 44760158
788843466 57644585
788843466 31752255
152929914 57643355
152929914 14349157
152929914 57644344
152929914 57645191
