86087188 14410117
86087188 22056796
579284442 833375609
579284442 14410117
579284442 50592740
316242438 152478894
316242438 50592740
50592740 86083619
50592740 357637776
50592740 65483073
50592740 579284442
50592740 22056796
50592740 476645261
50592740 14410117
50592740 833547668
50592740 316242438
50592740 421477088
50592740 110208189
50592740 834118752
50592740 22689889
833547668 14410117
833547668 50592740
22689889 50592740
22689889 14410117
152478894 316242438
152478894 50592740
833375609 579284442
833375609 110208189
833375609 50592740
14410117 579284442
14410117 833375609
14410117 833547668
14410117 86087188
14410117 22056796
14410117 110208189
14410117 86083619
14410117 50592740
14410117 22689889
65483073 22056796
65483073 50592740
110208189 50592740
34433129 65483073
476645261 50592740
421477088 50592740
421477088 22689889
22056796 65483073
22056796 833375609
22056796 86087188
22056796 14410117
22056796 86083619
22056796 50592740
22056796 22689889
86083619 22056796
86083619 14410117
86083619 50592740
357637776 110208189
357637776 50592740
834118752 50592740
