643755146 60322436
328090402 60322436
54301091 60322436
54301091 213664254
457865403 60322436
54300040 60322436
213664254 54301091
213664254 60322436
213664254 102042892
217228585 388914728
217228585 60322436
255756379 60322436
388914728 60322436
388914728 217228585
388914728 833381560
211525905 60322436
102042892 60322436
812642859 84210672
812642859 60322436
668825611 60322436
338145840 60322436
211534423 60322436
233824383 58477552
52535527 60322436
52535527 217222924
51740807 60322436
668101590 60322436
111459040 60322436
497254240 60322436
211534752 102042892
211534752 60322436
834950897 60322436
34821697 60322436
528228816 60322436
103877929 60322436
154772689 103877929
60322436 211524222
228657403 60322436
228657403 211543827
421456305 60322436
217222924 52535527
217222924 60322436
217222924 211523916
177046014 102042892
177046014 60322436
299956852 60322436
211534654 60322436
211524222 60322436
211524222 211523916
40172066 60322436
836611836 60322436
60325618 60322436
630217782 60322436
82812442 58477552
836611551 60322436
244528773 60322436
17879721 60322436
833381560 388914728
833381560 509620547
833381560 60322436
833381560 312002276
833381560 211543827
833381560 217228585
509587179 60322436
834157345 152621533
18625185 51605371
211543827 211523916
211543827 84210672
211543827 60322436
58477552 233824383
58477552 82812442
58477552 60322436
233909844 60322436
211523916 211524222
211523916 60322436
211523916 211543827
211523916 261230279
211523916 363402912
509620547 60322436
521857816 60322436
6045642 60322436
261230279 211523916
391421747 60322436
694780196 60322436
836611376 60322436
84210672 6045642
84210672 21174672
84210672 102042892
84210672 60322436
84210672 211543827
21174672 84210672
312002276 60322436
307633299 60322436
363402912 60322436
363402912 211523916
510012374 60322436
220470616 60322436
152621533 834157345
124528498 60322436
833374379 60322436
18641906 60322436
121563169 102042892
836611811 60322436
151278446 60322436
51605371 18625185
510051895 60322436
