104743918 150099934
27637245 150099934
152479938 5445670
152479938 150099934
152479938 833741187
152479938 65490180
65490180 152479938
65490180 150099934
607440899 150099934
103022387 150099934
152701489 103022387
152701489 150099934
152701489 5445670
161565776 150099934
421476897 150099934
5445670 152701489
5445670 152479938
5445670 150099934
116231538 150099934
106858508 150099934
4416369 150099934
581139348 150099934
130074367 833741187
130074367 150099934
212625129 150099934
212625129 5445670
150099934 103022387
150099934 65490180
150099934 27637245
150099934 4416369
833741187 152479938
833741187 130074367
833741187 150099934
