10102589 23792235
10102589 155839064
10102589 129152495
10102589 58165629
10102589 442187559
10102589 138869566
10102589 95599021
138869566 10102589
138869566 95599021
145458619 152928456
145458619 138989554
442187559 10102589
442187559 58165629
442187559 95599021
58054582 10102589
58054582 129152495
58054582 95599021
23343355 10102589
23792235 10102589
23792235 95599021
421492798 10102589
421492798 129152495
421492798 58165629
421492798 58377548
421492798 95599021
834413332 95599021
155839064 10102589
155839064 95599021
60453660 10102589
60453660 58165629
60453660 95599021
58488737 95599021
58488737 10102589
95599021 129152495
95599021 10102589
152928456 145458619
152928456 95599021
58377548 95599021
129152495 10102589
129152495 58165629
129152495 95599021
138989554 145458619
58078758 10102589
58078758 129152495
58078758 58165629
58078758 95599021
58165629 10102589
58165629 129152495
58165629 95599021
