26013128 10351052
26013128 11847053
421483745 11847053
21338501 4080209
21338501 11847053
377332871 10351052
58083385 11847053
167800292 11847053
10351052 377332871
10351052 29006491
10351052 10537491
10351052 11847053
150098415 58294711
150098415 6421248
150098415 4080209
150098415 10537491
12920881 11847053
14115176 11847053
5366488 10351052
5366488 10537491
5366488 11847053
14800591 4080209
14800591 11847053
14800591 10537491
11847053 833313483
11847053 251192600
11847053 421483745
11847053 29006491
11847053 10351052
11847053 26013128
11847053 12920881
11847053 5366488
11847053 58083385
11847053 28736057
11847053 4080209
11847053 6421248
11847053 10537491
10537491 150098415
10537491 10351052
10537491 5366488
10537491 14800591
10537491 28736057
10537491 4080209
10537491 6421248
10537491 11847053
4080209 21338501
4080209 10537491
4080209 14800591
4080209 150098415
4080209 11847053
4080209 251192600
4080209 58294711
4080209 28736057
4080209 6421248
58294711 150098415
58294711 4080209
29006491 10351052
29006491 11847053
133581129 11847053
251192600 4080209
251192600 11847053
833313483 11847053
298851506 11847053
6421248 11847053
6421248 150098415
6421248 10537491
28736057 11847053
28736057 10537491
28736057 4080209
