152733616 49306848
152502117 49306848
152502117 9023080
7153602 49306848
7153602 57609551
7153602 9023080
57461611 49306848
833306552 129065759
64535013 129065759
9023080 74895016
9023080 152502117
9023080 49306848
184497906 49306848
184497906 57609551
49306848 58330001
49306848 7153602
49306848 129065759
49306848 152502117
49306848 57609551
49306848 9023080
133709040 49306848
58330001 49306848
58330001 129065759
58330001 57609551
129065759 49306848
129065759 58330001
74895016 129065759
74895016 49306848
74895016 9023080
57609551 49306848
57609551 184497906
57609551 58330001
57609551 7153602
57609551 129065759
58015384 49306848
