17707485 57645188
17707485 152929639
17707485 93768135
17707485 45544676
17707485 152913088
17707485 129642528
17707485 57646256
17707485 149533681
17707485 152924239
17707485 152892208
17707485 13807249
17707485 4487378
17707485 130775715
17707485 152816492
17707485 152734763
17707485 152821252
17707485 152595612
17707485 152731526
17707485 134260187
17707485 152957527
17707485 152808166
17707485 65385355
17707485 82644668
17707485 152662605
17707485 152671176
17707485 11803068
152808166 4487378
152808166 152924239
152808166 152595612
152808166 152725750
152808166 152819148
152808166 17707485
152808166 82644668
58358359 152954937
58358359 152595612
58358359 152819000
58358359 129642528
58291260 152595612
82644668 67521429
82644668 130775715
82644668 152819148
82644668 149533681
82644668 4487378
82644668 152731526
82644668 152892208
82644668 17707485
82644668 152808166
82644668 52573813
82644668 152797864
82644668 152924760
82644668 152816492
82644668 152889376
82644668 152595612
82644668 57611538
82644668 152880131
152884192 152595612
152924239 152957527
152924239 152674085
152924239 152911990
152924239 152595612
152924239 129642528
57653152 4487378
57653152 130775715
57653152 93768135
57653152 13807249
57653152 129642528
152566239 152595612
152566239 11803068
152662675 152595612
152957527 4487378
152957527 152702639
152957527 152674085
152957527 152892208
152957527 152924239
152957527 152579514
152957527 152712284
152957527 152678666
152957527 152889376
152957527 152595612
152957527 152725750
152957527 152941079
152957527 152797864
152957527 129642528
152957527 17707485
152957527 152662605
152957527 152838839
152957527 152934353
152620008 152595612
210192588 149533681
210192588 152595612
210192588 152924760
210192588 152816492
210192588 152811438
210192588 106984563
152671176 152595612
152671176 17707485
152839244 152595612
152839244 149533681
4487378 152734763
4487378 152888988
4487378 152957527
4487378 130775715
4487378 93768135
4487378 152940784
4487378 14534056
4487378 152892208
4487378 152811438
4487378 152701808
4487378 152954937
4487378 152880139
4487378 152808166
4487378 152911990
4487378 152678666
4487378 24567224
4487378 57653152
4487378 134260187
4487378 67521429
4487378 152889376
4487378 57611538
4487378 152725750
4487378 149533681
4487378 152920310
4487378 152941079
4487378 152821252
4487378 152710911
4487378 152819148
4487378 57646256
4487378 152797864
4487378 17707485
4487378 152856794
4487378 82644668
4487378 152838839
4487378 152934353
143013539 152595612
57643836 130775715
57643836 152595612
50605023 93768135
50605023 57645188
50605023 152889376
50605023 152819148
50605023 106984563
152920310 4487378
152579514 152957527
152579514 152892208
152579514 67521429
152579514 152595612
152579514 152710911
152579514 65385355
310917290 152595612
152891981 152595612
152787008 152595612
152787008 149533681
152787008 82644668
57646256 4487378
57646256 152603908
57646256 152702639
57646256 93768135
57646256 52573813
57646256 152892208
57646256 152880139
57646256 13807249
57646256 24567224
57646256 152595612
57646256 152819148
57646256 152734763
57646256 152906470
57646256 57645188
57646256 129642528
57646256 17707485
152734325 58130895
152734325 152595612
152821252 4487378
152821252 152929639
152821252 130775715
152821252 152660493
152821252 152816492
152821252 152595612
152821252 129642528
152821252 152924760
152821252 17707485
262809758 149533681
152734763 4487378
152734763 152595612
152734763 149533681
152734763 57646256
152734763 17707485
152819148 152888988
152819148 4487378
152819148 14534056
152819148 152808166
152819148 50605023
152819148 57611538
152819148 152595612
152819148 149533681
152819148 57646256
152819148 152856794
152819148 82644668
45544676 130775715
45544676 152954937
45544676 57645188
45544676 152595612
45544676 149533681
45544676 129642528
45544676 17707485
45544676 106984563
152924218 149533681
152924218 14534056
152924218 152595612
58130895 152734325
58130895 152678666
58130895 152595612
601617618 152595612
24567224 4487378
24567224 130775715
24567224 152595612
24567224 57646256
152816492 152595612
152816492 152821252
152816492 152797864
152816492 210192588
152816492 17707485
581189021 152595612
130775715 4487378
130775715 58130895
130775715 152929639
130775715 152603908
130775715 93768135
130775715 57643836
130775715 152787008
130775715 41753833
130775715 152906470
130775715 152880139
130775715 57645188
130775715 24567224
130775715 57653152
130775715 67521429
130775715 152582026
130775715 152595612
130775715 152821252
130775715 57646256
130775715 129642528
130775715 17707485
130775715 82644668
130775715 106984563
149533681 152734763
149533681 152888988
149533681 4487378
149533681 45544676
149533681 262809758
149533681 152787008
149533681 152911990
149533681 57645188
149533681 152731526
149533681 152595612
149533681 152725750
149533681 152819148
149533681 152839244
149533681 57646256
149533681 152819000
149533681 129642528
149533681 210192588
149533681 17707485
149533681 82644668
149533681 152924218
152880131 93768135
152880131 152595612
152880131 82644668
152906470 152929639
152906470 130775715
152906470 152595612
152906470 57646256
152906470 152934353
129642528 93768135
129642528 130775715
129642528 152954937
129642528 152674085
129642528 67521429
129642528 149533681
129642528 45544676
129642528 152924239
129642528 152821252
129642528 52573813
129642528 57646256
129642528 152892208
129642528 152957527
129642528 58358359
129642528 57653152
129642528 50605023
129642528 152543220
129642528 152595612
129642528 134120752
129642528 17707485
129642528 65385355
129642528 106984563
41753833 57645188
41753833 152595612
41753833 152819000
41753833 65385355
41753833 152934353
152662605 152595612
152731526 152892208
152731526 152911990
152731526 152595612
152731526 149533681
152731526 152856794
152731526 82644668
152582026 130775715
65385355 152579514
65385355 152595612
65385355 17707485
14534056 4487378
14534056 152929639
14534056 93768135
14534056 152924239
14534056 152880139
14534056 152819148
14534056 57646256
14534056 210192588
14534056 152856794
14534056 106984563
14534056 152924218
152888988 4487378
152888988 152595612
152888988 149533681
152888988 152819148
130237343 152595612
152911990 4487378
152911990 152678666
152911990 152595612
152678666 152730243
152678666 4487378
152678666 152957527
152678666 152911990
152678666 152595612
152678666 82644668
152880139 4487378
152880139 130775715
152880139 14534056
152880139 57646256
11803068 67521429
11803068 152595612
134260187 4487378
134260187 152595612
152889376 4487378
152889376 152957527
152889376 134260187
152889376 50605023
152889376 152816492
152889376 57611538
152889376 152595612
152889376 152913088
152889376 82644668
152838839 152957527
152838839 52573813
152838839 152929639
152838839 152660493
152838839 152911990
152838839 152595612
152838839 152913088
152838839 106984563
152622990 152595612
152730730 152595612
316627963 152595612
316627963 106984563
152674085 152929639
152674085 152957527
152674085 152924239
152674085 57645188
152674085 152595612
152674085 129642528
152941079 4487378
152941079 152957527
152941079 152595612
152595612 45544676
152595612 152674085
152595612 152811438
152595612 581725442
152595612 152501423
152595612 152906470
152595612 152924239
152595612 152954937
152595612 152808166
152595612 152712284
152595612 152911990
152595612 152660493
152595612 152731526
152595612 152734325
152595612 152849040
152595612 143013539
152595612 152816492
152595612 57611538
152595612 152884192
152595612 149533681
152595612 152920310
152595612 152941079
152595612 152819148
152595612 152839244
152595612 152622990
152595612 152819000
152595612 129642528
152595612 17707485
152595612 65385355
152595612 152856794
152595612 82644668
152595612 11803068
152595612 152924218
152543220 152712284
152543220 152595612
152543220 152913088
152543220 129642528
152660493 57645188
152660493 152595612
152660493 152821252
152660493 152838839
57645188 130775715
57645188 45544676
57645188 93768135
57645188 152674085
57645188 52573813
57645188 41753833
57645188 152660493
57645188 13807249
57645188 149533681
57645188 57646256
57645188 17707485
57611538 4487378
57611538 52573813
57611538 152889376
57611538 152595612
57611538 152819148
57611538 82644668
57611538 152838839
152733040 152595612
152924760 152821252
152924760 152595612
152712284 152957527
152712284 152543220
152712284 152595612
152730243 152595612
152940784 4487378
152940784 152595612
152929639 130775715
152929639 152674085
152929639 14534056
152929639 152906470
152929639 152595612
152929639 152821252
152929639 17707485
152929639 106984563
152929639 152838839
13807249 57645188
13807249 57653152
13807249 152595612
13807249 152725750
13807249 57646256
13807249 152797864
13807249 17707485
152811438 4487378
152811438 152595612
152811438 149533681
152811438 758047932
152811438 210192588
152954937 4487378
152954937 45544676
152954937 152595612
152954937 129642528
152668954 152595612
152668954 149533681
106984563 152929639
106984563 129642528
106984563 14534056
106984563 45544676
106984563 130775715
106984563 152595612
106984563 316627963
152849040 152595612
152934353 41753833
152934353 152957527
152934353 152906470
152934353 11803068
152934353 4487378
152934353 152595612
152725750 4487378
152725750 152957527
152725750 152808166
152725750 13807249
152725750 152595612
152725750 149533681
152603908 130775715
152603908 152595612
152603908 57646256
152856363 152566239
152856363 152595612
758047932 152595612
67521429 4487378
67521429 130775715
67521429 93768135
67521429 152579514
67521429 152595612
67521429 129642528
67521429 11803068
152856794 152595612
152856794 4487378
152856794 152819148
152892208 4487378
152892208 152957527
152892208 152579514
152892208 152731526
152892208 152595612
152892208 57646256
152892208 152797864
152892208 129642528
152892208 17707485
152892208 82644668
152797864 152816492
152797864 152787008
152797864 152892208
152797864 152957527
152797864 13807249
152797864 152595612
152797864 4487378
152797864 152819000
152797864 129642528
152797864 82644668
152710911 4487378
152710911 152579514
152710911 152595612
93768135 4487378
93768135 130775715
93768135 45544676
93768135 14534056
93768135 57645188
93768135 152880131
93768135 57653152
93768135 67521429
93768135 50605023
93768135 57646256
93768135 129642528
93768135 17707485
152832832 152595612
152913088 152595612
152819000 152595612
152701808 4487378
152701808 152595612
152702639 152957527
152702639 152595612
152702639 152821252
152702639 57646256
152702639 129642528
52573813 57645188
52573813 57611538
52573813 152595612
52573813 57646256
52573813 129642528
52573813 152856794
52573813 82644668
52573813 152838839
