25477970 84780834
321238888 84780834
140390428 84780834
140390428 164355949
695440142 84780834
212621376 84780834
164355949 84780834
164355949 140390428
164355949 58005612
76291306 84780834
298851755 84780834
57473772 84780834
144733916 84780834
101789228 84780834
101789228 65314767
69541324 84780834
69541324 772327954
58387893 84780834
89084483 84780834
32479699 39677233
32479699 84780834
58005612 84780834
672387627 84780834
772327954 69541324
772327954 84780834
72046445 32479699
72046445 84780834
84780834 32479699
54729662 84780834
59201136 84780834
163804678 84780834
39677233 32479699
39677233 84780834
421496219 84780834
52063142 84780834
65314767 101789228
65314767 84780834
511812407 84780834
456672771 84780834
54336507 84780834
377281100 84780834
