152899806 152787815
152899806 58472458
152899806 43723980
152899806 29285703
152899806 58122486
152899806 12136895
152899806 4003976
152899806 152732917
152899806 152678887
152899806 152818456
152129718 152839745
152129718 58472458
152821033 58472458
582113251 58122486
152912954 58472458
581747174 58472458
581747174 58122486
57652638 57650489
57652638 152674986
57652638 57646749
57652638 65273873
57652638 58122486
57652638 57644483
57652638 152732917
57652638 152678887
57652638 152834420
29285703 57650489
29285703 152579280
29285703 57646749
29285703 152935029
29285703 43723980
29285703 58122486
29285703 83711320
29285703 28431976
29285703 152930330
29285703 152899806
29285703 152678887
29285703 152676890
29285703 152892471
24241755 57646749
24241755 152904650
24241755 65273873
24241755 58122486
24241755 210228629
24241755 28831811
24241755 28431976
24241755 57644483
24241755 152678887
24241755 64962083
152930330 152797609
152930330 57646749
152930330 58472458
152930330 29285703
152930330 58122486
152930330 152580672
152930330 83711320
152930330 57650489
152930330 152678887
152930330 57652137
152671118 58472458
152678887 27114509
152678887 58122486
152678887 210235945
152678887 152935029
152678887 101699134
152678887 24241755
152678887 57646749
152678887 152858254
152678887 29285703
152678887 58472458
152678887 12136895
152678887 83711320
152678887 57650489
152678887 152899806
152678887 152797864
152678887 57652638
152678887 152930330
152678887 152674986
152678887 57644483
152678887 44753232
152678887 101695601
152678887 28431976
152678887 152934373
152678887 152892471
152838860 65273873
152838860 58472458
152838860 57646749
152838860 58170317
152838860 58122486
152838860 152821033
101695601 152858254
101695601 44753232
101695601 58472458
101695601 152678887
152818456 57644483
152818456 58122486
152818456 58472458
152818456 83711320
152818456 64962083
152818456 210228629
152818456 28431976
152818456 152580672
152818456 152899806
152818456 57646749
152818456 65273873
152818456 152579280
152818456 152834420
152732917 152939174
152732917 83711320
152732917 58122486
152732917 58472458
152732917 152899806
152732917 57652638
152732917 65273873
152732917 57646749
152732917 152580672
152732917 148255581
152732917 152797864
152732917 57652137
58472458 44753232
58472458 152821033
58472458 3708499
58472458 152935029
58472458 32058155
58472458 16331187
58472458 65273873
58472458 58122486
58472458 152688511
58472458 83711320
58472458 28431976
58472458 152930330
58472458 210277912
58472458 152921173
58472458 4003976
58472458 152732917
58472458 152678887
58472458 152676890
152931231 58472458
152931231 65273873
152904650 57646749
152904650 58472458
152904650 24241755
152904650 58122486
152904650 83711320
152904650 12136895
152904650 28431976
57646749 57650489
57646749 152787815
57646749 152858254
57646749 152674986
57646749 58152163
57646749 152604241
57646749 3708499
57646749 57652638
57646749 32058155
57646749 152840072
57646749 152592038
57646749 43723980
57646749 152503721
57646749 19706375
57646749 29285703
57646749 152904650
57646749 65273873
57646749 24241755
57646749 58122486
57646749 152575905
57646749 152580672
57646749 83711320
57646749 28431976
57646749 152930330
57646749 4003976
57646749 57644483
57646749 152732917
57646749 152797864
57646749 152678887
57646749 57647481
57646749 152833195
57646749 152818456
57646749 57652137
57646749 152834420
27114509 32058155
27114509 65273873
27114509 58122486
27114509 210228629
27114509 83711320
27114509 57644483
27114509 152678887
27114509 64962083
83711320 27114509
83711320 57646749
83711320 58152163
83711320 58472458
83711320 29285703
83711320 16331187
83711320 152904650
83711320 65273873
83711320 58122486
83711320 12136895
83711320 28431976
83711320 152930330
83711320 152732917
83711320 152678887
83711320 64962083
83711320 152818456
83711320 152834420
152939174 58472458
58277118 58472458
152785223 152931231
152785223 58122486
152914417 58472458
152914417 65273873
152914417 58122486
152914417 210277912
152912115 58472458
152912115 58122486
152892957 58472458
152480398 58472458
58290259 57650489
58290259 58472458
90886068 58472458
152787815 57646749
152787815 58122486
152787815 152899806
152787815 57644483
152787815 64962083
152787815 57652137
152575905 57646749
152575905 58122486
65273873 57650489
65273873 210235945
65273873 152914417
65273873 27114509
65273873 152858254
65273873 57646749
65273873 58152163
65273873 152604241
65273873 44753232
65273873 58472458
65273873 152931231
65273873 57652638
65273873 32058155
65273873 101695601
65273873 152503721
65273873 29285703
65273873 16331187
65273873 152904650
65273873 581419480
65273873 152883177
65273873 24241755
65273873 58122486
65273873 152688511
65273873 152580672
65273873 83711320
65273873 12136895
65273873 28431976
65273873 152930330
65273873 152899806
65273873 4003976
65273873 57644483
65273873 152732917
65273873 152797864
65273873 57647481
65273873 64962083
65273873 152833195
65273873 152818456
65273873 57652137
65273873 152834420
65273873 152838860
65273873 152892471
58122486 57650489
58122486 152787815
58122486 210235945
58122486 152914417
58122486 27114509
58122486 152858254
58122486 152674986
58122486 57646749
58122486 152785223
58122486 58152163
58122486 152604241
58122486 44753232
58122486 152892957
58122486 3708499
58122486 581747174
58122486 58472458
58122486 57652638
58122486 32058155
58122486 152912115
58122486 152503721
58122486 19706375
58122486 29285703
58122486 152904650
58122486 65273873
58122486 152904520
58122486 152929472
58122486 24241755
58122486 210228629
58122486 152575905
58122486 152580672
58122486 58170317
58122486 83711320
58122486 12136895
58122486 582113251
58122486 28831811
58122486 28431976
58122486 152930330
58122486 210277912
58122486 152899806
58122486 152921173
58122486 4003976
58122486 152839745
58122486 57644483
58122486 152732917
58122486 152797864
58122486 152678887
58122486 57647481
58122486 152833195
58122486 152818456
58122486 57652137
58122486 152834420
58122486 152934373
58122486 152838860
58122486 152676890
58122486 152892471
152839745 152129718
152839745 58122486
152688511 58472458
58170317 152579280
58170317 58472458
58170317 58122486
58170317 57652137
58170317 152838860
152676890 29285703
152676890 58472458
152676890 152840072
152676890 58122486
152676890 57650489
152676890 152580672
16331187 152821033
16331187 58472458
16331187 65273873
16331187 83711320
16331187 12136895
16331187 4003976
152604241 57646749
152604241 65273873
152604241 58122486
152604241 210228629
152604241 152580672
152604241 12136895
152592038 57646749
152592038 58472458
12136895 152604241
12136895 16331187
12136895 152904650
12136895 65273873
12136895 58122486
12136895 152580672
12136895 83711320
12136895 28831811
12136895 28431976
12136895 152899806
12136895 57644483
12136895 152678887
12136895 64962083
152892471 65273873
152892471 3708499
152892471 58122486
152892471 58472458
152892471 29285703
152892471 4003976
152892471 152678887
152892471 58152163
152892471 44753232
152670152 58472458
19706375 57650489
19706375 57646749
19706375 58472458
19706375 58122486
19706375 28831811
19706375 28431976
152929472 58472458
152929472 152670152
152929472 58122486
152921173 152858254
152921173 58472458
152921173 58122486
152921173 152934373
152797609 152930330
152797609 57644483
152797609 57652137
152503721 57650489
152503721 57646749
152503721 65273873
152503721 58122486
152503721 152580672
152503721 57644483
152503721 64962083
152503721 57652137
152934373 152921173
152934373 57650489
152934373 152678887
152934373 58122486
152934373 152579280
152934373 28431976
215740334 152580672
43723980 57646749
43723980 58472458
43723980 29285703
43723980 152899806
3708499 57646749
3708499 58472458
3708499 28831811
28431976 152858254
28431976 57646749
28431976 58472458
28431976 152575364
28431976 19706375
28431976 29285703
28431976 152904650
28431976 65273873
28431976 24241755
28431976 58122486
28431976 152580672
28431976 83711320
28431976 12136895
28431976 28831811
28431976 210277912
28431976 57644483
28431976 44753232
28431976 152935029
28431976 16331187
28431976 57650489
28431976 152678887
28431976 57647481
28431976 64962083
28431976 152818456
28431976 57652137
28431976 152934373
152580672 57650489
152580672 57646749
152580672 58152163
152580672 152604241
152580672 58472458
152580672 32058155
152580672 152503721
152580672 65273873
152580672 58122486
152580672 12136895
152580672 28431976
152580672 152930330
152580672 215740334
152580672 210277912
152580672 57644483
152580672 152732917
152580672 57647481
152580672 64962083
152580672 152818456
152580672 57652137
152580672 152676890
129786686 58472458
152935029 58472458
152935029 29285703
152935029 24241755
152935029 4003976
152935029 28431976
152935029 152678887
32058155 27114509
32058155 57646749
32058155 58472458
32058155 65273873
32058155 58122486
152834420 152858254
152834420 65273873
152834420 58122486
152834420 57646749
152834420 58472458
152834420 152818456
152834420 83711320
152834420 57652638
152834420 57644483
152787704 152785223
152787704 58472458
152787704 152575364
152787704 57644483
58152163 57650489
58152163 57646749
58152163 58472458
58152163 65273873
58152163 58122486
58152163 152580672
58152163 83711320
58152163 57644483
58152163 152892471
152674986 57646749
152674986 57652638
152674986 58122486
152674986 57644483
152674986 152678887
152674986 57647481
152674986 57652137
57650489 57646749
57650489 58152163
57650489 58472458
57650489 57652638
57650489 152503721
57650489 19706375
57650489 29285703
57650489 65273873
57650489 58122486
57650489 210228629
57650489 298837925
57650489 152580672
57650489 58290259
57650489 57644483
57650489 28431976
57650489 152930330
57650489 152678887
57650489 57647481
57650489 64962083
57650489 57652137
57650489 152934373
57650489 152676890
28831811 3708499
28831811 58472458
28831811 19706375
28831811 24241755
28831811 58122486
28831811 12136895
28831811 28431976
28831811 57644483
44753232 58472458
44753232 65273873
44753232 58122486
44753232 28431976
44753232 152678887
44753232 57652137
44753232 152892471
152833195 58122486
152833195 58472458
152833195 57646749
152575364 152787704
152575364 58472458
152575364 28431976
57647481 65273873
57647481 58122486
57647481 28431976
57647481 152580672
57647481 152674986
57647481 57650489
57647481 57646749
57647481 58472458
581419480 58472458
581419480 65273873
152579280 58472458
152579280 29285703
152579280 58170317
152579280 64962083
152579280 152818456
152579280 152934373
210228629 57650489
210228629 210235945
210228629 27114509
210228629 152604241
210228629 24241755
210228629 58122486
210228629 152818456
210228629 57652137
758047932 58472458
152858254 57646749
152858254 58472458
152858254 101695601
152858254 65273873
152858254 24241755
152858254 58122486
152858254 28431976
152858254 152921173
152858254 57644483
152858254 152732917
152858254 152678887
152858254 64962083
152858254 57652137
152858254 152834420
101699134 152678887
152932691 58472458
152883177 58472458
152883177 65273873
152577960 58472458
57652137 28431976
57652137 210228629
57652137 152787815
57652137 57644483
57652137 65273873
57652137 152858254
57652137 152580672
57652137 152797609
57652137 210277912
57652137 58170317
57652137 57650489
57652137 57646749
57652137 152503721
57652137 152674986
57652137 58122486
57652137 44753232
57652137 152732917
57652137 152930330
152797864 58122486
152797864 152732917
152797864 65273873
152797864 58472458
152797864 57646749
152797864 152678887
148255581 58472458
148255581 152732917
210235945 65273873
210235945 58122486
210235945 210228629
210235945 152678887
64962083 28431976
64962083 24241755
64962083 27114509
64962083 152858254
64962083 57650489
64962083 65273873
64962083 152787815
64962083 152580672
64962083 83711320
64962083 152503721
64962083 57644483
64962083 12136895
64962083 152579280
64962083 152818456
57644483 57650489
57644483 152787815
57644483 152787704
57644483 152797609
57644483 27114509
57644483 152858254
57644483 152674986
57644483 57646749
57644483 58152163
57644483 152818456
57644483 57652638
57644483 152840072
57644483 101695601
57644483 152503721
57644483 65273873
57644483 24241755
57644483 58122486
57644483 148255581
57644483 152580672
57644483 12136895
57644483 28831811
57644483 28431976
57644483 210277912
57644483 152678887
57644483 64962083
57644483 57652137
57644483 152834420
152840072 57646749
152840072 58472458
152840072 57644483
152840072 152676890
210277912 152914417
210277912 58472458
210277912 58122486
210277912 152580672
210277912 28431976
210277912 57644483
210277912 57652137
4003976 57646749
4003976 152892957
4003976 58472458
4003976 152904520
4003976 152797864
4003976 152892471
