152734375 58374313
224178824 58374313
500046143 58374313
152532359 98069289
836611726 58374313
152604082 98069289
152604082 57644943
152604082 58374313
833358532 58374313
643837121 57317693
57645824 98069289
57645824 72777131
57645824 5266163
57645824 57644943
57645824 152897493
57645824 152693194
57645824 58374313
57645824 58441606
57645824 152593449
806255442 58374313
152876988 109158504
152876988 58374313
152876988 6724021
262123213 58374313
10234314 57644943
10234314 67498802
10234314 152897493
10234314 152435771
10234314 58441606
152727950 58374313
6724021 31921083
6724021 152876988
6724021 101696665
634409724 58374313
152941322 58374313
633982326 58374313
152514622 58374313
152619573 58374313
152800661 67498802
152800661 103494559
152800661 58374313
152670057 58374313
152670057 6724021
152670057 152727950
152670057 58441606
833336815 58374313
34063879 58374313
98069289 82643205
98069289 5266163
98069289 57644943
98069289 152532359
98069289 152604082
98069289 152953965
98069289 152630303
98069289 57645824
98069289 101696665
834166757 58374313
513797237 58374313
152435771 601615802
152435771 10234314
152435771 152693194
152435771 367000857
152435771 58374313
806238985 58374313
634057689 58374313
31921083 57644943
31921083 34138437
31921083 6724021
31921083 58374313
537984134 5266163
537984134 58374313
57210819 58374313
57210819 58441606
834145044 58374313
32122350 58374313
152729987 58374313
72777131 57645824
72777131 58374313
152941817 5266163
152941817 67498802
152941817 103494559
152941817 58374313
492816945 58374313
152897493 10234314
152897493 152630303
152897493 57645824
152897493 58374313
152730145 58374313
152730145 58441606
601615802 152730860
601615802 152435771
152937721 57644943
152937721 58374313
152937721 58441606
152847241 58374313
268752032 58374313
268752032 58441606
103494559 152941817
103494559 58374313
103494559 101696665
833707789 6724021
58441606 152937721
58441606 82643205
58441606 5266163
58441606 57644943
58441606 152730145
58441606 67498802
58441606 10234314
58441606 57210819
58441606 268752032
58441606 152630303
58441606 152693194
58441606 57645824
58441606 101696665
58441606 152670057
57644943 31921083
57644943 833801937
57644943 98069289
57644943 152937721
57644943 5266163
57644943 10234314
57644943 152604082
57644943 152630303
57644943 152693194
57644943 57645824
57644943 101697601
57644943 58374313
57644943 58441606
57644943 152593449
806268305 634057689
152630303 98069289
152630303 57644943
152630303 152897493
152630303 58374313
152630303 58441606
836611377 58374313
101696665 103494559
101696665 6724021
101696665 58441606
101696665 98069289
101696665 152953965
101696665 58374313
101696665 34138437
101697601 57644943
371028194 58374313
82643205 98069289
82643205 58374313
82643205 58441606
834521065 58374313
67498802 152800661
67498802 5266163
67498802 10234314
67498802 58374313
67498802 58441606
67498802 152897720
152808276 58374313
601861111 58374313
57317693 58374313
152137894 58374313
836611695 58374313
152730860 601615802
152730860 58374313
152730860 711369299
581288083 58374313
833801937 57644943
711369299 152730860
711369299 67498802
711369299 58374313
152693194 57644943
152693194 152435771
152693194 57645824
152693194 58374313
152693194 58441606
312930188 58374313
152897720 58374313
152897720 67498802
152691095 58374313
152593449 57644943
152593449 58374313
152593449 57645824
581677595 58374313
152953965 98069289
152953965 58374313
152953965 101696665
34138437 31921083
34138437 101696665
367000857 152435771
109158504 152876988
152913088 58374313
6765931 58374313
6765931 152670057
834706655 58374313
5266163 98069289
5266163 57644943
5266163 537984134
5266163 67498802
5266163 152941817
5266163 57645824
5266163 58374313
5266163 58441606
5266163 101696665
152918815 58374313
152918815 101696665
