7476458 298833298
7476458 58519792
210268198 58519792
210268198 11101884
582349501 58519792
58091957 58519792
833336861 58519792
72586548 58519792
39869348 58519792
550137486 58519792
676774354 58519792
152479624 58519792
152479624 299404889
152479624 31415083
152479624 145456288
152479624 57650568
128501305 52572509
128501305 175152307
128501305 17696782
128501305 347117383
128501305 107495871
128501305 58519792
128501305 57587974
128501305 152731535
128501305 210201768
128501305 152678928
128501305 31415083
128501305 582157651
128501305 31574535
128501305 52581294
128501305 152815832
128501305 58446144
128501305 57650568
52572509 58519792
52572509 128501305
758011956 58519792
25079462 298833298
25079462 58519792
25079462 152815832
559156181 58519792
710882289 58519792
57587974 58519792
57587974 128501305
57587974 52581294
57587974 57650568
163536883 58519792
17696782 58519792
17696782 152731535
17696782 128501305
17696782 31415083
152933840 58519792
58481574 58519792
813395610 58519792
581613767 58519792
58152398 58519792
675207010 58519792
7301976 58519792
805332943 58519792
34309603 58519792
152934693 219571789
152934693 58519792
152731535 17696782
152731535 58519792
152731535 128501305
587163751 58519792
581128220 756495764
581128220 58519792
152678928 58519792
152678928 128501305
90456870 298833298
90456870 58519792
298835176 58519792
298835176 52581294
298852793 58519792
152815832 25079462
152815832 58519792
152815832 128501305
7368192 58519792
7368192 582843554
388558970 58519792
443517996 58519792
443517996 31574535
212704338 58519792
599238449 58519792
152601939 58519792
210191116 58519792
152921391 58519792
836611646 58519792
154066182 175152307
154066182 58519792
451382493 58519792
58100228 58519792
58446144 298833298
58446144 175152307
58446144 58519792
58446144 128501305
300146634 58519792
300146634 580913085
128881766 58519792
582843554 58519792
191329331 58519792
580913085 58519792
580913085 31415083
756495764 298833298
756495764 58519792
756495764 31415083
756495764 581128220
582157651 58519792
582157651 58091957
582157651 128501305
47757246 58519792
47757246 163536883
175152307 58519792
175152307 154066182
175152307 11101884
175152307 128501305
175152307 31415083
175152307 58446144
175152307 57650568
52581294 58519792
52581294 57587974
52581294 128501305
52581294 298835176
31415083 175152307
31415083 756495764
31415083 17696782
31415083 347117383
31415083 58519792
31415083 154066182
31415083 152479624
31415083 11101884
31415083 210201768
31415083 128501305
31415083 580913085
31415083 145456288
31415083 57650568
107495871 58519792
107495871 11101884
107495871 128501305
299404889 58519792
299404889 152479624
210201768 58519792
581781003 58519792
806228573 58519792
298833298 25079462
298833298 58519792
298833298 7476458
298833298 90456870
298833298 128501305
57650568 58519792
57650568 175152307
57650568 57587974
57650568 128501305
57650568 11101884
57650568 31415083
57650568 145456288
31574535 58519792
31574535 443517996
31574535 31415083
548810395 58519792
756496992 58519792
347117383 58519792
347117383 128501305
219571789 58519792
145456288 58519792
145456288 152479624
145456288 31415083
145456288 57650568
11101884 175152307
11101884 107495871
11101884 58519792
11101884 210268198
11101884 57650568
122996334 58519792
806250790 58519792
27992331 58519792
