298851883 6352463
57611079 6352463
60465411 6352463
211527669 6352463
12230959 6352463
12230959 58136839
421546991 6352463
421668882 6352463
812469319 6352463
58403114 10040113
58403114 50592740
58403114 6352463
10040113 58403114
10040113 6352463
10040113 139851402
836611431 6352463
301383739 6352463
58499359 6352463
421455411 6352463
421455411 833331905
421499304 6352463
36291659 6352463
36291659 423299965
423299965 36291659
208440235 6352463
18594046 84114599
18594046 37155308
18594046 6352463
152838860 6352463
421479554 6352463
50592740 58403114
50592740 139851402
421498414 6352463
654269189 6352463
52390143 6352463
66953288 13301752
66953288 6352463
58136839 208440235
45489957 6352463
152630621 6352463
421458090 6352463
57771198 40210773
49981636 6352463
156911341 6352463
6352463 64641180
6352463 17907378
40210773 5057563
40210773 57771198
40210773 31000931
40210773 6352463
17986634 6352463
33560451 6352463
37155308 6352463
37155308 18594046
45820576 6352463
12537451 6352463
11262783 6352463
643401839 6352463
7053219 6352463
57589042 6352463
812483633 6352463
64641180 6352463
758011746 6352463
17907378 6352463
580897267 6352463
215719654 6352463
58441639 6352463
834276472 6352463
833331905 6352463
57611260 6352463
42137644 6352463
139851402 50592740
139851402 6352463
139851402 17907378
139851402 10040113
259359876 6352463
151979903 6352463
139555454 6352463
84114599 6352463
84114599 18594046
152446235 6352463
298856553 6352463
136355438 6352463
50839981 6352463
205885056 6352463
13301752 6352463
13301752 66953288
152447066 6352463
52450086 6352463
66879844 11262783
633975417 6352463
58246036 6352463
31000931 40210773
31000931 6352463
139555048 6352463
527774610 6352463
421499354 6352463
5057563 40210773
5057563 6352463
355851529 6352463
309027865 6352463
152938549 6352463
157783624 6352463
421484034 6352463
