57643270 152929543
57643270 58139249
57643270 172468654
57643270 167829277
57643270 22769578
57643270 152657447
57643270 44757294
152657447 22769578
152657447 57643270
152657447 172468654
152657447 44757294
152927188 152929543
152927188 58139249
152927188 52389582
152927188 167829277
152927188 130228776
152927188 22769578
152906303 167829277
45217488 52197075
45217488 15714887
45217488 215733908
45217488 167829277
833830437 167829277
57657805 17029521
831045042 167829277
44757294 172468654
44757294 152929543
44757294 57643270
44757294 52197075
44757294 22769578
44757294 167829277
44757294 152657447
215733908 45217488
215733908 167829277
17029521 50645951
17029521 57657805
17029521 167829277
52197075 152927188
52197075 45217488
52197075 167829277
52197075 44757294
22769578 152927188
22769578 172468654
22769578 57643270
22769578 152657447
22769578 44757294
298837362 298831944
298837362 167829277
298831944 167829277
298831944 102819505
152929543 152927188
152929543 57643270
152929543 58139249
152929543 52389582
152929543 58421660
152929543 102819505
152929543 57649715
152929543 167829277
152929543 130228776
152929543 41980752
152929543 44757294
15714887 45217488
15714887 167829277
15714887 41980752
604587048 60000641
172468654 57643270
172468654 167829277
172468654 22769578
172468654 152657447
172468654 44757294
32675950 17029521
52389582 152929543
52389582 58421660
52389582 167829277
52389582 130228776
52389582 41980752
298834586 152929543
298834586 52389582
298834586 23402703
298834586 41980752
298834586 130228776
298834586 167829277
41980752 152929543
41980752 298834586
41980752 15714887
41980752 298831944
41980752 167829277
58139249 95023445
58139249 152929543
58139249 57643270
58139249 167829277
60000641 604587048
95023445 58139249
95023445 167829277
152674044 167829277
50645951 5804851
50645951 17029521
102819505 298831944
102819505 167829277
130228776 167829277
58421660 52197075
58421660 167829277
23402703 298834586
23402703 52389582
23402703 58421660
23402703 57649715
23402703 167829277
23402703 41980752
152580215 167829277
167829277 215733908
167829277 15714887
167829277 57649715
167829277 833830437
167829277 298831944
167829277 17029521
167829277 52389582
167829277 52197075
167829277 58139249
167829277 102819505
167829277 298834586
167829277 58421660
167829277 152674044
167829277 23402703
167829277 152929543
167829277 130228776
167829277 41980752
5804851 50645951
5804851 167829277
5804851 41980752
22292530 58421660
22292530 102819505
22292530 152674044
22292530 167829277
22292530 130228776
22292530 41980752
57649715 152929543
57649715 23402703
57649715 167829277
