152695620 152671006
152695620 152473121
57645251 19618574
57645251 49520678
57645251 152734512
57645251 57648666
57645251 152473121
57645251 45458690
57645251 45161227
44760000 57648666
44760000 50518387
44760000 152473121
44760000 57645274
44760000 45161227
44760000 149533794
152929162 58024067
152929162 152473121
152662650 27933899
152662650 152473121
152662650 152845919
152662650 57645274
152662650 152876617
152662650 45161227
152724174 65341162
152724174 152727353
152724174 209009719
152724174 152473121
152724174 61994211
152724174 149533794
834123242 833516385
834123242 653730956
834123242 152473121
653730956 833516385
653730956 643003889
728420584 152933926
728420584 57645274
152723219 152473121
152723219 149533794
152631460 50518387
152631460 152473121
152727353 19618574
152727353 49520678
152727353 152671006
152727353 152940776
152727353 152937696
152727353 210235860
152727353 152724174
152727353 27933899
152727353 57648666
152727353 57647250
152727353 210216025
107478886 152940776
107478886 152473121
58024067 152929578
58024067 152929162
58024067 48111333
58024067 16853151
58024067 50518387
58024067 57647250
58024067 58034537
58024067 209009719
58024067 152473121
58024067 152913957
58024067 152797337
58024067 149533794
48111333 58024067
48111333 50518387
48111333 57647250
48111333 152473121
48111333 149533794
152892288 57647250
152892288 152473121
58034537 58024067
58034537 19618574
58034537 49520678
58034537 58147852
58034537 152955809
58034537 57648666
58034537 152933926
58034537 152473121
58034537 57645274
210216025 152727353
210216025 210235860
210216025 152473121
210216025 136020392
643003889 57647250
643003889 653730956
643003889 149533794
49089985 19618574
49089985 50518387
49089985 57647250
49089985 58034537
49089985 152473121
298850783 27933899
298850783 57647250
298850783 149533794
580869845 57645274
152845919 19618574
152845919 152662650
152845919 57648666
152845919 149533794
152932911 57647250
152932911 152473121
833343576 19618574
833343576 152671006
833343576 152913957
218561929 19618574
152630308 57645274
152473121 152892288
152473121 152577536
152473121 65341162
152473121 152808949
152473121 152929578
152473121 30627856
152473121 58024067
152473121 44760000
152473121 152929162
152473121 152924109
152473121 152674085
152473121 49520678
152473121 833516385
152473121 58147852
152473121 57611973
152473121 152892856
152473121 152734512
152473121 152932911
152473121 152631460
152473121 48111333
152473121 152940776
152473121 152662650
152473121 16853151
152473121 152937696
152473121 210235860
152473121 49089985
152473121 152724174
152473121 152955809
152473121 27933899
152473121 57648666
152473121 57647460
152473121 50518387
152473121 152933926
152473121 107478886
152473121 57647250
152473121 58034537
152473121 298850783
152473121 209009719
152473121 152723219
152473121 152545293
152473121 152930886
152473121 630944646
152473121 210216025
152473121 653730956
152473121 581120346
152473121 833391816
152473121 152884092
152473121 136020392
152473121 152845919
152473121 152687817
152473121 152913957
152473121 61994211
152473121 58408968
152473121 57645274
152473121 145456835
152473121 58340314
152473121 152876617
152473121 45458690
152473121 152797337
152473121 26977390
152473121 45161227
152473121 149533794
26977390 57645274
26977390 57611973
26977390 149533794
152577536 152473121
152577536 27933899
57647460 152844430
57647460 19618574
57647460 152734512
57647460 57647250
57647460 152473121
57647460 45458690
210235860 65341162
210235860 152727353
210235860 19618574
210235860 152940776
210235860 27933899
210235860 57648666
210235860 210216025
210235860 152473121
149533794 57645274
149533794 45458690
149533794 19618574
149533794 57647250
149533794 50518387
149533794 57648666
149533794 57470470
149533794 145456835
149533794 152473121
149533794 57611973
149533794 152929162
149533794 152724174
149533794 298850783
149533794 65341162
149533794 58024067
149533794 44760000
149533794 152723219
149533794 152933926
149533794 152845919
149533794 152797337
149533794 26977390
149533794 152674085
149533794 16853151
149533794 30627856
149533794 27933899
149533794 152955809
149533794 643003889
19618574 65341162
19618574 218561929
19618574 8816244
19618574 152727353
19618574 152674085
19618574 49520678
19618574 58147852
19618574 152940776
19618574 833343576
19618574 210235860
19618574 49089985
19618574 57648666
19618574 57647460
19618574 57647250
19618574 58034537
19618574 209009719
19618574 57645251
19618574 152845919
19618574 145456835
19618574 61994211
19618574 149533794
152933926 152897325
152933926 57648666
152933926 50518387
152933926 728420584
152933926 58034537
152933926 149533794
756498620 152473121
756498620 57645274
152876617 58147852
152876617 152662650
152876617 27933899
152876617 209009719
152876617 152473121
136020392 57648666
136020392 50518387
136020392 210216025
136020392 152473121
27933899 152577536
27933899 152929578
27933899 30627856
27933899 152727353
27933899 152892856
27933899 152662650
27933899 210235860
27933899 57647250
27933899 298850783
27933899 152930886
27933899 152473121
27933899 57645274
27933899 58340314
27933899 149533794
45458690 57647460
45458690 57647250
45458690 57645251
45458690 57648666
45458690 152734512
45458690 65341162
45458690 152473121
45458690 149533794
152844430 57648666
152844430 57647460
152844430 57645274
152844430 149533794
152734512 65341162
152734512 57648666
152734512 57647460
152734512 50518387
152734512 57645251
152734512 152473121
152734512 45458690
58340314 27933899
58340314 50518387
58340314 152473121
58340314 57645274
152506494 149533794
152674085 19618574
152674085 57648666
152674085 50518387
152674085 57647250
152674085 152473121
152674085 149533794
152671006 152727353
152671006 152695620
152671006 833343576
152671006 57648666
152937696 152727353
152937696 27933899
152937696 57648666
152937696 57647250
152937696 152473121
152905883 152929578
152905883 50518387
152595409 152473121
45161227 145456835
45161227 152473121
45161227 152662650
45161227 44760000
45161227 209009719
45161227 57647250
45161227 57648666
45161227 57645251
45161227 152481972
152481972 57645274
61994211 8816244
61994211 57648666
61994211 57647250
61994211 209009719
61994211 152473121
61994211 19618574
61994211 152913957
16853151 58024067
16853151 50518387
16853151 57647250
16853151 152473121
16853151 152797337
16853151 149533794
601606502 653730956
601606502 152473121
57647250 152892288
57647250 65341162
57647250 30627856
57647250 8816244
57647250 152727353
57647250 58024067
57647250 19618574
57647250 152674085
57647250 49520678
57647250 152932911
57647250 48111333
57647250 152940776
57647250 16853151
57647250 152937696
57647250 49089985
57647250 27933899
57647250 57648666
57647250 57647460
57647250 50518387
57647250 298850783
57647250 152930886
57647250 152473121
57647250 643003889
57647250 152913957
57647250 61994211
57647250 57645274
57647250 45458690
57647250 152797337
57647250 45161227
57647250 149533794
30627856 8816244
30627856 49520678
30627856 27933899
30627856 57648666
30627856 50518387
30627856 57647250
30627856 152473121
30627856 57645274
30627856 152797337
30627856 149533794
145456835 8816244
145456835 19618574
145456835 58147852
145456835 57648666
145456835 298850783
145456835 152473121
145456835 45161227
145456835 149533794
833391816 58034537
833391816 57645274
833391816 152473121
581120346 57648666
581120346 209009719
581120346 152473121
152545293 152473121
50518387 30627856
50518387 58024067
50518387 44760000
50518387 152674085
50518387 49520678
50518387 58147852
50518387 152631460
50518387 48111333
50518387 152940776
50518387 16853151
50518387 49089985
50518387 152905883
50518387 57648666
50518387 152933926
50518387 57647250
50518387 152473121
50518387 136020392
50518387 152913957
50518387 57645274
50518387 58340314
50518387 152797337
50518387 152677588
50518387 149533794
152955809 58034537
152955809 152473121
152955809 149533794
152929578 58024067
152929578 152905883
152929578 27933899
152929578 50518387
152929578 152797337
152929578 26977390
152897325 152933926
152897325 26977390
152884092 152473121
209009719 58024067
209009719 19618574
209009719 152724174
209009719 152930886
209009719 581120346
209009719 152473121
209009719 61994211
209009719 57645274
209009719 152876617
209009719 45161227
152797337 152913957
152797337 152929578
152797337 58147852
152797337 57647250
152797337 57648666
152797337 30627856
152797337 16853151
152797337 58024067
152797337 57470470
152797337 50518387
152797337 152473121
152797337 152940776
152797337 149533794
152930886 65341162
152930886 152929578
152930886 27933899
152930886 57648666
152930886 57647250
152930886 209009719
152892856 27933899
152892856 57645274
152892856 152473121
58147852 19618574
58147852 57648666
58147852 50518387
58147852 58034537
58147852 152473121
58147852 145456835
58147852 152876617
58147852 152797337
424673445 653730956
8816244 65341162
8816244 19618574
8816244 57648666
8816244 57647250
8816244 152473121
8816244 61994211
8816244 57645274
8816244 145456835
152940776 65341162
152940776 152727353
152940776 19618574
152940776 49520678
152940776 210235860
152940776 57648666
152940776 50518387
152940776 57647250
152940776 152473121
152940776 57645274
152940776 152797337
152913957 58024067
152913957 50518387
65341162 8816244
65341162 19618574
65341162 152940776
65341162 210235860
65341162 57648666
65341162 57647250
65341162 57645274
65341162 45458690
65341162 149533794
57470470 152797337
49520678 152929578
49520678 30627856
49520678 152727353
49520678 19618574
49520678 152940776
49520678 57648666
49520678 50518387
49520678 57647250
49520678 58034537
49520678 152473121
152924109 152473121
28394814 756498620
57645274 65341162
57645274 152844430
57645274 30627856
57645274 44760000
57645274 58147852
57645274 57611973
57645274 152892856
57645274 152940776
57645274 580869845
57645274 152662650
57645274 27933899
57645274 50518387
57645274 728420584
57645274 57647250
57645274 58034537
57645274 298850783
57645274 833391816
57645274 152473121
57645274 152630308
57645274 26977390
57645274 149533794
57648666 65341162
57648666 152844430
57648666 30627856
57648666 8816244
57648666 152727353
57648666 44760000
57648666 19618574
57648666 152674085
57648666 49520678
57648666 58147852
57648666 57611973
57648666 152734512
57648666 152671006
57648666 152940776
57648666 152937696
57648666 210235860
57648666 50518387
57648666 152933926
57648666 57647250
57648666 58034537
57648666 152930886
57648666 653730956
57648666 581120346
57648666 57645251
57648666 152473121
57648666 136020392
57648666 152845919
57648666 152687817
57648666 152913957
57648666 61994211
57648666 145456835
57648666 45458690
57648666 152797337
57648666 26977390
57648666 45161227
57648666 149533794
57611973 57648666
57611973 152473121
57611973 57645274
57611973 26977390
57611973 149533794
152677588 50518387
833516385 152473121
833516385 653730956
833516385 834123242
152808949 152473121
