34767418 326864393
34767418 25373951
326864393 421483617
326864393 128775531
326864393 25373951
326864393 31468787
326864393 30868692
128775531 326864393
128775531 31468787
60800778 69674504
60800778 326864393
60800778 25922551
60800778 25373951
60800778 31468787
60800778 128775531
30868692 82512084
30868692 242599551
30868692 421483617
30868692 128775531
30868692 326864393
30868692 31468787
30868692 25373951
30868692 25922551
25922551 128775531
25922551 82512084
25922551 326864393
25922551 60800778
25922551 25373951
25922551 69674504
25922551 30868692
25922551 31468787
152572326 326864393
152572326 31468787
421524931 128775531
421524931 31468787
635368442 326864393
82512084 25373951
82512084 31468787
82512084 30868692
242599551 31468787
242599551 30868692
69674504 60800778
69674504 128775531
69674504 326864393
69674504 31468787
69674504 25373951
130229546 6161574
31585151 31468787
25373951 128775531
25373951 326864393
25373951 31468787
25373951 34767418
25373951 69674504
25373951 30868692
25373951 421483617
25373951 60800778
25373951 82512084
25373951 25922551
833312155 31468787
833312155 128775531
833312155 326864393
31468787 82512084
31468787 421524931
31468787 69674504
31468787 152572326
31468787 30868692
31468787 421483617
31468787 326864393
31468787 179626622
31468787 128775531
31468787 833312155
31468787 60800778
31468787 25373951
31468787 25922551
85051890 326864393
179626622 326864393
179626622 31468787
179626622 128775531
6161574 130229546
421483617 326864393
421483617 31468787
