131257527 15125736
131257527 58147852
131257527 83551904
85054270 155853946
85054270 58147852
85054270 97087018
20061296 15125736
20061296 57313277
210192084 155853946
130228386 15125736
107496235 57313277
107496235 15125736
107496235 67638959
164367793 15125736
210282207 15125736
155884840 15125736
101699339 15125736
101699339 155853946
101699339 97087018
101699339 210282207
155853946 15125736
155853946 85054270
155853946 101699339
155853946 210192084
58336303 15125736
58336303 152920327
58336303 83551904
58336303 152957640
30894702 15125736
30894702 107495887
155837427 15125736
658765635 15125736
18046276 15125736
18046276 152920327
18046276 57313277
18046276 83551904
57313277 15125736
57313277 99810370
57313277 20061296
57313277 18046276
634675951 15125736
83640157 15125736
67638959 15125736
67638959 30894702
67638959 107496235
30755439 15125736
581712570 15125736
128820331 15125736
83551904 15125736
83551904 131257527
83551904 18046276
155828008 15125736
19213980 15125736
58414107 15125736
58414107 107496453
155843244 15125736
99810370 15125736
462764543 15125736
300209954 15125736
152934948 15125736
152934948 107495887
152566972 15125736
582399231 15125736
58156057 15125736
57591276 15125736
107495887 152934948
107495887 30894702
152891592 15125736
121065946 15125736
152882147 15125736
152819125 15125736
152819125 107496235
152854959 15125736
298858995 15125736
57646530 15125736
15125736 128820331
15125736 50634928
107496453 15125736
107496453 58414107
107496453 58106783
37179973 15125736
37179973 152734842
37179973 30894702
210187277 15125736
210187277 57591276
155861639 15125736
58151934 15125736
581670481 15125736
97087018 15125736
97087018 85054270
97087018 101699339
58022517 15125736
152850422 15125736
152920327 15125736
152920327 58336303
152920327 30894702
50634928 15125736
110769994 15125736
110769994 58106783
58147852 15125736
58147852 85054270
58147852 806380054
58147852 131257527
58147852 152957640
836611669 15125736
581917190 15125736
80080354 15125736
58106783 15125736
152957640 15125736
152957640 58147852
