634025072 57849027
634025072 149533794
152929613 32735106
152929613 57644292
57648937 45458690
57648937 152855819
57648937 152904706
57648937 152801456
57648937 6722737
57648937 57644292
57648937 57650991
57648937 58182914
57648937 210195629
57648937 36004763
57648937 152656015
57648937 32735106
57648937 93826244
57648937 149533794
57648937 67857216
57648937 57652453
57648937 57849027
665973200 45236763
665973200 603970060
145456247 58182914
145456247 210240989
145456247 32735106
145456247 93768037
145456247 19858646
145456247 210195629
145456247 152656015
145456247 15036105
145456247 57644292
145456247 18080195
145456247 93826244
145456247 57849027
145456247 57652453
76909174 36004763
23440498 36004763
500659406 56915195
23621100 32735106
23621100 36004763
23621100 152801456
23621100 15036105
23621100 57644292
23621100 93826244
57849027 32735106
57849027 58182914
57849027 152914503
57849027 67857216
57849027 152855819
57849027 210240989
57849027 152939029
57849027 57847104
57849027 107496042
57849027 18080195
57849027 152904706
57849027 6722737
57849027 57644292
57849027 19858646
57849027 15036105
57849027 110964338
57849027 93768037
57849027 152801456
57849027 152930233
57849027 160464743
57849027 61934675
57849027 149533794
57849027 45458690
57849027 93826244
57849027 58094341
57849027 57648937
57849027 57652453
57849027 57650991
57849027 155864695
57849027 57649105
57849027 210195629
57849027 145456247
57849027 634025072
57849027 152594679
57849027 581244721
57849027 152656015
58182914 145456247
58182914 32735106
58182914 107496042
58182914 36004763
58182914 67521626
58182914 152855819
58182914 19858646
58182914 152801456
58182914 152914503
58182914 6722737
58182914 15036105
58182914 152904706
58182914 152725581
58182914 152930233
58182914 57644292
58182914 210240989
58182914 152619124
58182914 160464743
58182914 152939029
58182914 57648937
58182914 93826244
58182914 57649105
58182914 58094341
58182914 149533794
58182914 67857216
58182914 57849027
60212501 36004763
45544604 36004763
45544604 57650991
45544604 57644292
582871698 36004763
152904706 58182914
152904706 210240989
152904706 32735106
152904706 36004763
152904706 67521626
152904706 19858646
152904706 6722737
152904706 15036105
152904706 57644292
152904706 18080195
152904706 57648937
152904706 149533794
152904706 67857216
152904706 110964338
152904706 57849027
130297127 132536896
132536896 130297127
74410653 36004763
29598947 149533794
29598947 67857216
36004763 58182914
36004763 141107587
36004763 38196795
36004763 75710554
36004763 5363771
36004763 61961350
36004763 32735106
36004763 67521626
36004763 76909174
36004763 93768037
36004763 152855819
36004763 74410653
36004763 152619124
36004763 19858646
36004763 152801456
36004763 152914503
36004763 6722737
36004763 23621100
36004763 582871698
36004763 155864695
36004763 37493615
36004763 58294986
36004763 134225637
36004763 23440498
36004763 210192111
36004763 152939029
36004763 15036105
36004763 65472555
36004763 65452467
36004763 152904706
36004763 73963735
36004763 45544604
36004763 152930233
36004763 57648937
36004763 23648574
36004763 152594679
36004763 58094341
36004763 57652453
210195629 145456247
210195629 32735106
210195629 6722737
210195629 57648372
210195629 210192111
210195629 15036105
210195629 152725581
210195629 57644292
210195629 57648937
210195629 57849027
210195629 110964338
210195629 67857216
57652453 149533794
57652453 152939029
57652453 57644292
57652453 57648937
57652453 57650991
57652453 581244721
57652453 36004763
57652453 19858646
57652453 145456247
57652453 32735106
57652453 57849027
550439650 57338793
61934675 57644292
61934675 57849027
57648372 32735106
57648372 210195629
57648372 49404102
152939029 210240989
152939029 32735106
152939029 107496042
152939029 36004763
152939029 6722737
152939029 152904706
152939029 58182914
152939029 67857216
152939029 57652453
152939029 57849027
210192111 36004763
210192111 210195629
49404102 57648372
49404102 49497224
57649105 32735106
57649105 19858646
57649105 57644292
57649105 58182914
57649105 152801456
57649105 67857216
57649105 57849027
581244721 57650991
581244721 18080195
581244721 57849027
581244721 57652453
581244721 149533794
73963735 36004763
73963735 152656015
73963735 18080195
73963735 149533794
57644292 58182914
57644292 61934675
57644292 145456247
57644292 210240989
57644292 32735106
57644292 107496042
57644292 67521626
57644292 93768037
57644292 152855819
57644292 152619124
57644292 19858646
57644292 152914503
57644292 6722737
57644292 558437249
57644292 23621100
57644292 582055542
57644292 155864695
57644292 210195629
57644292 57650991
57644292 160464743
57644292 65472555
57644292 152904706
57644292 152929613
57644292 45544604
57644292 18080195
57644292 45458690
57644292 57648937
57644292 93826244
57644292 152594679
57644292 57649105
57644292 152931684
57644292 149533794
57644292 67857216
57644292 57652453
57644292 57849027
67857216 65472555
67857216 19858646
67857216 6722737
67857216 93768037
67857216 67521626
67857216 93826244
67857216 15036105
67857216 57644292
67857216 58182914
67857216 152904706
67857216 152939029
67857216 152914503
67857216 152619124
67857216 58094341
67857216 57847104
67857216 18080195
67857216 57649105
67857216 152801456
67857216 107496042
67857216 160464743
67857216 45458690
67857216 57648937
67857216 57650991
67857216 149533794
67857216 152656015
67857216 210195629
67857216 29598947
67857216 110964338
67857216 57849027
152619124 32735106
152619124 36004763
152619124 57644292
152619124 58182914
152619124 149533794
152619124 67857216
149533794 57644292
149533794 58094341
149533794 45458690
149533794 152801456
149533794 152619124
149533794 57648937
149533794 58400096
149533794 58182914
149533794 152931684
149533794 5363771
149533794 93826244
149533794 634025072
149533794 152904706
149533794 152594679
149533794 230468436
149533794 67857216
149533794 57652453
149533794 57849027
38196795 36004763
38196795 6722737
93768037 145456247
93768037 36004763
93768037 19858646
93768037 6722737
93768037 15036105
93768037 57644292
93768037 18080195
93768037 149533794
93768037 67857216
93768037 57849027
45236763 603970060
45236763 665973200
45458690 57644292
45458690 18080195
45458690 5363771
45458690 32735106
45458690 57648937
45458690 58094341
45458690 149533794
45458690 67857216
45458690 57849027
210240989 145456247
210240989 32735106
210240989 6722737
210240989 152939029
210240989 15036105
210240989 58182914
210240989 149533794
210240989 57849027
162430084 149533794
57650991 45544604
57650991 57644292
57650991 57648937
57650991 93826244
57650991 67857216
57650991 57652453
57650991 57849027
65452467 36004763
230468436 152656015
230468436 149533794
54422236 56915195
32735106 58182914
32735106 145456247
32735106 210240989
32735106 107496042
32735106 36004763
32735106 67521626
32735106 152855819
32735106 152619124
32735106 19858646
32735106 152801456
32735106 152914503
32735106 6722737
32735106 23621100
32735106 57648372
32735106 57847104
32735106 582055542
32735106 155864695
32735106 210195629
32735106 152939029
32735106 152656015
32735106 15036105
32735106 152904706
32735106 152725581
32735106 152929613
32735106 57644292
32735106 18080195
32735106 45458690
32735106 57648937
32735106 93826244
32735106 57649105
32735106 152931684
32735106 110964338
32735106 57652453
32735106 57849027
107496042 58182914
107496042 32735106
107496042 19858646
107496042 152801456
107496042 6722737
107496042 155864695
107496042 152939029
107496042 57644292
107496042 67857216
107496042 57849027
11890681 3212449
11890681 61741579
11890681 153840931
152725581 58182914
152725581 32735106
152725581 210195629
58301272 67521626
65472555 36004763
65472555 57644292
152801456 58182914
152801456 32735106
152801456 107496042
152801456 36004763
152801456 19858646
152801456 6722737
152801456 23621100
152801456 155864695
152801456 15036105
152801456 57648937
152801456 57649105
152801456 149533794
152801456 67857216
152801456 57849027
3212449 11890681
3212449 153840931
49497224 57648937
152914503 58182914
152914503 32735106
152914503 57847104
152914503 57644292
152914503 67857216
152914503 110964338
152914503 57849027
153840931 11890681
75710554 36004763
134225637 36004763
152656015 145456247
152656015 32735106
152656015 36004763
152656015 19858646
152656015 230468436
152656015 73963735
152656015 57648937
152656015 152594679
152656015 149533794
152656015 67857216
152656015 57849027
603970060 45236763
603970060 665973200
56915195 54422236
56915195 500659406
152594679 36004763
152594679 57644292
152594679 57849027
152594679 149533794
6722737 58182914
6722737 38196795
6722737 210240989
6722737 32735106
6722737 107496042
6722737 36004763
6722737 67521626
6722737 93768037
6722737 19858646
6722737 152801456
6722737 210195629
6722737 152939029
6722737 15036105
6722737 152904706
6722737 57644292
6722737 57648937
6722737 93826244
6722737 67857216
6722737 110964338
6722737 57849027
15036105 58182914
15036105 145456247
15036105 210240989
15036105 32735106
15036105 36004763
15036105 93768037
15036105 152855819
15036105 19858646
15036105 152801456
15036105 6722737
15036105 23621100
15036105 210195629
15036105 152904706
15036105 18080195
15036105 67857216
15036105 57849027
155864695 5363771
155864695 32735106
155864695 107496042
155864695 36004763
155864695 152855819
155864695 152801456
155864695 57644292
155864695 57849027
141107587 36004763
58400096 149533794
57338793 550439650
61961350 36004763
558437249 57644292
19858646 58182914
19858646 145456247
19858646 32735106
19858646 107496042
19858646 36004763
19858646 93768037
19858646 152801456
19858646 6722737
19858646 15036105
19858646 152904706
19858646 152930233
19858646 57644292
19858646 18080195
19858646 57649105
19858646 58094341
19858646 67857216
19858646 110964338
19858646 57652453
19858646 57849027
57847104 32735106
57847104 152914503
57847104 93826244
57847104 67857216
57847104 57849027
110964338 6722737
110964338 19858646
110964338 67521626
110964338 32735106
110964338 152904706
110964338 67857216
110964338 152914503
110964338 58094341
110964338 210195629
110964338 152855819
110964338 57849027
5363771 36004763
5363771 58094341
18080195 145456247
18080195 32735106
18080195 93768037
18080195 19858646
18080195 15036105
18080195 152904706
18080195 73963735
18080195 581244721
18080195 57644292
18080195 45458690
18080195 67857216
18080195 57849027
582055542 32735106
582055542 67521626
582055542 57644292
93826244 6722737
93826244 58182914
93826244 32735106
93826244 67521626
93826244 23621100
93826244 57650991
93826244 57847104
93826244 57648937
93826244 145456247
93826244 57644292
93826244 149533794
93826244 67857216
93826244 57849027
58294986 36004763
160464743 57644292
160464743 58182914
160464743 57849027
160464743 67857216
152855819 58182914
152855819 32735106
152855819 36004763
152855819 155864695
152855819 15036105
152855819 57644292
152855819 57648937
152855819 110964338
152855819 57849027
152930233 58182914
152930233 36004763
152930233 19858646
152930233 57849027
37493615 36004763
61741579 11890681
58094341 5363771
58094341 19858646
58094341 36004763
58094341 45458690
58094341 58182914
58094341 149533794
58094341 67857216
58094341 110964338
58094341 57849027
152931684 57644292
152931684 32735106
152931684 149533794
67521626 58182914
67521626 32735106
67521626 36004763
67521626 19858646
67521626 6722737
67521626 582055542
67521626 152904706
67521626 152930233
67521626 57644292
67521626 93826244
67521626 67857216
67521626 110964338
67521626 57849027
23648574 36004763
