152430904 9023080
501439909 81379009
501439909 9023080
501439909 298848686
421587055 298848686
421587055 13139115
28650561 81379009
28650561 13139115
89094972 21991668
21991668 298848587
21991668 30393632
21991668 89094972
21991668 81379009
21991668 152534675
21991668 13139115
21991668 9023080
99560414 81379009
81377665 81379009
109108802 30393632
109108802 81379009
9023080 13139115
9023080 30393632
9023080 81379009
9023080 84590489
164448589 298848686
164448589 81379009
152534675 9023080
152534675 298848686
298848686 501439909
298848686 152534675
298848686 81379009
298848686 9023080
298848686 164448589
81377654 81379009
81377654 30393632
84590489 9023080
13139115 81379009
13139115 9023080
30393632 81379009
30393632 81377654
30393632 109108802
30393632 21991668
30393632 9023080
81379009 30393632
81379009 109108802
81379009 13139115
298848587 30393632
298848587 21991668
298848587 81377654
298848587 79112612
298848587 81379009
298848587 13139115
421466321 109108802
421466321 13139115
421466321 30393632
421466321 81379009
186038007 81379009
