57605821 127261426
57605821 52066208
421485764 421493424
738392451 25654330
738392451 45163601
738392451 24054529
738392451 127261426
738392451 297533392
738392451 52066208
738392451 57646754
298853235 52066208
298853235 127261426
298853235 45808437
18820470 127261426
57646754 65342328
57646754 25654330
57646754 127261426
57646754 45808437
57646754 24054529
57646754 57649093
57646754 81968494
57646754 52066208
57646754 45161236
57646754 56648048
57646754 35749013
57646754 738392451
833308401 52066208
45161236 127261426
45161236 52066208
45163565 127261426
45163565 186718171
45163565 65342328
45163565 45808437
45163565 58292770
45163565 45161236
45163565 57650259
45163565 52066208
45163565 15994535
45163565 25654330
45163565 58101614
58335700 25654330
58335700 127261426
58335700 65342328
58292770 127261426
45808437 38900843
45808437 45810672
45808437 25654330
45808437 45163601
45808437 102271693
45808437 19558232
45808437 24054529
45808437 127261426
45808437 35749013
45808437 81968494
45808437 65342328
54562863 127261426
152447218 52066208
57848770 127261426
57848770 81968494
57848770 52066208
142747059 52066208
142747059 127261426
54403510 65342328
580914586 127261426
20562944 25654330
20562944 299164321
20562944 24054529
20562944 127261426
20562944 35749013
20562944 37604801
20562944 52066208
205890836 127261426
205890836 65342328
38923011 37604801
38923011 102271693
38923011 58101614
38923011 65342328
38923011 52066208
8845723 127261426
152725980 56648048
152725980 58101614
152725980 24054529
152725980 127261426
152725980 45161236
297533392 738392451
297533392 24054529
297533392 186718171
297533392 127261426
297533392 35749013
297533392 65342328
297533392 52066208
421493424 421485764
52584541 25654330
52584541 127261426
52584541 421496881
52584541 65342328
57983090 127261426
541457626 127261426
541457626 52066208
421496881 127261426
421496881 24054529
421496881 37604801
421480095 56648048
421480095 541460331
421480095 52066208
24054529 158186858
24054529 20562944
24054529 25654330
24054529 738392451
24054529 45808437
24054529 186718171
24054529 127261426
24054529 297533392
24054529 35749013
24054529 421496881
24054529 81968494
24054529 65342328
24054529 642477862
24054529 52066208
24054529 15994535
601652880 127261426
831705748 52066208
831705748 65342328
831705748 127261426
131828311 127261426
158186858 52066208
158186858 127261426
601965472 127261426
3655680 127261426
601652107 58308983
37604801 20562944
37604801 58101614
37604801 35749013
37604801 421496881
37604801 65342328
37604801 38923011
37604801 52066208
352810234 25654330
352810234 52066208
352810234 65342328
57649093 127261426
57649093 65342328
57649093 52066208
57649093 57646754
15994535 45808437
15994535 24054529
15994535 127261426
57650259 45163565
81968494 127261426
81968494 24054529
81968494 186718171
81968494 57848770
81968494 45808437
81968494 25654330
81968494 35749013
81968494 65342328
81968494 57646754
81968494 15994535
186718171 38900843
186718171 25654330
186718171 58101614
186718171 24054529
186718171 127261426
186718171 297533392
186718171 35749013
186718171 45161236
186718171 352810234
186718171 81968494
186718171 65342328
186718171 541460331
186718171 52066208
186718171 839719
186718171 45163565
56648048 421480095
56648048 152725980
56648048 52066208
539879724 127261426
19558232 25654330
19558232 58101614
19558232 45808437
19558232 24054529
19558232 127261426
19558232 65342328
19558232 52066208
19558232 15994535
831708181 127261426
831708181 52066208
129648334 127261426
32645980 25654330
32645980 127261426
32645980 65342328
152602332 127261426
152602332 65342328
152602332 52066208
363843276 127261426
45810672 45808437
45810672 127261426
25654330 8845723
25654330 20562944
25654330 45163601
25654330 58101614
25654330 299164321
25654330 19558232
25654330 738392451
25654330 45808437
25654330 24054529
25654330 186718171
25654330 32645980
25654330 127261426
25654330 52584541
25654330 58335700
25654330 352810234
25654330 81968494
25654330 65342328
25654330 57646754
25654330 45163565
299164321 20562944
299164321 25654330
299164321 102271693
299164321 127261426
299164321 65342328
299164321 421462298
58101614 25654330
58101614 58308983
58101614 19558232
58101614 186718171
58101614 127261426
58101614 152725980
58101614 102271693
58101614 35749013
58101614 37604801
58101614 65342328
58101614 38923011
58101614 52066208
58101614 45163565
102271693 299164321
102271693 45808437
102271693 127261426
102271693 58101614
102271693 65342328
102271693 38923011
102271693 52066208
333309823 127261426
541460331 127261426
541460331 421480095
541460331 65342328
541460331 186718171
541460331 52066208
58177918 127261426
421462298 127261426
421462298 299164321
15352659 67348740
81968247 127261426
52066208 57649093
52066208 298853235
52066208 45161236
52066208 57605821
52066208 37604801
52066208 24054529
52066208 158186858
52066208 127261426
52066208 831708181
52066208 45163601
52066208 19558232
52066208 541453894
52066208 58101614
52066208 57848770
52066208 102271693
52066208 738392451
52066208 297533392
52066208 38923011
52066208 541457626
52066208 58308983
52066208 56648048
52066208 352810234
52066208 35749013
52066208 20562944
52066208 152602332
52066208 421480095
52066208 541460331
52066208 38900843
52066208 421496881
52066208 81968494
52066208 152447218
52066208 54403510
52066208 57646754
52066208 142747059
52066208 45163565
52066208 833308401
52066208 831705748
153931152 127261426
541453894 52066208
541453894 127261426
35749013 56648048
35749013 38900843
35749013 20562944
35749013 45808437
35749013 24054529
35749013 186718171
35749013 127261426
35749013 297533392
35749013 58101614
35749013 45161236
35749013 37604801
35749013 81968494
35749013 65342328
35749013 52066208
35749013 57646754
58308983 601652107
58308983 58101614
58308983 65342328
58308983 52066208
38900843 8845723
38900843 45808437
38900843 24054529
38900843 186718171
38900843 127261426
38900843 35749013
38900843 81968494
38900843 65342328
38900843 52066208
65342328 25654330
65342328 127261426
65342328 19558232
65342328 35749013
65342328 32645980
65342328 24054529
65342328 45808437
65342328 57649093
65342328 186718171
65342328 297533392
65342328 38900843
65342328 81968494
65342328 102271693
65342328 37604801
65342328 54403510
65342328 58101614
65342328 152602332
65342328 45163601
65342328 352810234
65342328 205890836
65342328 58308983
65342328 8845723
65342328 57848770
65342328 421496881
65342328 58335700
65342328 52584541
65342328 299164321
65342328 38923011
65342328 541460331
65342328 67348740
65342328 57646754
65342328 839719
65342328 45163565
65342328 833308401
65342328 831705748
45163601 25654330
45163601 738392451
45163601 45808437
45163601 127261426
45163601 65342328
45163601 52066208
45163601 642477862
839719 65342328
839719 186718171
127261426 8845723
127261426 25654330
127261426 45808437
127261426 24054529
127261426 32645980
127261426 81968494
127261426 65342328
