152685315 152725901
152685315 57645872
152685315 26024638
152685315 152815975
152669343 152815975
152500366 152815975
152601847 152815975
67638928 152596295
67638928 152934005
67638928 27554757
67638928 57644350
67638928 152728569
67638928 54313086
67638928 152478374
67638928 26024638
67638928 28218667
67638928 552518925
67638928 175156425
67638928 67638905
67638928 152815975
67638928 152934135
67638928 155823231
152941509 57644350
152941509 152815975
57747693 152727630
57747693 152815975
152897092 152815975
152906232 57644350
152906232 152815975
152815975 758027131
152815975 132731902
152815975 152877616
152815975 152596295
152815975 152725901
152815975 52574804
152815975 152601763
152815975 152661409
152815975 152816811
152815975 785136952
152815975 57645872
152815975 152669343
152815975 8776984
152815975 27554757
152815975 152727630
152815975 581407482
152815975 3477377
152815975 152500825
152815975 152920130
152815975 152785223
152815975 581367656
152815975 152728569
152815975 54313086
152815975 152897151
152815975 152941509
152815975 130006721
152815975 58189106
152815975 152933290
152815975 101323097
152815975 152524595
152815975 298830498
152815975 152582123
152815975 152898419
152815975 152601310
152815975 57645739
152815975 152695180
152815975 152933028
152815975 152933129
152815975 13860077
152815975 152890368
152815975 57759732
152815975 582352381
152815975 152911990
152815975 152897092
152815975 26024638
152815975 152897367
152815975 152703357
152815975 28218667
152815975 152934627
152815975 152534086
152815975 152927312
152815975 152912518
152815975 152906232
152815975 50642565
152815975 54426765
152815975 152632371
152815975 806261647
152815975 152685315
152815975 152856079
152815975 4458557
152815975 152581822
152815975 175156425
152815975 67638928
152815975 152601921
152815975 152619187
152815975 834277877
152815975 152899330
152815975 57747693
152815975 152856028
152815975 67638905
152815975 152500366
152815975 128732497
152815975 140975399
152815975 97137330
152815975 152687256
152815975 152797237
152815975 152939629
152815975 152893182
152815975 155823231
152815975 52572177
57651581 152877616
57651581 57645872
57651581 28218667
57651581 152534086
57651581 155823231
8776984 152815975
152619187 152815975
152726921 152815975
152695180 152815975
152816811 152815975
50642565 57611973
50642565 152933290
50642565 152815975
152785223 57644350
152785223 54426765
152785223 152815975
3477377 152933028
3477377 152897092
3477377 4458557
3477377 152815975
152856028 132731902
152856028 152815975
152582123 152815975
152601921 785136952
152601921 101323097
152601921 152815975
152687256 152815975
27554757 152934005
27554757 57645872
27554757 57644350
27554757 152933290
27554757 28218667
27554757 54426765
27554757 175156425
27554757 67638928
27554757 67638905
27554757 152815975
27554757 152797237
27554757 152893182
152727630 57645739
152727630 57747693
152727630 67638905
152727630 152815975
101323097 57645872
101323097 54313086
101323097 57759732
101323097 152601921
101323097 152815975
601643350 152815975
152934135 57644350
152934135 152596295
152934135 4458557
152934135 67638928
152576136 152815975
152661409 359366780
152661409 57588282
152661409 152815975
152933129 152815975
97137330 152815975
152893182 152815975
552518925 67638928
132731902 57644350
132731902 67638905
132731902 152815975
152728569 54426765
152728569 67638928
152728569 152815975
152935064 152934005
152935064 57644350
152935064 152478374
152935064 26024638
152935064 28218667
152935064 152815975
581407482 152815975
34823893 152877616
34823893 57644350
34823893 152933290
34823893 13860077
34823893 28218667
34823893 152685315
34823893 152815975
34823893 152797237
13860077 34823893
13860077 4458557
13860077 152815975
152897151 758027131
152897151 834277877
152897151 152815975
152596295 152934005
152596295 57645872
152596295 57644350
152596295 54313086
152596295 152933290
152596295 152478374
152596295 54426765
152596295 4458557
152596295 67638928
152596295 152815975
152596295 152934135
152596295 52572177
152911990 152934005
152911990 152815975
834277877 152897151
152797237 152815975
152797237 27554757
152920130 152815975
152898419 152933028
152898419 152815975
54426765 152596295
54426765 57645872
54426765 27554757
54426765 57644350
54426765 152785223
54426765 152728569
54426765 152815975
130006721 28218667
130006721 152815975
175156425 27554757
175156425 57644350
175156425 67638928
175156425 152815975
152524595 152815975
4458557 152596295
4458557 52574804
4458557 152934005
4458557 3477377
4458557 57644350
4458557 152933290
4458557 13860077
4458557 152478374
4458557 28218667
4458557 152815975
4458557 152934135
54313086 152596295
54313086 785136952
54313086 101323097
54313086 67638928
54313086 152815975
785136952 54313086
785136952 152601921
785136952 152815975
152933028 3477377
152933028 57611973
152933028 152815975
582352381 152815975
152927312 152815975
67638905 27554757
67638905 57644350
67638905 152727542
67638905 28218667
67638905 67638928
67638905 152815975
152933290 152596295
152933290 785136952
152933290 27554757
152933290 57611973
152933290 34823893
152933290 152911990
152933290 4458557
152933290 152815975
57645872 152596295
57645872 152725901
57645872 152934005
57645872 27554757
57645872 57644350
57645872 57611973
57645872 101323097
57645872 26024638
57645872 28218667
57645872 57651581
57645872 54426765
57645872 152685315
57645872 152815975
128732497 785136952
128732497 152815975
152534086 57651581
152534086 152815975
57645739 152727630
57645739 57644350
57645739 152727542
57645739 152815975
152897367 152815975
155823231 67638928
155823231 152815975
155823231 57651581
806261647 152815975
140975399 152815975
52572177 152815975
52572177 152596295
52572177 152934005
57759732 57588282
57759732 101323097
57759732 67638905
57759732 152815975
152730641 152815975
152856079 152815975
152601310 152815975
152703357 152815975
152727542 57645739
152727542 67638905
152727542 152815975
152934627 26024638
152934627 67638928
152934627 152815975
152725901 57645872
152725901 152685315
152725901 152815975
57644350 758027131
57644350 132731902
57644350 152596295
57644350 152934005
57644350 57645872
57644350 152935064
57644350 27554757
57644350 152785223
57644350 152941509
57644350 34823893
57644350 57645739
57644350 152478374
57644350 26024638
57644350 28218667
57644350 152906232
57644350 54426765
57644350 4458557
57644350 175156425
57644350 67638928
57644350 67638905
57644350 152815975
57644350 152934135
26024638 152934005
26024638 57645872
26024638 152935064
26024638 57644350
26024638 152934627
26024638 152685315
26024638 67638928
26024638 152815975
26024638 28218667
152478374 152596295
152478374 152935064
152478374 57644350
152478374 4458557
152478374 67638928
152478374 152815975
52574804 4458557
52574804 152815975
28218667 758027131
28218667 152934005
28218667 57645872
28218667 152935064
28218667 27554757
28218667 57644350
28218667 130006721
28218667 34823893
28218667 57651581
28218667 152912518
28218667 4458557
28218667 67638928
28218667 67638905
28218667 152815975
28218667 26024638
758027131 57644350
758027131 28218667
758027131 152815975
152632371 152815975
581367656 152815975
152899330 152815975
152912518 28218667
152912518 152815975
152934005 57588282
152934005 152596295
152934005 57645872
152934005 152935064
152934005 27554757
152934005 57644350
152934005 152911990
152934005 26024638
152934005 28218667
152934005 4458557
152934005 67638928
152934005 52572177
152939629 152815975
57588282 152661409
57588282 152934005
57588282 57759732
57588282 152815975
58189106 152815975
359366780 152661409
359366780 152815975
57611973 57645872
57611973 152933290
57611973 152933028
57611973 50642565
152877616 57651581
152877616 152815975
298830498 152815975
152581822 152815975
152890368 152815975
