152787778 152941675
152796480 14718557
152796480 149532916
152796480 530154744
152723219 54239475
152723219 530154744
152601578 152928446
152601578 135200719
152601578 152941675
152601578 16935891
152601578 54239475
152601578 530154744
135200719 152601578
135200719 530154744
152838713 14718557
152838713 530154744
72353749 530154744
152937426 530154744
28058172 14718557
28058172 530154744
28058172 54239475
28058172 58089861
152941675 152796480
152941675 152601578
152941675 14718557
152941675 530154744
152928446 57651219
152928446 152601578
152928446 14718557
152928446 149532916
152928446 530154744
149532916 152796480
149532916 81443318
149532916 152928446
149532916 530154744
16935891 152601578
16935891 530154744
152919429 530154744
57651219 152928446
57651219 57650050
57651219 530154744
14718557 67498602
14718557 152941675
14718557 152796480
14718557 152928446
14718557 54239475
14718557 152838713
14718557 149532916
14718557 152957428
14718557 530154744
14718557 28058172
152833810 54239475
152833810 530154744
58089861 530154744
58089861 28058172
81443318 149532916
81443318 530154744
54239475 152601578
54239475 152723219
54239475 72353749
54239475 152957428
54239475 28058172
57650050 57651219
57650050 530154744
152724466 530154744
67498602 14718557
152957428 14718557
152957428 54239475
152957428 530154744
152921888 530154744
