77451065 39636878
603755009 39636878
131606612 39636878
692702211 39636878
90090254 39636878
129118665 129118663
142744706 39636878
308096653 39636878
22743141 39636878
78442732 39636878
371650105 39636878
78429428 39636878
2371682 39636878
130291789 39636878
324968187 39636878
67066843 133403843
67066843 39636878
67066843 641190960
67066843 81761856
67066843 136792476
112892261 39636878
133403843 39636878
133403843 67066843
133403843 81761856
136792476 133403843
136792476 39636878
136792476 641190960
136792476 386097712
136792476 67066843
136792476 81761856
93239675 39636878
62495286 39636878
160827747 39636878
33533073 39636878
25541008 38317112
25541008 15860763
528312809 39636878
799267846 39636878
32773888 39636878
49608913 39636878
296497370 39636878
836611462 39636878
172782818 39636878
83068690 155538714
83068690 39636878
209511408 39636878
81761856 133403843
81761856 39636878
81761856 641190960
81761856 128677755
81761856 386097712
81761856 67066843
81761856 836611462
81761856 136792476
421591685 39636878
210218524 39636878
186777106 39636878
128262977 39636878
304831081 39636878
5990134 133403843
5990134 39636878
9045879 39636878
789071081 39636878
2097192 39636878
398503971 39636878
217218040 39636878
113520347 39636878
129746022 39636878
155538714 83068690
155538714 39636878
155538714 386097712
155538714 81761856
16615086 39636878
641190960 212466051
641190960 39636878
641190960 67066843
23904513 39636878
56439265 39636878
212466051 39636878
212466051 641190960
129118663 129118665
72125330 128262977
72125330 39636878
130652888 282010259
130652888 39636878
38317112 39636878
10330082 39636878
186780449 39636878
359261773 128677755
111777214 39636878
282010259 39636878
282010259 130652888
44741667 39636878
111644193 39636878
97603811 39636878
134114009 39636878
124568096 39636878
164253281 39636878
128677755 39636878
386097712 155538714
386097712 39636878
386097712 81761856
386097712 136792476
80464558 39636878
39636878 155538714
15860763 39636878
15860763 25541008
