15246146 130217439
37376273 34170274
47028735 34170274
99394735 34170274
505233592 130217439
77959015 34170274
581038754 130217439
155830981 34170274
155830981 130217439
152941089 130217439
157817131 821074258
157817131 813396374
163854506 34170274
155829103 130217439
155829103 34170274
581905821 34170274
833833870 34170274
599233645 130217439
13737967 34170274
152126335 34170274
152126335 130217439
601733309 130217439
152905359 130217439
788882896 34170274
788882896 37376273
152811725 34170274
152811725 130217439
836104424 130217439
695217926 34170274
805301060 34170274
558598585 130217439
199817051 34170274
199817051 130217439
13363973 34170274
581757389 130217439
581034245 130217439
199362396 34170274
199362396 130217439
834299841 34170274
834299841 130217439
582059720 130217439
581139207 130217439
34113961 34170274
38232118 34170274
135020369 34170274
457974740 34170274
457974740 130217439
38268724 130217439
207097794 130217439
785451047 34170274
531142789 34170274
531142789 130217439
21825194 34170274
643015413 34170274
643015413 130217439
152812345 130217439
35714360 34170274
35714360 130217439
581585526 130217439
213926992 34170274
213926992 130217439
581051757 130217439
478960537 34170274
57651778 34170274
152926799 130217439
834034788 34170274
758020572 130217439
32895687 34170274
812454575 130217439
57649872 34170274
7141112 34170274
581830280 34170274
152855160 34170274
152855160 130217439
833346099 130217439
152801374 34170274
301950035 130217439
542038348 130217439
443506340 130217439
3874680 34170274
3874680 130217439
45216459 130217439
127700960 34170274
22790805 34170274
291728701 157817131
291728701 34170274
291728701 130217439
33943217 34170274
312448619 34170274
821074258 157817131
821074258 34170274
821074258 813396374
581414140 34170274
30012418 34170274
581616025 130217439
813396374 157817131
813396374 821074258
42082652 130217439
96600664 34170274
112854094 130217439
89278929 34170274
605517234 34170274
57651017 34170274
167010761 34170274
34170274 7141112
34170274 805301060
34170274 785451047
34170274 695217926
34170274 312448619
34170274 77959015
34170274 89278929
34170274 13363973
34170274 833833870
34170274 167010761
34170274 135020369
34170274 821074258
34170274 57651778
34170274 199362396
34170274 47028735
34170274 478960537
34170274 605517234
34170274 45216459
34170274 152801374
34170274 37376273
34170274 581905821
34170274 581830280
34170274 21825194
34170274 834034788
34170274 13737967
34170274 223969609
34170274 643015413
34170274 13129092
34170274 155830981
34170274 152126335
34170274 291728701
34170274 30012418
34170274 22790805
34170274 96600664
34170274 38232118
34170274 163854506
34170274 34113961
34170274 581757389
34170274 33943217
34170274 127700960
34170274 99394735
34170274 35714360
34170274 834299841
34170274 3874680
34170274 57651017
34170274 210253759
34170274 152855160
34170274 788882896
34170274 32895687
34170274 130217439
34170274 57649872
34170274 155829103
34170274 531142789
223969609 34170274
152812869 130217439
580879314 130217439
13129092 34170274
