421469404 6352463
57636547 6352463
33449942 806256269
33449942 6352463
50605192 11522720
50605192 6352463
112204049 6352463
32320213 33449942
32320213 20783261
32320213 11522720
32320213 6352463
58403114 377292164
58403114 6352463
58183272 49401226
58183272 111614979
58183272 83559724
58183272 6352463
40727763 6352463
163851538 6352463
20783261 49401226
20783261 15000776
20783261 11522720
20783261 15174911
20783261 32320213
20783261 6352463
155766220 6352463
57171924 6352463
700619290 6352463
836611741 6352463
806256269 33449942
15000776 20783261
15000776 15174911
192304290 6352463
45020169 6352463
421480976 6352463
58027632 151324460
58027632 6352463
136630335 6352463
11375154 6352463
206882406 6352463
111614979 421505748
111614979 58183272
111614979 83559724
111614979 6352463
152681010 6352463
421469265 6352463
421631114 6352463
833297636 6352463
55021623 6352463
377292164 6352463
421469150 11522720
421469150 6352463
29596948 6352463
224319663 6352463
812500772 6352463
220610778 6352463
836611592 6352463
718078176 11522720
84658292 6352463
152730000 6352463
57611241 57650489
152833555 6352463
11522720 718078176
11522720 20783261
11522720 50605192
11522720 421469150
11522720 32320213
11522720 6352463
685612558 6352463
473581676 58027632
57100711 6352463
298848677 6352463
12998804 6352463
462112807 6352463
462112807 191631169
829607441 6352463
224401479 6352463
57650489 57611241
57650489 6352463
29696712 6352463
65410085 6352463
224320599 6352463
152920277 6352463
49401226 20783261
49401226 58183272
15174911 20783261
15174911 74603029
15174911 15000776
152677552 6352463
58308516 6352463
836611692 6352463
421505748 111614979
421505748 6352463
151324460 58027632
151324460 6352463
191631169 462112807
154591814 6352463
83559724 6352463
83559724 58183272
58443365 6352463
154840633 6352463
421457814 6352463
129993249 6352463
