132937030 145458584
132937030 123996223
132937030 152816271
132937030 130237313
132937030 65295089
132937030 128569846
132937030 152723419
132937030 58352258
132937030 114338115
132937030 57644937
132937030 83711320
132937030 17743731
132937030 152877610
302445265 58352258
582230523 130237313
152884237 6805145
152884237 39610491
152884237 145456340
152884237 57650159
101699597 44755058
101699597 155864776
101699597 83711320
101699597 132937030
101699597 152893039
309338238 57645575
309338238 83711320
44755058 123996223
44755058 58104132
119787760 152807813
57649926 130237313
57649926 152723419
57649926 306568857
57649926 6805145
57649926 57650051
57649926 145456340
57649926 152620019
58030683 44755058
364205466 44755058
364205466 57759422
57414707 44755058
152921985 130237313
152921985 44755058
152921985 83711320
152921985 152893039
26714983 130237313
26714983 210277555
26714983 152848766
26714983 58352258
26714983 123996223
26714983 57644937
26714983 152899439
26714983 83711320
58147278 130237313
58147278 44755058
155846325 130237313
306568857 130237313
306568857 65295089
306568857 145456340
306568857 57649926
306568857 57650159
306568857 152893039
102066151 44755058
152933922 130237313
152933922 210277555
152933922 152807813
152933922 65295089
152933922 6805145
152933922 57644937
152933922 145458584
152723419 130237313
152723419 57644937
152723419 57649926
152723419 145458584
152723419 132937030
152723419 152893039
57644937 44755122
57644937 127540843
57644937 130237313
57644937 58352258
57644937 58156103
57644937 54313248
57644937 65295089
57644937 57645575
57644937 152723419
57644937 130009431
57644937 133003609
57644937 34648832
57644937 152899439
57644937 152933922
57644937 114338115
57644937 164378570
57644937 57650051
57644937 25136526
57644937 26714983
57644937 152839980
57644937 83711320
57644937 103098604
57644937 145458584
57644937 132937030
57644937 205885135
57644937 57650159
83711320 130237313
83711320 210277555
83711320 152807813
83711320 58352258
83711320 65295089
83711320 101699597
83711320 123996223
83711320 152816271
83711320 309338238
83711320 39610491
83711320 57644937
83711320 130009431
83711320 152921985
83711320 101698817
83711320 26714983
83711320 145458584
83711320 132937030
83711320 155456092
83711320 57650159
152839980 130237313
152839980 57645575
152839980 44755058
152839980 57644937
152839980 164378570
152839980 145458584
152839980 152893039
123996223 130237313
123996223 210277555
123996223 16379603
123996223 65295089
123996223 44755058
123996223 152816271
123996223 39610491
123996223 130009431
123996223 133003609
123996223 68567290
123996223 101698817
123996223 26714983
123996223 83711320
123996223 145458584
123996223 132937030
152876839 130237313
152876839 58352258
152876839 44755058
152876839 130009431
152876839 145458584
54313248 57644937
152702868 155456092
152702868 152893039
152702868 101699597
152702868 164378570
152702868 120645976
152702868 130009431
152893039 152723419
152893039 130009431
152893039 152877610
152893039 152839980
152893039 152833886
152893039 44755058
103098604 130237313
103098604 57644937
103098604 130009431
103098604 133003609
103098604 155456092
152816271 130237313
152816271 44755058
152816271 123996223
152816271 25136526
152816271 83711320
152816271 145458584
152816271 132937030
152816271 152893039
16379603 123996223
16379603 152893039
152807813 130237313
152807813 152848766
152807813 65295089
152807813 44755058
152807813 119787760
152807813 130009431
152807813 152933922
152807813 83711320
152807813 145458584
130237313 127540843
130237313 210277555
130237313 152877610
130237313 152848766
130237313 152807813
130237313 58352258
130237313 65295089
130237313 58147278
130237313 152876839
130237313 123996223
130237313 152723419
130237313 152816271
130237313 306568857
130237313 582230523
130237313 6805145
130237313 57644937
130237313 130009431
130237313 152921985
130237313 34648832
130237313 152933922
130237313 128569846
130237313 164378570
130237313 8494087
130237313 101698817
130237313 145456340
130237313 25136526
130237313 26714983
130237313 152839980
130237313 152620019
130237313 83711320
130237313 155846325
130237313 103098604
130237313 57649926
130237313 145458584
130237313 132937030
130237313 57650159
130237313 152893039
155456092 83711320
155456092 103098604
155456092 49043888
155456092 145458584
155456092 44755058
155456092 57650159
155456092 152893039
155456092 152702868
152591727 44755058
152591727 57759422
130009431 130237313
130009431 210277555
130009431 152807813
130009431 58352258
130009431 123996223
130009431 49043888
130009431 57644937
130009431 34648832
130009431 152899439
130009431 101698817
130009431 17743731
130009431 83711320
130009431 103098604
130009431 16599854
130009431 145458584
130009431 152893039
130009431 152702868
49043888 44755058
49043888 57414707
49043888 123996223
49043888 130009431
49043888 8494087
49043888 32911900
49043888 155456092
49043888 152893039
128569846 130237313
128569846 152877610
128569846 65295089
128569846 44755058
128569846 145456340
128569846 132937030
581841740 58352258
581841740 44755058
581841740 17743731
6805145 130237313
6805145 58352258
6805145 152933922
6805145 57649926
6805145 152884237
6805145 205885135
6805145 57650159
58149752 44755058
145456340 130237313
145456340 58352258
145456340 306568857
145456340 128569846
145456340 164378570
145456340 175517219
145456340 57649926
145456340 57650051
145456340 152884237
145456340 57650159
3728867 152893039
34648832 130237313
34648832 44755058
34648832 57644937
34648832 130009431
34648832 101698817
34648832 145458584
34648832 152893039
57650051 57644937
57650051 57649926
57650051 145456340
25136526 130237313
25136526 65295089
25136526 152816271
25136526 57644937
25136526 152893039
298835912 44755122
298835912 44755058
127540843 130237313
127540843 58352258
127540843 44755058
127540843 57644937
127540843 210187161
58260813 44755058
58260813 164378570
57759422 152591727
57759422 364205466
57759422 44755058
57759422 130009431
57759422 152893039
152671181 44755058
582463449 44755058
145458584 44755122
145458584 130237313
145458584 152877610
145458584 152807813
145458584 58352258
145458584 152876839
145458584 123996223
145458584 152723419
145458584 152816271
145458584 57644937
145458584 130009431
145458584 34648832
145458584 152933922
145458584 68567290
145458584 152839980
145458584 83711320
145458584 210187161
145458584 16599854
145458584 100317184
145458584 132937030
145458584 155456092
145458584 57650159
210187161 127540843
210187161 44755058
210187161 152620019
210187161 145458584
152850642 44755058
152850642 152893039
58352258 127540843
58352258 130237313
58352258 152877610
58352258 65295089
58352258 152876839
58352258 6805145
58352258 57644937
58352258 581841740
58352258 130009431
58352258 152899439
58352258 302445265
58352258 164378570
58352258 101698817
58352258 145456340
58352258 26714983
58352258 83711320
58352258 145458584
58352258 132937030
58352258 57650159
133003609 101699597
133003609 123996223
133003609 57644937
133003609 103098604
58156103 44755058
58156103 57644937
58156103 152893039
152899439 58352258
152899439 65295089
152899439 44755058
152899439 57644937
152899439 130009431
152899439 26714983
152899439 152893039
57645575 309338238
57645575 57644937
57645575 152839980
175517219 145456340
152435220 44755058
152435220 152893039
65295089 130237313
65295089 152807813
65295089 58352258
65295089 44755058
65295089 123996223
65295089 306568857
65295089 57644937
65295089 152899439
65295089 152933922
65295089 128569846
65295089 25136526
65295089 83711320
65295089 132937030
65295089 205885135
65295089 152893039
100317184 145458584
210277555 130237313
210277555 123996223
210277555 130009431
210277555 152933922
210277555 26714983
101698817 127540843
101698817 130237313
101698817 58352258
101698817 44755058
101698817 123996223
101698817 130009431
101698817 120645976
101698817 114338115
101698817 83711320
101698817 103098604
152733041 44755058
152733041 152893039
44755122 298835912
44755122 44755058
44755122 123996223
44755122 57644937
44755122 152899439
44755122 145458584
152620019 130237313
152620019 210187161
152620019 57649926
205885135 57644937
205885135 65295089
205885135 6805145
152833886 44755058
152833886 152893039
68567290 210277555
68567290 44755058
68567290 123996223
68567290 133003609
68567290 145458584
68567290 152893039
16599854 123996223
16599854 130009431
16599854 145458584
16599854 152893039
155864776 44755058
152848766 130237313
152848766 152807813
152848766 44755058
152848766 26714983
152848766 152893039
8494087 130237313
8494087 152893039
17743731 44755058
17743731 130009431
17743731 132937030
58104132 44755058
58104132 155864776
65146601 44755122
65146601 152893039
39610491 123996223
39610491 83711320
39610491 152884237
164378570 130237313
164378570 58352258
164378570 57644937
164378570 145456340
164378570 152839980
164378570 58260813
164378570 152702868
581162284 44755058
152877610 44755122
152877610 130237313
152877610 58352258
152877610 44755058
152877610 130009431
152877610 128569846
152877610 145458584
152877610 132937030
152877610 152893039
32911900 44755058
114338115 210277555
114338115 44755058
114338115 57644937
114338115 101698817
57650159 145458584
57650159 155456092
57650159 103098604
57650159 130237313
57650159 58352258
57650159 306568857
57650159 83711320
57650159 6805145
57650159 57644937
57650159 152884237
57650159 145456340
57650159 152893039
120645976 44755058
120645976 133003609
