152934424 107495939
152934424 152891819
152934424 125679364
152934424 57648725
152932340 44759889
152932340 57648725
152932340 217177359
152937331 152891819
152937331 14177506
152937331 25652043
152937331 107218516
152937331 58082958
114746776 44759889
114746776 25652043
79218407 217177359
57652742 152573073
57652742 128732467
57652742 152937331
57652742 152899564
57652742 152475942
57652742 128095354
57652742 152542051
57652742 217177359
57652742 52582614
57652742 57648725
57652742 152913077
210191869 152891819
210191869 57648725
104974500 44759889
104974500 152542051
104974500 152913077
152479912 58149374
152839244 152913077
57588303 29368329
57588303 26283241
128095354 25652043
128095354 57648725
128095354 57652742
152573073 152937331
152573073 217177359
152573073 57652742
152573073 152913077
58149374 152479912
52582614 152694280
52582614 57652742
152734763 107495939
152734763 152631159
152734763 14177506
152734763 152913077
107495939 152734763
107495939 152891819
107495939 152928326
107495939 152631159
107495939 152934424
107495939 152475942
107495939 44759889
107495939 298830626
107495939 152627750
107495939 57648725
107495939 114746776
107495939 152899564
107495939 57652742
152928326 107495939
152928326 633993736
152928326 152694280
152542051 152928326
152542051 633993736
152542051 104974500
152542051 152620150
152542051 57652742
152627750 107495939
152694280 152928326
152694280 14177506
152694280 44759889
152694280 52582614
152694280 217177359
125679364 152934424
125679364 14177506
125679364 57648725
14177506 107495939
14177506 152734763
14177506 152891819
14177506 152937331
14177506 125679364
14177506 152694280
14177506 152899564
152595107 217177359
128732467 44759889
128732467 57648725
128732467 217177359
128732467 57652742
152913077 130049704
152913077 217177359
152913077 152734763
152891819 107495939
152891819 210191869
152891819 152734408
298833305 152913077
152475942 107495939
152475942 152620150
152475942 152929934
152475942 57652742
152564636 58082958
29368329 57588303
152929168 25652043
152929168 152734763
152929168 52582614
152929168 152899564
130049704 128732467
130049704 152913077
633993736 217177359
152734408 152891819
152449404 152913077
298838612 152891819
57648725 107495939
57648725 152891819
57648725 128095354
57648725 152934424
57648725 14177506
57648725 210191869
57648725 128732467
57648725 125679364
57648725 152932340
57648725 57652742
152899564 14177506
152899564 107495939
152899564 57652742
152631159 152734763
152631159 152913077
298830626 107495939
44759889 107495939
44759889 152928326
44759889 104974500
44759889 128732467
44759889 152932340
44759889 152694280
44759889 114746776
58082958 152937331
58082958 217177359
26283241 57588303
217177359 152694280
25652043 128095354
25652043 152734408
25652043 114746776
