152912208 57647921
152912208 152545111
152912208 229655175
152912208 152933479
152912208 25592731
152912208 104736899
152912208 152907017
152912208 57644343
57644343 225554786
57644343 57647921
57644343 490443164
57644343 152907017
57644343 54426765
57644343 58106858
57644343 24475488
57644343 152797864
57644343 152816678
57644343 152912208
57590717 152933755
57590717 229655175
57590717 57647921
57590717 104736899
57590717 152545111
57590717 152816678
152907017 152933479
152907017 152728588
152907017 229655175
152907017 581028233
152907017 57647921
152907017 129831232
152907017 57590717
152907017 104736899
152907017 58106858
152907017 57644343
152907017 24475488
152907017 152921577
152907017 54052212
152907017 152816678
152907017 152912208
152723219 152933479
152723219 229655175
152723219 490443164
152723219 152545111
152904690 152933479
152904690 104736899
152904690 24475488
152904690 152545111
58106858 152933479
58106858 229655175
58106858 581028233
58106858 57647921
58106858 490443164
58106858 152907017
58106858 104736899
58106858 57644343
58106858 152545111
25592731 152933479
25592731 128503722
25592731 229655175
25592731 57647921
25592731 129831232
25592731 490443164
25592731 104736899
25592731 54426765
25592731 54052212
25592731 152797864
25592731 152545111
25592731 152816678
25592731 152912208
128503722 6764409
128503722 152933479
128503722 25592731
152933755 104736899
152933755 57647921
152933755 152545111
152904654 152933479
152904654 152898437
152904654 229655175
152904654 581028233
152904654 129831232
152904654 490443164
152904654 104736899
152904654 54426765
152904654 152797864
152904654 152545111
152787006 129831232
152787006 229655175
152787006 581028233
152787006 152545111
24475488 152904690
24475488 229655175
24475488 152907017
24475488 57590717
24475488 54426765
24475488 24132859
24475488 57644343
24475488 152921577
104736899 152933479
104736899 152933755
104736899 152728588
104736899 229655175
104736899 581028233
104736899 57647921
104736899 490443164
104736899 57590717
104736899 54426765
104736899 25592731
104736899 54052212
104736899 152797864
104736899 152545111
104736899 152816678
104736899 152912208
104736899 152927936
104736899 152839683
149534281 152933755
149534281 152545111
152927936 104736899
152927936 57647921
152927936 490443164
152927936 152545111
152815302 152933755
152839683 490443164
152839683 6764409
152839683 152921577
152839683 54052212
152839683 152545111
152839683 229655175
152839683 57647921
152839683 104736899
581006377 57590717
581006377 104736899
581006377 54426765
581006377 152921577
581006377 152797864
152820934 152545111
229655175 152933479
229655175 152904654
229655175 490443164
229655175 152933755
229655175 152898437
229655175 104736899
229655175 152545111
229655175 152912208
152816678 152545111
152816678 229655175
152816678 152723219
152816678 6764409
152816678 152921577
152816678 57590717
152816678 57647921
152816678 104736899
152816678 57644343
152816678 152797864
152816678 152933479
152816678 54052212
152816678 152912208
152816678 57769540
38112531 152933479
38112531 490443164
38112531 104736899
38112531 152545111
6764409 129831232
6764409 38112531
6764409 128503722
6764409 57647921
6764409 54052212
6764409 152816678
6764409 152839683
152921577 152933479
152921577 229655175
152921577 57647921
152921577 152907017
152921577 104736899
152921577 54426765
152921577 24475488
152921577 54052212
152921577 152797864
152921577 152545111
152921577 152816678
152921577 57769540
152921577 152839683
152812813 152933479
152812813 152898437
152812813 229655175
152812813 25592731
490443164 152933479
490443164 229655175
490443164 57647921
490443164 152904654
490443164 104736899
490443164 24132859
490443164 57644343
490443164 152797864
490443164 152545111
54426765 152933479
54426765 152933755
54426765 229655175
54426765 581006377
54426765 152904654
54426765 104736899
54426765 57644343
54426765 24475488
54426765 152921577
54426765 25592731
54426765 54052212
54426765 152816678
152727118 152545111
152727118 152933755
152727118 490443164
152727118 104736899
147659774 152933479
147659774 104736899
147659774 152545111
225554786 57644343
225554786 152912208
152678760 152933479
152678760 229655175
152678760 57647921
152678760 152545111
581028233 152933479
581028233 104736899
581028233 229655175
581028233 57647921
581028233 58106858
581028233 152545111
57769540 54052212
57769540 152921577
57769540 104736899
152545111 229655175
152545111 54052212
152545111 104736899
152545111 57647921
152545111 152678760
152545111 24132859
152545111 490443164
152545111 152933479
152932686 152933479
152932686 229655175
152932686 152545111
152728588 152907017
152728588 104736899
152728588 229655175
152728588 54052212
152728588 152545111
152797864 54052212
152797864 104736899
152797864 152933479
152797864 25592731
152797864 152921577
152797864 581028233
152797864 152904654
152797864 229655175
152797864 490443164
152797864 581006377
152797864 57644343
152797864 152545111
152797864 152816678
152898437 152933479
152898437 57590717
152898437 152812813
152898437 229655175
152898437 152545111
152912812 152933755
152912812 229655175
152912812 57647921
152912812 104736899
152912812 25592731
152912812 149534281
152912812 152545111
24132859 152933479
24132859 229655175
24132859 490443164
24132859 57590717
24132859 104736899
24132859 24475488
24132859 152545111
24132859 152816678
24132859 152912208
54052212 57647921
54052212 104736899
54052212 152933479
54052212 229655175
54052212 152921577
54052212 25592731
54052212 152728588
54052212 6764409
54052212 129831232
54052212 54426765
54052212 152797864
54052212 152545111
54052212 152816678
54052212 57769540
54052212 152839683
57647921 6764409
57647921 490443164
57647921 152678760
57647921 152933755
57647921 57590717
57647921 152912812
57647921 104736899
57647921 24132859
57647921 581028233
57647921 57644343
57647921 152921577
57647921 54052212
57647921 152545111
57647921 152816678
57647921 152912208
57647921 152839683
152660408 152545111
152933479 152904654
152933479 38112531
152933479 490443164
152933479 152678760
152933479 152904690
152933479 152932686
152933479 152898437
152933479 152907017
152933479 128503722
152933479 57590717
152933479 152812813
152933479 104736899
152933479 147659774
152933479 54426765
152933479 229655175
152933479 58106858
152933479 54052212
152933479 152797864
152933479 152545111
152933479 152816678
152933479 152912208
152933479 57769540
