91158107 152596244
91158107 13466639
91158107 57589812
91158107 57650624
91158107 57645381
91158107 57647892
91158107 152531897
91158107 57645080
91158107 57644042
91158107 57652163
91158107 58142941
91158107 57644430
91158107 57652330
91158107 82643223
44759107 210199735
44759107 6875077
44759107 57648451
44759107 13466639
44759107 131568859
44759107 205885010
44759107 57589812
44759107 154867890
44759107 57650624
44759107 57650987
44759107 57645381
44759107 152897493
44759107 50839225
44759107 130236694
44759107 152808573
44759107 126191440
44759107 35369146
44759107 57645188
44759107 152935050
44759107 83310733
44759107 39430771
44759107 152930886
44759107 133767389
44759107 152818267
44759107 6172676
44759107 57652182
44759107 210253306
44759107 99810342
44759107 210223363
44759107 28431976
44759107 57645080
44759107 57644042
44759107 57652163
44759107 58142941
44759107 57652021
44759107 57644430
44759107 57652330
44759107 44757294
44759107 82643223
131568859 210199735
131568859 13466639
131568859 205885010
131568859 57589812
131568859 154867890
131568859 4116240
131568859 152575520
131568859 57650624
131568859 57650987
131568859 57645381
131568859 155032741
131568859 152714965
131568859 152818498
131568859 50839225
131568859 130236694
131568859 44759107
131568859 126191440
131568859 35369146
131568859 57645188
131568859 39430771
131568859 74537749
131568859 152930886
131568859 57647892
131568859 133767389
131568859 6172676
131568859 28431976
131568859 582249164
131568859 152591838
131568859 57652260
131568859 57645080
131568859 57644042
131568859 57652163
131568859 58142941
131568859 57652021
131568859 57644430
131568859 57652330
131568859 44757294
131568859 82643223
83743790 210199735
83743790 44795898
83743790 13466639
83743790 57652260
83743790 58142941
133767389 210199735
133767389 13466639
133767389 131568859
133767389 57589812
133767389 57650624
133767389 57650987
133767389 57645381
133767389 152897493
133767389 155032741
133767389 152097365
133767389 152714965
133767389 44759107
133767389 126191440
133767389 35369146
133767389 152935050
133767389 39430771
133767389 57647892
133767389 152818267
133767389 6172676
133767389 57645188
133767389 28431976
133767389 57652260
133767389 57645080
133767389 57644042
133767389 57652163
133767389 57652021
133767389 57644430
133767389 57652330
133767389 44757294
133767389 82643223
152808573 152933112
152808573 57650987
152808573 44759107
152808573 28431976
152808573 57645080
152929778 36723520
152929778 57650987
152929778 44760110
152733616 13466639
152733616 57650987
152733616 35369146
152733616 6172676
152733616 28431976
82643223 205885010
82643223 152897493
82643223 152714965
82643223 99810342
82643223 6172676
82643223 126191440
82643223 28431976
82643223 57645080
82643223 44757294
82643223 57652330
82643223 133767389
82643223 57645188
82643223 39430771
82643223 35369146
82643223 50839225
82643223 130236694
82643223 44759107
82643223 13466639
82643223 57645381
82643223 11235254
82643223 57644430
82643223 131568859
82643223 152930886
82643223 44795898
82643223 4116240
82643223 152924088
82643223 58142941
82643223 57647892
82643223 57644042
82643223 155032741
82643223 57648451
82643223 57648603
82643223 57589812
82643223 57650624
82643223 210199735
82643223 57651178
82643223 152596244
82643223 57652260
82643223 91158107
82643223 57652182
82643223 57652021
82643223 57652163
82643223 57650987
82643223 268557793
82643223 152531897
23805851 57650987
23805851 6172676
23805851 28431976
57644042 6172676
57644042 126191440
57644042 83310733
57644042 581955897
57644042 131568859
57644042 57645188
57644042 35369146
57644042 44759107
57644042 13466639
57644042 11235254
57644042 155032741
57644042 57645381
57644042 57645080
57644042 28431976
57644042 133767389
57644042 50839225
57644042 39430771
57644042 128175152
57644042 149534281
57644042 57647892
57644042 205885010
57644042 44795898
57644042 57648603
57644042 57589812
57644042 152097365
57644042 152674460
57644042 57648451
57644042 152924088
57644042 210199735
57644042 57650624
57644042 152596244
57644042 44755051
57644042 57651178
57644042 57650987
57644042 130236694
57644042 152531897
57644042 57652260
57644042 57652182
57644042 636544139
57644042 91158107
57644042 152787305
57644042 177100182
57644042 152930886
57644042 553087204
57644042 57652163
57644042 58142941
57644042 57652021
57644042 57644430
57644042 57652330
57644042 44757294
57644042 82643223
582216673 50839225
205885010 210199735
205885010 82643223
205885010 13466639
205885010 131568859
205885010 57589812
205885010 57650624
205885010 57650987
205885010 155032741
205885010 44759107
205885010 6172676
205885010 57652260
205885010 57645080
205885010 57644042
205885010 58142941
421513609 57650987
421513609 152713317
152596244 91158107
152596244 13466639
152596244 152924088
152596244 4116240
152596244 57650624
152596244 57650987
152596244 57645381
152596244 57648603
152596244 57647892
152596244 28431976
152596244 57645080
152596244 57644042
152596244 57644430
152596244 57652330
152596244 82643223
152713317 421513609
152713317 57650987
57650624 91158107
57650624 152596244
57650624 581669935
57650624 295358243
57650624 210199735
57650624 57648451
57650624 13466639
57650624 131568859
57650624 205885010
57650624 57589812
57650624 57650987
57650624 44760110
57650624 57645381
57650624 155032741
57650624 152714965
57650624 50839225
57650624 57648603
57650624 130236694
57650624 44759107
57650624 17769567
57650624 126191440
57650624 57651178
57650624 35369146
57650624 57645188
57650624 152674460
57650624 152935050
57650624 39430771
57650624 74537749
57650624 152930886
57650624 57647892
57650624 133767389
57650624 18544859
57650624 6172676
57650624 582203418
57650624 57652182
57650624 28431976
57650624 210253306
57650624 152531897
57650624 152591838
57650624 149534281
57650624 57652260
57650624 57645080
57650624 57644042
57650624 57652163
57650624 58142941
57650624 57652021
57650624 57644430
57650624 57652330
57650624 44757294
57650624 82643223
210199735 13466639
210199735 131568859
210199735 205885010
210199735 57589812
210199735 57650624
210199735 57650987
210199735 57645381
210199735 83743790
210199735 57648603
210199735 44759107
210199735 35369146
210199735 57645188
210199735 152674460
210199735 39430771
210199735 57647892
210199735 133767389
210199735 6172676
210199735 582203418
210199735 28431976
210199735 152591838
210199735 99810342
210199735 57652260
210199735 57645080
210199735 57644042
210199735 58142941
210199735 57644430
210199735 57652330
210199735 44757294
210199735 82643223
13466639 91158107
13466639 152596244
13466639 581669935
13466639 210199735
13466639 44795898
13466639 6875077
13466639 57648451
13466639 131568859
13466639 205885010
13466639 57589812
13466639 152924088
13466639 4116240
13466639 152733616
13466639 57650624
13466639 57650987
13466639 57645381
13466639 155032741
13466639 152097365
13466639 152714965
13466639 50839225
13466639 83743790
13466639 57648603
13466639 152787305
13466639 130236694
13466639 128175152
13466639 44759107
13466639 17769567
13466639 126191440
13466639 57651178
13466639 35369146
13466639 57645188
13466639 152674460
13466639 39430771
13466639 152930886
13466639 57647892
13466639 133767389
13466639 6172676
13466639 44755051
13466639 582203418
13466639 57652182
13466639 28431976
13466639 210223363
13466639 57652260
13466639 57645080
13466639 57644042
13466639 57652163
13466639 58142941
13466639 57652021
13466639 57644430
13466639 57652330
13466639 44757294
13466639 82643223
13466639 15217961
58142941 13466639
58142941 28431976
58142941 39430771
58142941 130236694
58142941 152935050
58142941 131568859
58142941 57644042
58142941 57652163
58142941 57645381
58142941 44759107
58142941 44760110
58142941 205885010
58142941 83743790
58142941 152955778
58142941 57645080
58142941 57648603
58142941 152714965
58142941 210199735
58142941 154867890
58142941 57650624
58142941 152674460
58142941 6172676
58142941 35369146
58142941 4116240
58142941 57589812
58142941 91158107
58142941 57652182
58142941 57652260
58142941 152575520
58142941 57650987
58142941 126191440
58142941 57651178
58142941 57652021
58142941 57644430
58142941 57652330
58142941 82643223
58142941 44757294
57645381 91158107
57645381 152596244
57645381 210199735
57645381 44795898
57645381 36723520
57645381 13466639
57645381 131568859
57645381 57589812
57645381 4116240
57645381 57650624
57645381 57650987
57645381 155032741
57645381 152097365
57645381 57648603
57645381 57652021
57645381 44759107
57645381 126191440
57645381 35369146
57645381 152674460
57645381 39430771
57645381 57647892
57645381 133767389
57645381 6172676
57645381 582203418
57645381 57652182
57645381 28431976
57645381 152531897
57645381 57652260
57645381 57645080
57645381 57644042
57645381 58142941
57645381 57644430
57645381 57652330
57645381 44757294
57645381 82643223
11235254 57645080
11235254 57644042
11235254 57652021
11235254 57652330
11235254 44757294
11235254 82643223
17769567 13466639
17769567 131568859
17769567 57650624
44757294 35369146
44757294 28431976
44757294 6172676
44757294 126191440
44757294 133767389
44757294 57645080
44757294 44759107
44757294 57652163
44757294 210253306
44757294 155032741
44757294 57652330
44757294 57645188
44757294 11235254
44757294 131568859
44757294 39430771
44757294 152935050
44757294 57644042
44757294 83310733
44757294 50839225
44757294 57645381
44757294 13466639
44757294 58142941
44757294 57648603
44757294 44795898
44757294 57644430
44757294 57652021
44757294 57589812
44757294 210199735
44757294 57652260
44757294 57650624
44757294 57650987
44757294 82643223
152575520 131568859
152575520 57650987
152575520 58142941
152714965 82643223
152714965 13466639
152714965 131568859
152714965 57650624
152714965 57650987
152714965 133767389
152714965 57652260
152714965 58142941
152714965 57652330
57644430 44759107
57644430 131568859
57644430 57644042
57644430 13466639
57644430 39430771
57644430 35369146
57644430 57647892
57644430 58142941
57644430 57645381
57644430 28431976
57644430 6172676
57644430 57645080
57644430 57652163
57644430 50839225
57644430 57589812
57644430 133767389
57644430 152596244
57644430 155032741
57644430 57652021
57644430 57648603
57644430 210199735
57644430 57650624
57644430 57652260
57644430 57651178
57644430 57650987
57644430 57652182
57644430 91158107
57644430 57652330
57644430 44757294
57644430 82643223
39430771 152955778
39430771 210199735
39430771 13466639
39430771 131568859
39430771 57589812
39430771 4116240
39430771 57650624
39430771 57650987
39430771 57645381
39430771 152897493
39430771 155032741
39430771 50839225
39430771 57648603
39430771 130236694
39430771 268557793
39430771 44759107
39430771 126191440
39430771 35369146
39430771 57645188
39430771 152674460
39430771 83310733
39430771 57647892
39430771 133767389
39430771 6172676
39430771 57652182
39430771 28431976
39430771 57645080
39430771 57644042
39430771 58142941
39430771 57652021
39430771 57644430
39430771 57652330
39430771 44757294
39430771 82643223
601654972 44760110
149534281 57650987
149534281 57645080
149534281 57644042
298832001 57589812
298832001 57650624
298832001 44759107
298832001 57652021
152935050 57650624
152935050 44759107
152935050 126191440
152935050 35369146
152935050 152930886
152935050 57647892
152935050 133767389
152935050 6172676
152935050 28431976
152935050 57645080
152935050 58142941
152935050 44757294
4116240 152596244
4116240 57648451
4116240 13466639
4116240 131568859
4116240 57589812
4116240 57650987
4116240 35369146
4116240 39430771
4116240 152930886
4116240 6172676
4116240 28431976
4116240 58142941
4116240 57652330
4116240 82643223
6875077 13466639
6875077 57650987
6875077 44759107
177100182 57644042
128175152 13466639
128175152 57589812
128175152 57645188
128175152 57644042
44795898 13466639
44795898 57650987
44795898 57645381
44795898 152097365
44795898 50839225
44795898 83743790
44795898 152787305
44795898 126191440
44795898 57647892
44795898 582203418
44795898 57652260
44795898 57645080
44795898 57644042
44795898 82643223
44795898 44757294
210253306 57650624
210253306 57650987
210253306 57648603
210253306 44759107
210253306 35369146
210253306 152674460
210253306 57645080
210253306 44757294
152897493 82643223
152897493 57589812
152897493 152924088
152897493 57650987
152897493 155032741
152897493 44759107
152897493 126191440
152897493 57645188
152897493 39430771
152897493 152930886
152897493 57647892
152897493 133767389
152897493 152818267
152897493 6172676
152897493 28431976
152897493 57645080
152897493 57652163
57648451 13466639
57648451 152924088
57648451 4116240
57648451 57650624
57648451 35369146
57648451 57647892
57648451 6172676
57648451 57652182
57648451 57645080
57648451 57644042
57648451 57652330
57648451 82643223
57652163 6172676
57652163 28431976
57652163 131568859
57652163 126191440
57652163 57644042
57652163 57645080
57652163 35369146
57652163 133767389
57652163 57647892
57652163 57651178
57652163 44759107
57652163 91158107
57652163 57650624
57652163 152897493
57652163 57650987
57652163 13466639
57652163 58142941
57652163 57644430
57652163 57652330
57652163 82643223
57652163 44757294
130236694 13466639
130236694 131568859
130236694 57650624
130236694 57650987
130236694 44759107
130236694 35369146
130236694 57645188
130236694 39430771
130236694 6172676
130236694 28431976
130236694 57645080
130236694 57644042
130236694 58142941
130236694 57652330
130236694 82643223
50839225 44795898
50839225 13466639
50839225 582216673
50839225 57650624
50839225 57650987
50839225 130236694
50839225 44759107
50839225 126191440
50839225 39430771
50839225 6172676
50839225 28431976
50839225 57645080
50839225 57644042
50839225 57644430
50839225 57652330
50839225 44757294
50839225 82643223
581438784 131568859
581438784 57589812
581438784 57652182
57645080 35369146
57645080 133767389
57645080 149534281
57645080 126191440
57645080 74537749
57645080 155032741
57645080 28431976
57645080 44759107
57645080 152897493
57645080 57645188
57645080 36723520
57645080 152935050
57645080 39430771
57645080 152808573
57645080 50839225
57645080 131568859
57645080 6172676
57645080 44795898
57645080 57645381
57645080 13466639
57645080 152097365
57645080 11235254
57645080 205885010
57645080 57647892
57645080 130236694
57645080 57648603
57645080 57648451
57645080 57589812
57645080 57650624
57645080 152596244
57645080 210199735
57645080 582203418
57645080 152930886
57645080 152674460
57645080 57652260
57645080 57650987
57645080 57652182
57645080 91158107
57645080 210253306
57645080 57644042
57645080 57652163
57645080 58142941
57645080 57652021
57645080 57644430
57645080 57652330
57645080 44757294
57645080 82643223
57650987 152596244
57650987 581669935
57650987 553087204
57650987 152955778
57650987 152929778
57650987 295358243
57650987 210199735
57650987 44795898
57650987 152913650
57650987 6875077
57650987 82643344
57650987 13466639
57650987 131568859
57650987 205885010
57650987 57589812
57650987 154867890
57650987 4116240
57650987 582216673
57650987 152733616
57650987 152575520
57650987 57650624
57650987 636544139
57650987 44760110
57650987 57645381
57650987 152897493
57650987 152097365
57650987 815025301
57650987 152714965
57650987 50839225
57650987 57648603
57650987 152787305
57650987 130236694
57650987 152808573
57650987 23805851
57650987 44759107
57650987 17769567
57650987 126191440
57650987 57651178
57650987 35369146
57650987 57645188
57650987 152674460
57650987 39430771
57650987 74537749
57650987 57647892
57650987 133767389
57650987 44755051
57650987 582203418
57650987 57652182
57650987 28431976
57650987 210253306
57650987 152591838
57650987 99810342
57650987 210223363
57650987 149534281
57650987 57652260
57650987 57645080
57650987 57644042
57650987 57652163
57650987 58142941
57650987 57652021
57650987 57644430
57650987 421513609
57650987 57652330
57650987 582242876
57650987 44757294
57650987 152713317
57650987 82643223
44760110 152929778
44760110 601654972
44760110 57650624
44760110 57650987
44760110 35369146
44760110 58142941
35369146 581669935
35369146 210199735
35369146 57648451
35369146 13466639
35369146 131568859
35369146 57589812
35369146 154867890
35369146 4116240
35369146 152733616
35369146 57650624
35369146 57650987
35369146 44760110
35369146 57645381
35369146 175156313
35369146 50839225
35369146 57648603
35369146 130236694
35369146 44759107
35369146 126191440
35369146 57651178
35369146 152935050
35369146 39430771
35369146 74537749
35369146 152930886
35369146 57647892
35369146 133767389
35369146 152818267
35369146 6172676
35369146 44755051
35369146 582203418
35369146 57652182
35369146 28431976
35369146 210253306
35369146 57652260
35369146 57645080
35369146 57644042
35369146 57652163
35369146 58142941
35369146 57652021
35369146 57644430
35369146 57652330
35369146 44757294
35369146 82643223
36723520 152933112
36723520 152929778
36723520 57650987
36723520 57645381
36723520 57645080
581669935 35369146
57652021 44759107
57652021 35369146
57652021 57650624
57652021 57645381
57652021 131568859
57652021 57589812
57652021 57645080
57652021 57644042
57652021 57648603
57652021 13466639
57652021 298832001
57652021 58142941
57652021 133767389
57652021 39430771
57652021 57647892
57652021 57650987
57652021 57652260
57652021 6172676
57652021 268557793
57652021 57644430
57652021 57652330
57652021 44757294
57652021 82643223
6172676 210199735
6172676 57648451
6172676 13466639
6172676 131568859
6172676 205885010
6172676 4116240
6172676 152733616
6172676 57650624
6172676 57645381
6172676 152897493
6172676 50839225
6172676 57648603
6172676 130236694
6172676 23805851
6172676 44759107
6172676 126191440
6172676 35369146
6172676 57645188
6172676 152674460
6172676 152935050
6172676 83310733
6172676 39430771
6172676 74537749
6172676 152930886
6172676 57647892
6172676 133767389
6172676 28431976
6172676 582249164
6172676 152531897
6172676 57645080
6172676 57644042
6172676 57652163
6172676 58142941
6172676 57644430
6172676 57652330
6172676 44757294
6172676 82643223
154867890 131568859
154867890 57589812
154867890 57650987
154867890 44759107
154867890 35369146
154867890 58142941
152924088 152596244
152924088 13466639
152924088 152897493
152924088 57644042
152924088 82643223
99810342 210199735
99810342 82643223
99810342 57650987
99810342 44759107
99810342 126191440
99810342 152930886
99810342 28431976
57645188 210199735
57645188 13466639
57645188 131568859
57645188 57650624
57645188 57650987
57645188 152897493
57645188 130236694
57645188 128175152
57645188 44759107
57645188 126191440
57645188 39430771
57645188 152818267
57645188 6172676
57645188 133767389
57645188 28431976
57645188 57645080
57645188 57644042
57645188 57652330
57645188 44757294
57645188 82643223
57651178 13466639
57651178 57650624
57651178 57650987
57651178 155032741
57651178 35369146
57651178 57647892
57651178 57645080
57651178 57644042
57651178 57652163
57651178 58142941
57651178 57644430
57651178 82643223
28431976 152596244
28431976 210199735
28431976 13466639
28431976 131568859
28431976 57589812
28431976 4116240
28431976 152733616
28431976 57650624
28431976 57650987
28431976 57645381
28431976 152897493
28431976 155032741
28431976 50839225
28431976 130236694
28431976 152808573
28431976 23805851
28431976 126191440
28431976 35369146
28431976 152935050
28431976 39430771
28431976 152930886
28431976 57647892
28431976 152818267
28431976 6172676
28431976 44755051
28431976 582203418
28431976 57652182
28431976 99810342
28431976 57645188
28431976 133767389
28431976 44759107
28431976 57652260
28431976 57645080
28431976 57644042
28431976 57652163
28431976 58142941
28431976 57644430
28431976 57652330
28431976 44757294
28431976 82643223
152674460 210199735
152674460 13466639
152674460 131568859
152674460 57650624
152674460 57650987
152674460 57645381
152674460 39430771
152674460 152930886
152674460 57647892
152674460 6172676
152674460 57652182
152674460 210253306
152674460 57652260
152674460 57645080
152674460 57644042
152674460 58142941
152674460 57652021
152674460 57652330
152674460 82643223
152913650 57650987
582242876 57650987
74537749 131568859
74537749 57650624
74537749 57650987
74537749 35369146
74537749 6172676
74537749 57645080
74537749 57652330
152818498 13466639
152787305 44795898
152787305 13466639
152787305 57650987
152787305 57644042
152787305 57652021
18544859 57589812
18544859 57650624
152818267 152897493
152818267 44759107
152818267 126191440
152818267 35369146
152818267 133767389
152818267 28431976
83310733 44759107
83310733 39430771
83310733 152930886
83310733 6172676
83310733 57644042
83310733 44757294
210223363 13466639
210223363 57650987
210223363 44759107
57589812 91158107
57589812 210199735
57589812 13466639
57589812 131568859
57589812 205885010
57589812 154867890
57589812 4116240
57589812 57650624
57589812 57650987
57589812 57645381
57589812 152897493
57589812 57648603
57589812 128175152
57589812 44759107
57589812 126191440
57589812 35369146
57589812 39430771
57589812 57647892
57589812 133767389
57589812 44755051
57589812 57652182
57589812 152531897
57589812 57645080
57589812 57644042
57589812 58142941
57589812 57652021
57589812 57644430
57589812 57652330
57589812 44757294
57589812 82643223
582203418 210199735
582203418 57650987
582203418 57645381
582203418 44759107
582203418 35369146
582203418 57652182
582203418 28431976
582203418 57645080
582203418 57652330
152955778 57650987
152955778 39430771
152955778 58142941
636544139 57650987
636544139 57644042
44755051 581669935
44755051 13466639
44755051 57589812
44755051 57650987
44755051 28431976
44755051 57644042
57647892 91158107
57647892 152596244
57647892 210199735
57647892 44795898
57647892 57648451
57647892 13466639
57647892 131568859
57647892 57589812
57647892 57650624
57647892 57650987
57647892 57645381
57647892 152897493
57647892 155032741
57647892 152097365
57647892 57648603
57647892 57651178
57647892 35369146
57647892 581438784
57647892 152674460
57647892 152935050
57647892 39430771
57647892 152930886
57647892 133767389
57647892 6172676
57647892 57652182
57647892 28431976
57647892 57652260
57647892 57645080
57647892 57644042
57647892 57652163
57647892 57652021
57647892 57644430
57647892 57652330
57647892 82643223
175156313 35369146
57652260 44759107
57652260 13466639
57652260 57647892
57652260 131568859
57652260 57650987
57652260 57650624
57652260 83743790
57652260 133767389
57652260 205885010
57652260 152674460
57652260 57645381
57652260 210199735
57652260 28431976
57652260 44795898
57652260 35369146
57652260 152591838
57652260 152714965
57652260 57652182
57652260 57645080
57652260 57644042
57652260 58142941
57652260 57652021
57652260 57644430
57652260 57652330
57652260 44757294
57652260 82643223
152591838 210199735
152591838 131568859
152591838 57650624
152591838 57650987
152591838 57652260
152591838 57645080
57652330 28431976
57652330 126191440
57652330 57644042
57652330 152930886
57652330 35369146
57652330 130236694
57652330 57645188
57652330 57645080
57652330 11235254
57652330 44759107
57652330 131568859
57652330 133767389
57652330 13466639
57652330 6172676
57652330 50839225
57652330 57644430
57652330 57645381
57652330 39430771
57652330 57647892
57652330 58142941
57652330 4116240
57652330 57648603
57652330 57652021
57652330 74537749
57652330 152674460
57652330 152714965
57652330 57589812
57652330 210199735
57652330 57650987
57652330 152596244
57652330 57650624
57652330 57648451
57652330 57652163
57652330 57652182
57652330 57652260
57652330 91158107
57652330 582203418
57652330 268557793
57652330 155032741
57652330 152531897
57652330 44757294
57652330 82643223
553087204 57650987
553087204 57644042
126191440 44795898
126191440 13466639
126191440 131568859
126191440 57589812
126191440 57650624
126191440 57650987
126191440 57645381
126191440 152897493
126191440 155032741
126191440 50839225
126191440 44759107
126191440 35369146
126191440 57645188
126191440 152935050
126191440 39430771
126191440 152930886
126191440 133767389
126191440 152818267
126191440 6172676
126191440 28431976
126191440 99810342
126191440 57645080
126191440 57644042
126191440 57652163
126191440 58142941
126191440 57652330
126191440 44757294
126191440 82643223
57652182 57648451
57652182 13466639
57652182 131568859
57652182 57589812
57652182 57650624
57652182 57650987
57652182 57645381
57652182 57648603
57652182 44759107
57652182 35369146
57652182 581438784
57652182 152674460
57652182 39430771
57652182 152930886
57652182 57647892
57652182 133767389
57652182 28431976
57652182 57652260
57652182 57645080
57652182 57644042
57652182 58142941
57652182 57652021
57652182 57644430
57652182 57652330
57652182 82643223
152930886 13466639
152930886 4116240
152930886 57650624
152930886 152897493
152930886 50839225
152930886 44759107
152930886 126191440
152930886 35369146
152930886 152674460
152930886 152935050
152930886 83310733
152930886 57647892
152930886 6172676
152930886 57652182
152930886 28431976
152930886 99810342
152930886 57645080
152930886 57644042
152930886 57652330
152930886 82643223
268557793 57650987
268557793 82643223
268557793 57652330
57648603 152596244
57648603 210199735
57648603 57648451
57648603 13466639
57648603 131568859
57648603 57589812
57648603 57650624
57648603 57650987
57648603 57645381
57648603 35369146
57648603 39430771
57648603 57647892
57648603 6172676
57648603 57652182
57648603 210253306
57648603 57645080
57648603 57644042
57648603 58142941
57648603 57652021
57648603 57644430
57648603 57652330
57648603 82643223
57648603 44757294
581955897 57644042
152097365 44795898
152097365 13466639
152097365 57650987
152097365 57645381
152097365 44759107
152097365 57647892
152097365 133767389
152097365 57645080
152097365 57644042
155032741 13466639
155032741 131568859
155032741 205885010
155032741 57650624
155032741 57645381
155032741 152897493
155032741 126191440
155032741 39430771
155032741 57647892
155032741 133767389
155032741 28431976
155032741 57645080
155032741 57644042
155032741 57644430
155032741 57652330
155032741 44757294
155032741 82643223
582249164 131568859
582249164 6172676
152531897 91158107
152531897 57648451
152531897 13466639
152531897 57589812
152531897 57650624
152531897 44760110
152531897 57645381
152531897 6172676
152531897 57652182
152531897 57645080
152531897 57644042
152531897 57652330
152531897 82643223
82643344 57650987
152933112 36723520
152933112 152808573
