120646196 54181908
57653179 210197417
34014285 57651843
57138743 55606178
152818397 57651843
32570588 57847071
32570588 152518843
66953288 20873267
66953288 84493457
58110907 14570672
57993948 145572366
126304037 90795635
833413006 410228177
58078401 581011383
58078401 57651843
70100048 61239761
17448494 65344070
17448494 15583925
410228177 90795635
54181908 120646196
14570672 13553330
14570672 58350613
14570672 677425621
14570672 57981199
20873267 82021396
20873267 66953288
20873267 17956459
85054789 4422263
85054789 57651761
15583925 65344070
15583925 19285426
57651843 4422263
57651843 210197417
57651843 57651761
57651843 210253444
57651843 57645371
57651843 581011383
57651843 152628726
57651843 34014285
57651843 152818397
57651843 58078401
57651843 299452728
17956459 20873267
55606178 57138743
81377756 58130694
57651761 4422263
57651761 210197417
57651761 57645371
57651761 581011383
57651761 152628726
57651761 327023359
57651761 85054789
57651761 57651843
65344070 15583925
65344070 17448494
82021396 20873267
19285426 15583925
19285426 58130694
19285426 145572366
152518843 57847071
152518843 32570588
57847071 32570588
57847071 152630649
57847071 152518843
57847071 58078401
145572366 581011383
145572366 57993948
145572366 19285426
152567615 128033408
57645371 57651761
57645371 57651843
4422263 57651761
4422263 17221866
4422263 85054789
4422263 57651843
581011383 57651761
581011383 145572366
581011383 57651843
581011383 58078401
210253444 17221866
210253444 57651843
13553330 14570672
167823478 58130694
580949010 32570588
58350613 14570672
57981199 14570672
210197417 57653179
210197417 57651761
210197417 57651843
152630649 57847071
299452728 57651843
677425621 14570672
128033408 152567615
152628726 57651761
152628726 57651843
58130694 167823478
58130694 19285426
90795635 84493457
90795635 410228177
84493457 90795635
84493457 66953288
84493457 410228177
