152890901 58519792
581206451 58406285
581206451 58519792
836611516 58519792
152918925 58519792
152918925 57612925
76427055 139961352
76427055 58519792
76427055 57601947
152576225 31415083
581244090 58519792
581244090 58406285
268931432 58519792
152809006 58519792
131598304 58519792
152924435 58519792
44750375 152934410
44750375 54496155
44750375 44757781
44750375 152933400
44750375 31415083
44750375 128360967
98763792 58519792
98763792 57612925
98763792 60694428
98763792 252618071
252618071 98763792
252618071 58519792
252618071 57601947
58148769 58519792
58148769 152680559
210192211 58519792
58406285 58519792
58406285 54496155
168265970 58519792
107396600 58519792
44757781 58519792
44757781 152934410
44757781 31415083
44757781 135048203
44757781 44750375
581996088 58519792
227975227 58519792
152680559 58519792
699149840 58519792
735845357 31415083
836611644 58519792
152934410 58519792
152934410 57612925
152934410 57652107
152934410 31415083
152934410 15036105
152934410 152808895
152934410 44757781
152934410 44750375
36863232 58519792
558784812 58519792
139961352 76427055
139961352 58519792
48643892 58519792
48643892 57652107
57601947 76427055
57601947 58519792
57601947 57612925
57601947 252618071
57652107 210210481
57652107 38823022
57652107 36454865
57652107 48643892
57652107 152934410
57652107 51821762
57652107 31415083
57652107 15036105
57652107 135048203
57652107 152566787
580945244 58519792
580945244 72697706
582122181 58519792
211474838 58519792
124707050 128360967
124707050 58519792
124707050 58406285
124707050 83551958
152816290 58519792
51821762 57652107
60694428 64484432
60694428 98763792
60694428 72697706
104913491 132031285
38823022 58519792
38823022 57612925
38823022 57652107
38823022 135048203
152735010 58519792
421536624 58519792
581972614 128360967
581972614 58519792
581033572 58519792
57612925 38823022
57612925 64484432
57612925 152918925
57612925 58519792
57612925 54496155
57612925 57601947
57612925 135048203
152933400 58519792
152933400 44750375
320614089 58519792
25559185 104913491
580956374 58519792
695925796 58406285
128360967 58519792
128360967 124707050
128360967 44750375
54496155 58519792
54496155 58406285
54496155 15036105
54496155 44750375
31415083 152576225
31415083 735845357
31415083 58519792
31415083 152934410
31415083 54496155
31415083 57652107
31415083 15036105
31415083 83551958
31415083 152808895
31415083 135048203
31415083 44757781
31415083 44750375
152808895 38823022
152808895 58519792
152808895 152934410
124458862 58519792
138140897 104913491
633125245 104913491
210210481 58519792
210210481 57652107
127700960 58519792
298833298 64484432
298833298 58519792
83551958 58519792
83551958 31415083
83551958 15036105
83551958 135048203
83551958 124707050
15036105 58519792
15036105 152934410
15036105 54496155
15036105 57652107
15036105 31415083
15036105 83551958
15036105 152566787
566243517 58519792
812518390 58519792
21806456 135048203
36454865 57652107
72697706 58519792
72697706 60694428
135048203 58519792
135048203 57612925
135048203 57652107
135048203 31415083
135048203 83551958
135048203 44757781
135048203 21806456
58053758 58519792
581228967 58519792
834157703 58519792
64484432 298833298
64484432 58519792
64484432 57612925
64484432 60694428
132031285 104913491
581339431 58519792
152566787 15036105
152566787 58519792
152566787 57652107
