38929943 127176203
765618606 127176203
833710554 127176203
833710554 235173981
497942675 127176203
836611766 127176203
349704190 127176203
497743785 40062444
497743785 127176203
836611595 127176203
497762404 127176203
497762404 346545688
377282060 127176203
836611381 127176203
836611793 127176203
39264564 127176203
497818196 127176203
836611839 127176203
498024685 127176203
836611459 127176203
342352451 127176203
836611678 127176203
497743512 127176203
448433153 127176203
497740903 127176203
477268677 127176203
836611375 127176203
836611375 235173981
4053459 127176203
4053459 235173981
545559760 127176203
498265585 40062444
498265585 127176203
498265585 836611507
498265585 235173981
313100328 127176203
346545688 836611823
346545688 497762404
346545688 127176203
346545688 834655256
346545688 695764795
836611770 127176203
328081623 127176203
147923948 127176203
144728655 127176203
836611465 127176203
40062444 498265585
40062444 224400708
40062444 359205539
40062444 252073969
40062444 127176203
40062444 302059178
40062444 497913370
40062444 836611352
40062444 235173981
40062444 497743785
498820204 127176203
836611833 127176203
235173981 40062444
235173981 498265585
235173981 833710554
235173981 776673041
235173981 4053459
235173981 127176203
235173981 836611507
235173981 836611468
235173981 695764795
235173981 302059178
235173981 836611415
235173981 836611375
498039522 127176203
834655256 127176203
834655256 346545688
731713198 776673041
731713198 127176203
731713198 695764795
731713198 235173981
497741770 127176203
497741770 836611507
695764795 127176203
695764795 346545688
695764795 497913370
695764795 235173981
497924356 127176203
34559035 127176203
836611607 127176203
224400708 40062444
224400708 127176203
284545014 127176203
836611865 127176203
836611367 127176203
836611415 235173981
497893499 127176203
241144012 127176203
241144012 836611507
836611497 127176203
252073969 127176203
497857352 127176203
836611507 498265585
836611507 127176203
836611507 497741770
836611507 241144012
497920811 127176203
497928789 127176203
497928789 302059178
836611352 127176203
836611355 127176203
497780583 127176203
359205539 40062444
359205539 127176203
498025565 127176203
302693328 127176203
497913370 40062444
497913370 127176203
497913370 695764795
497913370 302059178
498194074 127176203
67624281 127176203
836611860 127176203
776673041 127176203
776673041 235173981
302059178 40062444
302059178 498265585
302059178 224400708
302059178 359205539
302059178 349704190
302059178 127176203
302059178 299250641
302059178 836611468
302059178 210601194
302059178 836611459
302059178 497913370
302059178 241144012
302059178 836611415
302059178 836611355
302059178 836611352
302059178 235173981
302059178 497928789
302059178 477268677
836611823 127176203
836611823 346545688
299250641 127176203
836611417 127176203
320544293 127176203
740327919 127176203
836611468 127176203
836611468 302059178
836611468 235173981
497752168 127176203
836611859 127176203
49814894 836611448
210601194 127176203
210601194 302059178
836611484 127176203
836496345 127176203
