581019543 57649406
581019543 14349157
581019543 57643305
581019543 57645920
581019543 57647065
581019543 57643292
581019543 25024383
581019543 57646552
581019543 13276280
581019543 16350405
581019543 44757738
581019543 57643835
581019543 85978978
581019543 58446863
581019543 6229077
581019543 210198064
581019543 57649404
581019543 57643891
581019543 58160930
581019543 8505406
581019543 132191817
581019543 57644376
581019543 9626939
581019543 57648207
581019543 145456298
581019543 101699474
581019543 34346603
581019543 57644075
581019543 67638912
44757738 8505406
44757738 44759367
44757738 57649406
44757738 14349157
44757738 18695679
44757738 57643305
44757738 67857215
44757738 57645920
44757738 581019543
44757738 57647065
44757738 57643292
44757738 57647527
44757738 13276280
44757738 16350405
44757738 44759626
44757738 126191458
44757738 57643835
44757738 85978978
44757738 82636235
44757738 152921844
44757738 58446863
44757738 12264360
44757738 6229077
44757738 57649404
44757738 57643891
44757738 152578866
44757738 132191817
44757738 152800912
44757738 57644376
44757738 9626939
44757738 57649321
44757738 57648207
44757738 105853043
44757738 101699474
44757738 34346603
44757738 57644075
44757738 67638912
44757738 44753187
67857215 57648563
67857215 57643318
67857215 14349157
67857215 57643305
67857215 57647065
67857215 57646552
67857215 97087194
67857215 16350405
67857215 152956808
67857215 126191458
67857215 85978978
67857215 58446863
67857215 57649404
67857215 57643891
67857215 8505406
67857215 130374177
67857215 18695679
67857215 57643835
67857215 6229077
67857215 27990901
67857215 13276280
67857215 132191817
67857215 152800912
67857215 57644376
67857215 9626939
67857215 210263871
67857215 101699474
67857215 34346603
67857215 57644075
67857215 67638912
57645920 65284123
57645920 8505406
57645920 44759367
57645920 57649406
57645920 57648563
57645920 14349157
57645920 57643305
57645920 581019543
57645920 57643292
57645920 57650854
57645920 57644344
57645920 57646552
57645920 97087194
57645920 57647527
57645920 16350405
57645920 44757738
57645920 126191458
57645920 210192027
57645920 85978978
57645920 82636235
57645920 58446863
57645920 12264360
57645920 566556159
57645920 435723264
57645920 57649404
57645920 57643891
57645920 58160930
57645920 18695679
57645920 57643835
57645920 6229077
57645920 210198064
57645920 25024383
57645920 27990901
57645920 13276280
57645920 57650568
57645920 152578866
57645920 132191817
57645920 152800912
57645920 57649321
57645920 57648207
57645920 105853043
57645920 101699474
57645920 34346603
57645920 57644075
155820208 57643891
152883838 8505406
152883838 44759367
152883838 57589921
152883838 14349157
152883838 18695679
152883838 57643305
152883838 57647065
152883838 57643292
152883838 57644344
152883838 57646552
152883838 57647527
152883838 13276280
152883838 16350405
152883838 152956808
152883838 126191458
152883838 57643835
152883838 85978978
152883838 57643891
152883838 132191817
152883838 9626939
152883838 34346603
152883838 67638912
152883838 44753187
44753187 16350405
44753187 25024383
44753187 9626939
44753187 57643305
44753187 13276280
44753187 72544912
44753187 34346603
44753187 14349157
44753187 132191817
44753187 44757738
44753187 57647065
44753187 126191458
44753187 57643292
44753187 67638912
44753187 8505406
44753187 85978978
44753187 57646552
44753187 57643318
44753187 57644075
44753187 18695679
44753187 152956808
44753187 57650568
44753187 130374177
44753187 58157377
44753187 152921844
44753187 57589921
44753187 44759367
44753187 44759626
44753187 152883838
44753187 211180287
44753187 57644376
44753187 57650854
44753187 57647527
44753187 6229077
44753187 152800912
44753187 58446863
44753187 210263871
44753187 57648563
44753187 57648251
44753187 152817647
44753187 57643891
44753187 57648207
44753187 57650386
44753187 145456298
44753187 152580414
44753187 57649404
44753187 57643835
44753187 210192027
44753187 57652293
44753187 57644344
44753187 12264360
44753187 581102494
44753187 57649321
44753187 82636235
44753187 435723264
44753187 54310759
44753187 101699474
44753187 58160930
44753187 27990901
44753187 210198064
44753187 105853043
57650854 582569017
57650854 65284123
57650854 8505406
57650854 44759367
57650854 57589921
57650854 57649406
57650854 57643318
57650854 18695679
57650854 57643305
57650854 57645920
57650854 57647065
57650854 57643292
57650854 192453705
57650854 57644344
57650854 493171921
57650854 25024383
57650854 57646552
57650854 581102494
57650854 27990901
57650854 57647527
57650854 13276280
57650854 16350405
57650854 126191458
57650854 57650386
57650854 57643835
57650854 85978978
57650854 143603254
57650854 57652293
57650854 58446863
57650854 12264360
57650854 6229077
57650854 210198064
57650854 57643891
57650854 58160930
57650854 57650568
57650854 132191817
57650854 9626939
57650854 57649321
57650854 57648207
57650854 105853043
57650854 101699474
57650854 34346603
57650854 57644075
57650854 67638912
57650854 44753187
8505406 44759367
8505406 57589921
8505406 57649406
8505406 57648563
8505406 152883838
8505406 57643318
8505406 14349157
8505406 57643305
8505406 57645920
8505406 57647065
8505406 57643292
8505406 57650854
8505406 192453705
8505406 57644344
8505406 493171921
8505406 25024383
8505406 57646552
8505406 27990901
8505406 13276280
8505406 16350405
8505406 44759626
8505406 152956808
8505406 44757738
8505406 126191458
8505406 57643835
8505406 45216259
8505406 85978978
8505406 82636235
8505406 143603254
8505406 57652293
8505406 58446863
8505406 12264360
8505406 6229077
8505406 210198064
8505406 435723264
8505406 57649404
8505406 57643891
8505406 58160930
8505406 18695679
8505406 67857215
8505406 581019543
8505406 152578866
8505406 132191817
8505406 152800912
8505406 57644376
8505406 9626939
8505406 57649321
8505406 210263871
8505406 57648207
8505406 145456298
8505406 105853043
8505406 101699474
8505406 34346603
8505406 152817647
8505406 57644075
8505406 67638912
8505406 44753187
57643891 582569017
57643891 65284123
57643891 8505406
57643891 44759367
57643891 57589921
57643891 57649406
57643891 57648563
57643891 210191472
57643891 155820208
57643891 152840131
57643891 152883838
57643891 58157377
57643891 57643318
57643891 14349157
57643891 18695679
57643891 57643305
57643891 67857215
57643891 57645920
57643891 581019543
57643891 57647065
57643891 57643292
57643891 210253108
57643891 57650854
57643891 54310759
57643891 192453705
57643891 57644344
57643891 25024383
57643891 57646552
57643891 57605527
57643891 97087194
57643891 581102494
57643891 49578245
57643891 27990901
57643891 57647527
57643891 13276280
57643891 16350405
57643891 44759626
57643891 152956808
57643891 44757738
57643891 126191458
57643891 57650386
57643891 168908357
57643891 57643835
57643891 130229286
57643891 580964099
57643891 154940506
57643891 76895450
57643891 45216259
57643891 85978978
57643891 82636235
57643891 152921844
57643891 211180287
57643891 143603254
57643891 57652293
57643891 58446863
57643891 152580414
57643891 12264360
57643891 752096108
57643891 6229077
57643891 57648251
57643891 210198064
57643891 57649404
57643891 130374177
57643891 58160930
57643891 581977746
57643891 57650568
57643891 152578866
57643891 132191817
57643891 152800912
57643891 57644376
57643891 9626939
57643891 659078959
57643891 57649321
57643891 210263871
57643891 57648207
57643891 145456298
57643891 105853043
57643891 101699474
57643891 34346603
57643891 152817647
57643891 152728643
57643891 57644075
57643891 67638912
57643891 44753187
57589921 8505406
57589921 44759367
57589921 57648563
57589921 152883838
57589921 58157377
57589921 57643318
57589921 14349157
57589921 18695679
57589921 57643305
57589921 57647065
57589921 57643292
57589921 57650854
57589921 192453705
57589921 57644344
57589921 25024383
57589921 57646552
57589921 97087194
57589921 49578245
57589921 27990901
57589921 57647527
57589921 13276280
57589921 16350405
57589921 126191458
57589921 57643835
57589921 85978978
57589921 82636235
57589921 211180287
57589921 57652293
57589921 58446863
57589921 12264360
57589921 6229077
57589921 57649404
57589921 57643891
57589921 57650568
57589921 132191817
57589921 152800912
57589921 57644376
57589921 9626939
57589921 57649321
57589921 57648207
57589921 105853043
57589921 101699474
57589921 34346603
57589921 57644075
57589921 67638912
57589921 44753187
34346603 16350405
34346603 6229077
34346603 9626939
34346603 14349157
34346603 8505406
34346603 210191472
34346603 57643891
34346603 97087194
34346603 82636235
34346603 132191817
34346603 57644344
34346603 13276280
34346603 57643305
34346603 57647065
34346603 210263871
34346603 44759367
34346603 25024383
34346603 85978978
34346603 154940506
34346603 2547285
34346603 210253108
34346603 57646552
34346603 44757738
34346603 58160930
34346603 67857215
34346603 126191458
34346603 57643292
34346603 57649404
34346603 57649321
34346603 57643835
34346603 57643318
34346603 76895450
34346603 58446863
34346603 211180287
34346603 57589921
34346603 57650854
34346603 57648207
34346603 57650568
34346603 12264360
34346603 101699474
34346603 27990901
34346603 57649406
34346603 57648251
34346603 130374177
34346603 57648563
34346603 210198064
34346603 210192027
34346603 57652293
34346603 105853043
34346603 54310759
34346603 57645920
34346603 152578866
34346603 65284123
34346603 57644376
34346603 145456298
34346603 57644075
34346603 67638912
34346603 44753187
57652293 8505406
57652293 57589921
57652293 57649406
57652293 57643305
57652293 57650854
57652293 25024383
57652293 57647527
57652293 13276280
57652293 16350405
57652293 126191458
57652293 57643835
57652293 210192027
57652293 85978978
57652293 12264360
57652293 6229077
57652293 210198064
57652293 57643891
57652293 58160930
57652293 132191817
57652293 57648207
57652293 34346603
57652293 57644075
57652293 44753187
58446863 65284123
58446863 8505406
58446863 44759367
58446863 57589921
58446863 57649406
58446863 57648563
58446863 58157377
58446863 57643318
58446863 14349157
58446863 18695679
58446863 57643305
58446863 67857215
58446863 57645920
58446863 581019543
58446863 57647065
58446863 57643292
58446863 57650854
58446863 192453705
58446863 57644344
58446863 493171921
58446863 25024383
58446863 57646552
58446863 97087194
58446863 581102494
58446863 27990901
58446863 57647527
58446863 13276280
58446863 16350405
58446863 152956808
58446863 44757738
58446863 126191458
58446863 57650386
58446863 168908357
58446863 57643835
58446863 130229286
58446863 154940506
58446863 76895450
58446863 45216259
58446863 85978978
58446863 82636235
58446863 152921844
58446863 12264360
58446863 566556159
58446863 6229077
58446863 210198064
58446863 435723264
58446863 57649404
58446863 130374177
58446863 57643891
58446863 58160930
58446863 581977746
58446863 57650568
58446863 132191817
58446863 72544912
58446863 152800912
58446863 57644376
58446863 9626939
58446863 57649321
58446863 210263871
58446863 57648207
58446863 145456298
58446863 105853043
58446863 101699474
58446863 34346603
58446863 57644075
58446863 67638912
58446863 44753187
57650386 57649406
57650386 18695679
57650386 57643305
57650386 67857215
57650386 57650854
57650386 25024383
57650386 57646552
57650386 27990901
57650386 13276280
57650386 16350405
57650386 57643835
57650386 130229286
57650386 82636235
57650386 152921844
57650386 58446863
57650386 12264360
57650386 6229077
57650386 57643891
57650386 44753187
132191817 67857215
132191817 57643891
132191817 13276280
132191817 57644344
132191817 57589921
132191817 57643305
132191817 14349157
132191817 82636235
132191817 18695679
132191817 57647065
132191817 27990901
132191817 85978978
132191817 44759367
132191817 126191458
132191817 76895450
132191817 57649404
132191817 44757738
132191817 16350405
132191817 8505406
132191817 57646552
132191817 58160930
132191817 57643292
132191817 154940506
132191817 211180287
132191817 57648563
132191817 57643835
132191817 57643318
132191817 130374177
132191817 57650854
132191817 57650568
132191817 152921844
132191817 49578245
132191817 130229286
132191817 58157377
132191817 44759626
132191817 12264360
132191817 57648251
132191817 25024383
132191817 6229077
132191817 152883838
132191817 97087194
132191817 58446863
132191817 582569017
132191817 566556159
132191817 57605527
132191817 168908357
132191817 57647527
132191817 210191472
132191817 57649406
132191817 152834821
132191817 65284123
132191817 45216259
132191817 152956808
132191817 57652293
132191817 210198064
132191817 57645920
132191817 192453705
132191817 2547285
132191817 152578866
132191817 581019543
132191817 581102494
132191817 152800912
132191817 57644376
132191817 9626939
132191817 57649321
132191817 210263871
132191817 57648207
132191817 145456298
132191817 105853043
132191817 101699474
132191817 34346603
132191817 152817647
132191817 152728643
132191817 57644075
132191817 67638912
132191817 44753187
152578866 752096108
152578866 44759367
152578866 57647527
152578866 44757738
152578866 57643305
152578866 18695679
152578866 57645920
152578866 16350405
152578866 25024383
152578866 57649406
152578866 6229077
152578866 57647065
152578866 57649404
152578866 57646552
152578866 57605527
152578866 13276280
152578866 8505406
152578866 57643891
152578866 57644344
152578866 57643835
152578866 132191817
152578866 152800912
152578866 57644376
152578866 57648207
152578866 34346603
152578866 57644075
57643305 65284123
57643305 8505406
57643305 44759367
57643305 57589921
57643305 57649406
57643305 57648563
57643305 210191472
57643305 152883838
57643305 58157377
57643305 57643318
57643305 14349157
57643305 18695679
57643305 67857215
57643305 57645920
57643305 57647065
57643305 57643292
57643305 210253108
57643305 57650854
57643305 54310759
57643305 57644344
57643305 25024383
57643305 57646552
57643305 57605527
57643305 97087194
57643305 49578245
57643305 27990901
57643305 57647527
57643305 13276280
57643305 16350405
57643305 44759626
57643305 152956808
57643305 44757738
57643305 126191458
57643305 57650386
57643305 57643835
57643305 130229286
57643305 154940506
57643305 76895450
57643305 85978978
57643305 82636235
57643305 152921844
57643305 211180287
57643305 57652293
57643305 58446863
57643305 12264360
57643305 152578866
57643305 6229077
57643305 57648251
57643305 210198064
57643305 57649404
57643305 130374177
57643305 57643891
57643305 58160930
57643305 152834821
57643305 57650568
57643305 132191817
57643305 152800912
57643305 57644376
57643305 9626939
57643305 57649321
57643305 210263871
57643305 57648207
57643305 105853043
57643305 101699474
57643305 34346603
57643305 57644075
57643305 67638912
57643305 44753187
57643292 65284123
57643292 8505406
57643292 44759367
57643292 57589921
57643292 57649406
57643292 57648563
57643292 210191472
57643292 152883838
57643292 57643318
57643292 14349157
57643292 18695679
57643292 57643305
57643292 57645920
57643292 581019543
57643292 57647065
57643292 57650854
57643292 54310759
57643292 192453705
57643292 57644344
57643292 493171921
57643292 25024383
57643292 57646552
57643292 97087194
57643292 49578245
57643292 27990901
57643292 57647527
57643292 13276280
57643292 16350405
57643292 44759626
57643292 152956808
57643292 44757738
57643292 126191458
57643292 57643835
57643292 154940506
57643292 85978978
57643292 82636235
57643292 211180287
57643292 58446863
57643292 12264360
57643292 6229077
57643292 57648251
57643292 210198064
57643292 57649404
57643292 57643891
57643292 58160930
57643292 57650568
57643292 132191817
57643292 152800912
57643292 57644376
57643292 9626939
57643292 57649321
57643292 57648207
57643292 145456298
57643292 105853043
57643292 101699474
57643292 34346603
57643292 57644075
57643292 67638912
57643292 44753187
57605527 14349157
57605527 57643305
57605527 57644344
57605527 25024383
57605527 57647527
57605527 13276280
57605527 57643835
57605527 85978978
57605527 82636235
57605527 57643891
57605527 152578866
57605527 132191817
57605527 34346603
57643835 582569017
57643835 65284123
57643835 8505406
57643835 44759367
57643835 57589921
57643835 57649406
57643835 57648563
57643835 152883838
57643835 58157377
57643835 57643318
57643835 14349157
57643835 57643305
57643835 581019543
57643835 57647065
57643835 57643292
57643835 57650854
57643835 192453705
57643835 57644344
57643835 493171921
57643835 57646552
57643835 57605527
57643835 97087194
57643835 49578245
57643835 57647527
57643835 16350405
57643835 152956808
57643835 44757738
57643835 126191458
57643835 57650386
57643835 154940506
57643835 45216259
57643835 85978978
57643835 82636235
57643835 211180287
57643835 143603254
57643835 57652293
57643835 58446863
57643835 152580414
57643835 12264360
57643835 752096108
57643835 435723264
57643835 57649404
57643835 130374177
57643835 57643891
57643835 58160930
57643835 18695679
57643835 67857215
57643835 57645920
57643835 6229077
57643835 210198064
57643835 25024383
57643835 27990901
57643835 13276280
57643835 57650568
57643835 152578866
57643835 132191817
57643835 152800912
57643835 57644376
57643835 9626939
57643835 57649321
57643835 57648207
57643835 145456298
57643835 105853043
57643835 101699474
57643835 34346603
57643835 57644075
57643835 67638912
57643835 44753187
13276280 582569017
13276280 65284123
13276280 8505406
13276280 44759367
13276280 57589921
13276280 57649406
13276280 57648563
13276280 152883838
13276280 57643318
13276280 14349157
13276280 57643305
13276280 581019543
13276280 57647065
13276280 57643292
13276280 57650854
13276280 192453705
13276280 57644344
13276280 493171921
13276280 57646552
13276280 57605527
13276280 97087194
13276280 581102494
13276280 49578245
13276280 57647527
13276280 16350405
13276280 44759626
13276280 152956808
13276280 44757738
13276280 126191458
13276280 57650386
13276280 130229286
13276280 580964099
13276280 85978978
13276280 82636235
13276280 152921844
13276280 57652293
13276280 58446863
13276280 152580414
13276280 12264360
13276280 435723264
13276280 57649404
13276280 57643891
13276280 58160930
13276280 18695679
13276280 67857215
13276280 57645920
13276280 57643835
13276280 6229077
13276280 210198064
13276280 25024383
13276280 27990901
13276280 57650568
13276280 152578866
13276280 132191817
13276280 72544912
13276280 152800912
13276280 57644376
13276280 9626939
13276280 57649321
13276280 210263871
13276280 57648207
13276280 145456298
13276280 105853043
13276280 101699474
13276280 34346603
13276280 57644075
13276280 67638912
13276280 44753187
210191472 2547285
210191472 44759367
210191472 14349157
210191472 57643305
210191472 67857215
210191472 57647065
210191472 57643292
210191472 57644344
210191472 57646552
210191472 16350405
210191472 126191458
210191472 85978978
210191472 12264360
210191472 6229077
210191472 57643891
210191472 132191817
210191472 9626939
210191472 34346603
210191472 57644075
210191472 67638912
210253108 44759367
210253108 14349157
210253108 57643305
210253108 57647065
210253108 16350405
210253108 57643891
210253108 34346603
210253108 67638912
58157377 44759367
58157377 57589921
58157377 14349157
58157377 57643305
58157377 57647065
58157377 57644344
58157377 25024383
58157377 57646552
58157377 16350405
58157377 126191458
58157377 57643835
58157377 85978978
58157377 58446863
58157377 57649404
58157377 57643891
58157377 132191817
58157377 145456298
58157377 152817647
58157377 57644075
58157377 44753187
152800912 13276280
152800912 57643835
152800912 18695679
152800912 132191817
152800912 85978978
152800912 67857215
152800912 57643305
152800912 126191458
152800912 57647065
152800912 16350405
152800912 57646552
152800912 44757738
152800912 57643292
152800912 27990901
152800912 57649404
152800912 12264360
152800912 57643891
152800912 57644344
152800912 57589921
152800912 57647527
152800912 152578866
152800912 6229077
152800912 57649406
152800912 57645920
152800912 82636235
152800912 25024383
152800912 76895450
152800912 8505406
152800912 58160930
152800912 210198064
152800912 581102494
152800912 58446863
152800912 57649321
152800912 57648207
152800912 105853043
152800912 34346603
152800912 57644075
152800912 44753187
152956808 8505406
152956808 44759367
152956808 57649406
152956808 152883838
152956808 14349157
152956808 57643305
152956808 57643292
152956808 57644344
152956808 25024383
152956808 57646552
152956808 13276280
152956808 44759626
152956808 126191458
152956808 57643835
152956808 58446863
152956808 57648251
152956808 57643891
152956808 132191817
152956808 57644376
152956808 210263871
152956808 44753187
82636235 8505406
82636235 57589921
82636235 57649406
82636235 14349157
82636235 18695679
82636235 57643305
82636235 57645920
82636235 57647065
82636235 57643292
82636235 57644344
82636235 25024383
82636235 57646552
82636235 57605527
82636235 27990901
82636235 57647527
82636235 13276280
82636235 16350405
82636235 44757738
82636235 126191458
82636235 57650386
82636235 57643835
82636235 85978978
82636235 152921844
82636235 58446863
82636235 12264360
82636235 57649404
82636235 57643891
82636235 57650568
82636235 132191817
82636235 152800912
82636235 57644376
82636235 9626939
82636235 57649321
82636235 210263871
82636235 57648207
82636235 105853043
82636235 101699474
82636235 34346603
82636235 57644075
82636235 67638912
82636235 44753187
130229286 57643305
130229286 67857215
130229286 57647065
130229286 13276280
130229286 16350405
130229286 126191458
130229286 85978978
130229286 58446863
130229286 12264360
130229286 6229077
130229286 57643891
130229286 58160930
130229286 132191817
130229286 145456298
130229286 34346603
435723264 8505406
435723264 57645920
435723264 57644344
435723264 27990901
435723264 13276280
435723264 57643835
435723264 58446863
435723264 58160930
435723264 132191817
435723264 44753187
435723264 152817647
581977746 57649406
581977746 14349157
581977746 57644344
581977746 57646552
581977746 85978978
581977746 58446863
581977746 57643891
581977746 145456298
57644376 82636235
57644376 85978978
57644376 132191817
57644376 18695679
57644376 13276280
57644376 126191458
57644376 14349157
57644376 57643305
57644376 44759367
57644376 57647065
57644376 57589921
57644376 57649404
57644376 67857215
57644376 130374177
57644376 57643891
57644376 57648251
57644376 8505406
57644376 154940506
57644376 57646552
57644376 57643292
57644376 25024383
57644376 58160930
57644376 44759626
57644376 57648563
57644376 57649406
57644376 57644344
57644376 57647527
57644376 97087194
57644376 16350405
57644376 12264360
57644376 6229077
57644376 581977746
57644376 210198064
57644376 152800912
57644376 57643318
57644376 58446863
57644376 27990901
57644376 57650568
57644376 57643835
57644376 152840131
57644376 44757738
57644376 581019543
57644376 152956808
57644376 57649321
57644376 210263871
57644376 57648207
57644376 105853043
57644376 101699474
57644376 34346603
57644376 152817647
57644376 57644075
57644376 67638912
57644376 44753187
57643318 8505406
57643318 44759367
57643318 57589921
57643318 57649406
57643318 57648563
57643318 14349157
57643318 18695679
57643318 57643305
57643318 67857215
57643318 57647065
57643318 57643292
57643318 57650854
57643318 57644344
57643318 25024383
57643318 57646552
57643318 97087194
57643318 49578245
57643318 27990901
57643318 57647527
57643318 13276280
57643318 16350405
57643318 44759626
57643318 126191458
57643318 57643835
57643318 154940506
57643318 76895450
57643318 85978978
57643318 152921844
57643318 143603254
57643318 58446863
57643318 12264360
57643318 566556159
57643318 57649404
57643318 57643891
57643318 57650568
57643318 132191817
57643318 57644376
57643318 9626939
57643318 57649321
57643318 57648207
57643318 101699474
57643318 34346603
57643318 152817647
57643318 57644075
57643318 67638912
57643318 44753187
14349157 2547285
14349157 65284123
14349157 8505406
14349157 44759367
14349157 57589921
14349157 57649406
14349157 57648563
14349157 210191472
14349157 152840131
14349157 152883838
14349157 58157377
14349157 57643318
14349157 18695679
14349157 57643305
14349157 67857215
14349157 57645920
14349157 581019543
14349157 57643292
14349157 210253108
14349157 192453705
14349157 57644344
14349157 25024383
14349157 57646552
14349157 57605527
14349157 581102494
14349157 49578245
14349157 27990901
14349157 57647527
14349157 13276280
14349157 16350405
14349157 44759626
14349157 152956808
14349157 44757738
14349157 126191458
14349157 57643835
14349157 154940506
14349157 76895450
14349157 210192027
14349157 582049370
14349157 45216259
14349157 85978978
14349157 82636235
14349157 152921844
14349157 211180287
14349157 58446863
14349157 152580414
14349157 12264360
14349157 566556159
14349157 6229077
14349157 57649404
14349157 130374177
14349157 57643891
14349157 58160930
14349157 152834821
14349157 581977746
14349157 57650568
14349157 132191817
14349157 57644376
14349157 9626939
14349157 659078959
14349157 57649321
14349157 210263871
14349157 57648207
14349157 145456298
14349157 105853043
14349157 34346603
14349157 57644075
14349157 67638912
14349157 44753187
18695679 582569017
18695679 2547285
18695679 65284123
18695679 44759367
18695679 57589921
18695679 57649406
18695679 57648563
18695679 152883838
18695679 57643318
18695679 14349157
18695679 57643305
18695679 57647065
18695679 57643292
18695679 57650854
18695679 54310759
18695679 57644344
18695679 493171921
18695679 57646552
18695679 97087194
18695679 49578245
18695679 57647527
18695679 16350405
18695679 44759626
18695679 44757738
18695679 126191458
18695679 57650386
18695679 85978978
18695679 82636235
18695679 211180287
18695679 58446863
18695679 12264360
18695679 57649404
18695679 57643891
18695679 58160930
18695679 8505406
18695679 130374177
18695679 67857215
18695679 57645920
18695679 57643835
18695679 6229077
18695679 210198064
18695679 25024383
18695679 27990901
18695679 13276280
18695679 57650568
18695679 152578866
18695679 132191817
18695679 152800912
18695679 57644376
18695679 9626939
18695679 57649321
18695679 210263871
18695679 57648207
18695679 145456298
18695679 105853043
18695679 101699474
18695679 152728643
18695679 57644075
18695679 67638912
18695679 44753187
152921844 44759367
152921844 57643318
152921844 14349157
152921844 57643305
152921844 67857215
152921844 57647065
152921844 57644344
152921844 57646552
152921844 27990901
152921844 13276280
152921844 16350405
152921844 44757738
152921844 126191458
152921844 85978978
152921844 82636235
152921844 58446863
152921844 12264360
152921844 6229077
152921844 57648251
152921844 57649404
152921844 57643891
152921844 132191817
152921844 57644376
152921844 9626939
152921844 105853043
152921844 101699474
152921844 34346603
152921844 57644075
152921844 67638912
152921844 44753187
566556159 57643318
566556159 14349157
566556159 57645920
566556159 57647065
566556159 57644344
566556159 57646552
566556159 27990901
566556159 85978978
566556159 58446863
566556159 6229077
566556159 132191817
97087194 44759367
97087194 57589921
97087194 57649406
97087194 57648563
97087194 57643318
97087194 18695679
97087194 57643305
97087194 67857215
97087194 57645920
97087194 57647065
97087194 57643292
97087194 57644344
97087194 25024383
97087194 101699474
97087194 57646552
97087194 57605527
97087194 27990901
97087194 57647527
97087194 13276280
97087194 16350405
97087194 126191458
97087194 168908357
97087194 57643835
97087194 85978978
97087194 58446863
97087194 12264360
97087194 6229077
97087194 210198064
97087194 57648207
97087194 57643891
97087194 57649321
97087194 581977746
97087194 132191817
97087194 57644376
97087194 34346603
97087194 57644075
132448112 57646552
9626939 57647065
9626939 27990901
9626939 44759367
9626939 16350405
9626939 57643891
9626939 57644344
9626939 57643305
9626939 25024383
9626939 132191817
9626939 67857215
9626939 18695679
9626939 13276280
9626939 85978978
9626939 57649404
9626939 14349157
9626939 57646552
9626939 57643835
9626939 126191458
9626939 57648563
9626939 57643292
9626939 44757738
9626939 57643318
9626939 57589921
9626939 154940506
9626939 8505406
9626939 211180287
9626939 210191472
9626939 58446863
9626939 49578245
9626939 6229077
9626939 152883838
9626939 57650568
9626939 152921844
9626939 57650854
9626939 82636235
9626939 57649406
9626939 12264360
9626939 44759626
9626939 45216259
9626939 57647527
9626939 581019543
9626939 57649321
9626939 210263871
9626939 57648207
9626939 101699474
9626939 34346603
9626939 57644075
9626939 67638912
9626939 44753187
12264360 582569017
12264360 65284123
12264360 8505406
12264360 44759367
12264360 57589921
12264360 57649406
12264360 57648563
12264360 210191472
12264360 57643318
12264360 14349157
12264360 18695679
12264360 57643305
12264360 57645920
12264360 57647065
12264360 57643292
12264360 57650854
12264360 192453705
12264360 57644344
12264360 493171921
12264360 25024383
12264360 57646552
12264360 97087194
12264360 581102494
12264360 49578245
12264360 27990901
12264360 57647527
12264360 13276280
12264360 16350405
12264360 44759626
12264360 44757738
12264360 126191458
12264360 57650386
12264360 57643835
12264360 130229286
12264360 154940506
12264360 76895450
12264360 210192027
12264360 45216259
12264360 85978978
12264360 82636235
12264360 152921844
12264360 211180287
12264360 143603254
12264360 57652293
12264360 58446863
12264360 152580414
12264360 752096108
12264360 6229077
12264360 57648251
12264360 210198064
12264360 57649404
12264360 130374177
12264360 57643891
12264360 58160930
12264360 152834821
12264360 57650568
12264360 132191817
12264360 72544912
12264360 152800912
12264360 57644376
12264360 9626939
12264360 659078959
12264360 57649321
12264360 210263871
12264360 57648207
12264360 145456298
12264360 105853043
12264360 101699474
12264360 34346603
12264360 152728643
12264360 57644075
12264360 67638912
12264360 44753187
659078959 57647527
659078959 57643891
659078959 57647065
659078959 14349157
659078959 12264360
659078959 493171921
659078959 145456298
25024383 65284123
25024383 8505406
25024383 44759367
25024383 57589921
25024383 57649406
25024383 57648563
25024383 58157377
25024383 57643318
25024383 14349157
25024383 57643305
25024383 581019543
25024383 57647065
25024383 57643292
25024383 57650854
25024383 57644344
25024383 493171921
25024383 57646552
25024383 57605527
25024383 97087194
25024383 49578245
25024383 57647527
25024383 16350405
25024383 152956808
25024383 126191458
25024383 57650386
25024383 154940506
25024383 210192027
25024383 85978978
25024383 82636235
25024383 143603254
25024383 57652293
25024383 58446863
25024383 12264360
25024383 752096108
25024383 57648251
25024383 57649404
25024383 57643891
25024383 58160930
25024383 18695679
25024383 57645920
25024383 57643835
25024383 6229077
25024383 210198064
25024383 27990901
25024383 13276280
25024383 57650568
25024383 152578866
25024383 132191817
25024383 152800912
25024383 57644376
25024383 9626939
25024383 57649321
25024383 210263871
25024383 57648207
25024383 145456298
25024383 105853043
25024383 101699474
25024383 34346603
25024383 57644075
25024383 67638912
25024383 44753187
143603254 8505406
143603254 57643318
143603254 57650854
143603254 25024383
143603254 57646552
143603254 57605527
143603254 49578245
143603254 27990901
143603254 16350405
143603254 126191458
143603254 57643835
143603254 12264360
143603254 210198064
143603254 57643891
143603254 581977746
143603254 57648207
143603254 34346603
493171921 65284123
493171921 8505406
493171921 44759367
493171921 57649406
493171921 18695679
493171921 57643292
493171921 54310759
493171921 57644344
493171921 25024383
493171921 57646552
493171921 57647527
493171921 13276280
493171921 126191458
493171921 57643835
493171921 58446863
493171921 12264360
493171921 6229077
493171921 210198064
493171921 58160930
493171921 57644376
493171921 659078959
493171921 105853043
493171921 152817647
493171921 57644075
210263871 16350405
210263871 85978978
210263871 126191458
210263871 57647065
210263871 57643891
210263871 57644344
210263871 57643305
210263871 44759367
210263871 13276280
210263871 57644376
210263871 8505406
210263871 152956808
210263871 132191817
210263871 12264360
210263871 57646552
210263871 9626939
210263871 14349157
210263871 67857215
210263871 82636235
210263871 25024383
210263871 58446863
210263871 18695679
210263871 57648207
210263871 34346603
210263871 57644075
210263871 67638912
210263871 44753187
211180287 44759367
211180287 57589921
211180287 57649406
211180287 57648563
211180287 14349157
211180287 18695679
211180287 57643305
211180287 57647065
211180287 57643292
211180287 57644344
211180287 27990901
211180287 57647527
211180287 16350405
211180287 126191458
211180287 57643835
211180287 85978978
211180287 57643891
211180287 9626939
211180287 145456298
211180287 34346603
211180287 44753187
211180287 67638912
16350405 582569017
16350405 2547285
16350405 65284123
16350405 8505406
16350405 44759367
16350405 57589921
16350405 57649406
16350405 57648563
16350405 210191472
16350405 152883838
16350405 58157377
16350405 57643318
16350405 14349157
16350405 18695679
16350405 57643305
16350405 67857215
16350405 57645920
16350405 581019543
16350405 57647065
16350405 57643292
16350405 210253108
16350405 57650854
16350405 54310759
16350405 57644344
16350405 25024383
16350405 57646552
16350405 97087194
16350405 581102494
16350405 49578245
16350405 27990901
16350405 57647527
16350405 13276280
16350405 152956808
16350405 44757738
16350405 126191458
16350405 57650386
16350405 168908357
16350405 57643835
16350405 130229286
16350405 154940506
16350405 76895450
16350405 85978978
16350405 82636235
16350405 152921844
16350405 211180287
16350405 58446863
16350405 12264360
16350405 752096108
16350405 566556159
16350405 6229077
16350405 57648251
16350405 210198064
16350405 57649404
16350405 130374177
16350405 57643891
16350405 58160930
16350405 152834821
16350405 57650568
16350405 152578866
16350405 132191817
16350405 152800912
16350405 57644376
16350405 9626939
16350405 57649321
16350405 210263871
16350405 57648207
16350405 145456298
16350405 105853043
16350405 101699474
16350405 34346603
16350405 152817647
16350405 57644075
16350405 67638912
16350405 44753187
6229077 582569017
6229077 65284123
6229077 8505406
6229077 44759367
6229077 57589921
6229077 57649406
6229077 57648563
6229077 210191472
6229077 152840131
6229077 14349157
6229077 57643305
6229077 581019543
6229077 57647065
6229077 57643292
6229077 57650854
6229077 192453705
6229077 57644344
6229077 493171921
6229077 57646552
6229077 57605527
6229077 97087194
6229077 57647527
6229077 16350405
6229077 44759626
6229077 44757738
6229077 126191458
6229077 57650386
6229077 130229286
6229077 154940506
6229077 210192027
6229077 45216259
6229077 85978978
6229077 152921844
6229077 57652293
6229077 58446863
6229077 152580414
6229077 12264360
6229077 566556159
6229077 57648251
6229077 57649404
6229077 130374177
6229077 57643891
6229077 58160930
6229077 18695679
6229077 67857215
6229077 57645920
6229077 57643835
6229077 210198064
6229077 25024383
6229077 76895450
6229077 27990901
6229077 13276280
6229077 57650568
6229077 152578866
6229077 132191817
6229077 152800912
6229077 57644376
6229077 9626939
6229077 57649321
6229077 57648207
6229077 145456298
6229077 105853043
6229077 101699474
6229077 34346603
6229077 57644075
6229077 67638912
6229077 44753187
101699474 57643891
101699474 132191817
101699474 25024383
101699474 57647527
101699474 57643305
101699474 57643292
101699474 57649404
101699474 9626939
101699474 12264360
101699474 85978978
101699474 57649321
101699474 57647065
101699474 57644376
101699474 27990901
101699474 18695679
101699474 8505406
101699474 16350405
101699474 65284123
101699474 6229077
101699474 44757738
101699474 82636235
101699474 58160930
101699474 57643835
101699474 58446863
101699474 57649406
101699474 45216259
101699474 57589921
101699474 13276280
101699474 44759367
101699474 57646552
101699474 57650568
101699474 67857215
101699474 57648207
101699474 57648563
101699474 126191458
101699474 57650854
101699474 152921844
101699474 105853043
101699474 57644344
101699474 145456298
101699474 152580414
101699474 57645920
101699474 581019543
101699474 57643318
101699474 210198064
101699474 34346603
101699474 57644075
101699474 67638912
101699474 44753187
67638912 27990901
67638912 13276280
67638912 57647065
67638912 85978978
67638912 57644344
67638912 34346603
67638912 18695679
67638912 132191817
67638912 14349157
67638912 57643891
67638912 16350405
67638912 44759367
67638912 72544912
67638912 82636235
67638912 67857215
67638912 57646552
67638912 57649404
67638912 210263871
67638912 58160930
67638912 25024383
67638912 126191458
67638912 130374177
67638912 57643835
67638912 57643292
67638912 57643305
67638912 6229077
67638912 57644075
67638912 57648563
67638912 9626939
67638912 57589921
67638912 210191472
67638912 58446863
67638912 76895450
67638912 57643318
67638912 210253108
67638912 57650854
67638912 211180287
67638912 154940506
67638912 44757738
67638912 8505406
67638912 152921844
67638912 57649321
67638912 192453705
67638912 57648207
67638912 57644376
67638912 101699474
67638912 105853043
67638912 12264360
67638912 57648251
67638912 57647527
67638912 145456298
67638912 44753187
65284123 44759367
65284123 57649406
65284123 14349157
65284123 18695679
65284123 57643305
65284123 57645920
65284123 57643292
65284123 57650854
65284123 57644344
65284123 493171921
65284123 25024383
65284123 57646552
65284123 27990901
65284123 57647527
65284123 13276280
65284123 16350405
65284123 126191458
65284123 57643835
65284123 58446863
65284123 12264360
65284123 6229077
65284123 210198064
65284123 57643891
65284123 58160930
65284123 132191817
65284123 57648207
65284123 101699474
65284123 34346603
152728643 18695679
152728643 57644344
152728643 12264360
152728643 44759367
152728643 27990901
152728643 57649404
152728643 57643891
152728643 57648207
152728643 132191817
152817647 57643891
152817647 145456298
152817647 85978978
152817647 58157377
152817647 126191458
152817647 132191817
152817647 57648207
152817647 27990901
152817647 57644376
152817647 57644344
152817647 57643318
152817647 435723264
152817647 57649404
152817647 57647527
152817647 16350405
152817647 57649321
152817647 8505406
152817647 67638912
152817647 44753187
57646552 582569017
57646552 2547285
57646552 65284123
57646552 8505406
57646552 44759367
57646552 57589921
57646552 57649406
57646552 57648563
57646552 210191472
57646552 152840131
57646552 152883838
57646552 58157377
57646552 57643318
57646552 14349157
57646552 18695679
57646552 57643305
57646552 67857215
57646552 57645920
57646552 581019543
57646552 57647065
57646552 57643292
57646552 57650854
57646552 54310759
57646552 192453705
57646552 57644344
57646552 493171921
57646552 25024383
57646552 97087194
57646552 49578245
57646552 27990901
57646552 57647527
57646552 13276280
57646552 16350405
57646552 44759626
57646552 152956808
57646552 126191458
57646552 57650386
57646552 57643835
57646552 154940506
57646552 76895450
57646552 210192027
57646552 132448112
57646552 45216259
57646552 85978978
57646552 82636235
57646552 152921844
57646552 211180287
57646552 143603254
57646552 58446863
57646552 12264360
57646552 752096108
57646552 566556159
57646552 6229077
57646552 57648251
57646552 210198064
57646552 57649404
57646552 130374177
57646552 57643891
57646552 152834821
57646552 581977746
57646552 57650568
57646552 152578866
57646552 132191817
57646552 152800912
57646552 57644376
57646552 9626939
57646552 57649321
57646552 210263871
57646552 57648207
57646552 145456298
57646552 105853043
57646552 101699474
57646552 34346603
57646552 57644075
57646552 67638912
57646552 44753187
2547285 57649406
2547285 210191472
2547285 14349157
2547285 18695679
2547285 57646552
2547285 27990901
2547285 16350405
2547285 126191458
2547285 85978978
2547285 132191817
2547285 145456298
2547285 34346603
76895450 14349157
76895450 57643305
76895450 57647065
76895450 57644344
76895450 57646552
76895450 16350405
76895450 85978978
76895450 58446863
76895450 12264360
76895450 57643891
76895450 6229077
76895450 210198064
76895450 132191817
76895450 152800912
76895450 57648207
76895450 101699474
76895450 34346603
76895450 67638912
581102494 57649406
581102494 14349157
581102494 57643305
581102494 57650854
581102494 57644344
581102494 27990901
581102494 57647527
581102494 13276280
581102494 16350405
581102494 126191458
581102494 58446863
581102494 12264360
581102494 57648251
581102494 57643891
581102494 58160930
581102494 132191817
581102494 152800912
581102494 145456298
581102494 105853043
581102494 44753187
57644075 44759367
57644075 132191817
57644075 34346603
57644075 14349157
57644075 57643835
57644075 57647065
57644075 57644376
57644075 85978978
57644075 57646552
57644075 9626939
57644075 57643891
57644075 57589921
57644075 58157377
57644075 57643292
57644075 16350405
57644075 57643305
57644075 210263871
57644075 27990901
57644075 57643318
57644075 126191458
57644075 82636235
57644075 57644344
57644075 49578245
57644075 210191472
57644075 8505406
57644075 154940506
57644075 13276280
57644075 57650854
57644075 152921844
57644075 18695679
57644075 57649404
57644075 25024383
57644075 58446863
57644075 57650568
57644075 67857215
57644075 57648563
57644075 152800912
57644075 57647527
57644075 44759626
57644075 12264360
57644075 57648207
57644075 97087194
57644075 57649321
57644075 57645920
57644075 44757738
57644075 101699474
57644075 145456298
57644075 210198064
57644075 105853043
57644075 6229077
57644075 57652293
57644075 58160930
57644075 752096108
57644075 45216259
57644075 152834821
57644075 493171921
57644075 152578866
57644075 581019543
57644075 67638912
57644075 44753187
130374177 44759367
130374177 14349157
130374177 57643305
130374177 57647065
130374177 57644344
130374177 57646552
130374177 27990901
130374177 57647527
130374177 16350405
130374177 126191458
130374177 57643835
130374177 85978978
130374177 58446863
130374177 12264360
130374177 6229077
130374177 57643891
130374177 18695679
130374177 67857215
130374177 57644376
130374177 34346603
130374177 67638912
130374177 44753187
44759367 65284123
44759367 8505406
44759367 57589921
44759367 57649406
44759367 57648563
44759367 210191472
44759367 152883838
44759367 58157377
44759367 57643318
44759367 14349157
44759367 18695679
44759367 57643305
44759367 57645920
44759367 57647065
44759367 57643292
44759367 210253108
44759367 57650854
44759367 57644344
44759367 493171921
44759367 25024383
44759367 57646552
44759367 97087194
44759367 27990901
44759367 57647527
44759367 13276280
44759367 16350405
44759367 152956808
44759367 44757738
44759367 126191458
44759367 168908357
44759367 57643835
44759367 210192027
44759367 85978978
44759367 211180287
44759367 58446863
44759367 12264360
44759367 752096108
44759367 6229077
44759367 210198064
44759367 57649404
44759367 130374177
44759367 57643891
44759367 58160930
44759367 57650568
44759367 132191817
44759367 72544912
44759367 57644376
44759367 9626939
44759367 57649321
44759367 210263871
44759367 57648207
44759367 145456298
44759367 105853043
44759367 101699474
44759367 34346603
44759367 152728643
44759367 57644075
44759367 67638912
44759367 44753187
126191458 2547285
126191458 65284123
126191458 8505406
126191458 44759367
126191458 57589921
126191458 57649406
126191458 57648563
126191458 210191472
126191458 58157377
126191458 57643318
126191458 14349157
126191458 18695679
126191458 57643305
126191458 67857215
126191458 57645920
126191458 57647065
126191458 57643292
126191458 57650854
126191458 57644344
126191458 493171921
126191458 25024383
126191458 57646552
126191458 57605527
126191458 97087194
126191458 581102494
126191458 49578245
126191458 27990901
126191458 57647527
126191458 13276280
126191458 16350405
126191458 152956808
126191458 44757738
126191458 57650386
126191458 168908357
126191458 57643835
126191458 130229286
126191458 580964099
126191458 154940506
126191458 85978978
126191458 82636235
126191458 152921844
126191458 211180287
126191458 57652293
126191458 58446863
126191458 12264360
126191458 566556159
126191458 6229077
126191458 57648251
126191458 210198064
126191458 57649404
126191458 57643891
126191458 58160930
126191458 152834821
126191458 57650568
126191458 132191817
126191458 152800912
126191458 57644376
126191458 9626939
126191458 57649321
126191458 210263871
126191458 57648207
126191458 105853043
126191458 101699474
126191458 34346603
126191458 152817647
126191458 57644075
126191458 67638912
126191458 44753187
72544912 13276280
72544912 130374177
72544912 67857215
72544912 85978978
72544912 12264360
72544912 44759367
72544912 57647065
72544912 8505406
72544912 58446863
72544912 67638912
72544912 44753187
49578245 57589921
49578245 57643318
49578245 14349157
49578245 18695679
49578245 57643305
49578245 57647065
49578245 57643292
49578245 25024383
49578245 57646552
49578245 27990901
49578245 57647527
49578245 13276280
49578245 126191458
49578245 57643835
49578245 85978978
49578245 143603254
49578245 12264360
49578245 57643891
49578245 132191817
49578245 9626939
49578245 34346603
49578245 57644075
49578245 67638912
49578245 44753187
210198064 65284123
210198064 8505406
210198064 44759367
210198064 57649406
210198064 57648563
210198064 57643305
210198064 581019543
210198064 57643292
210198064 57650854
210198064 57644344
210198064 493171921
210198064 57646552
210198064 57647527
210198064 16350405
210198064 126191458
210198064 210192027
210198064 143603254
210198064 57652293
210198064 58446863
210198064 12264360
210198064 57649404
210198064 57643891
210198064 58160930
210198064 18695679
210198064 57645920
210198064 57643835
210198064 6229077
210198064 25024383
210198064 76895450
210198064 27990901
210198064 13276280
210198064 132191817
210198064 152800912
210198064 57644376
210198064 57649321
210198064 57648207
210198064 145456298
210198064 105853043
210198064 101699474
210198064 34346603
210198064 57644075
210198064 44753187
582569017 18695679
582569017 57647065
582569017 57650854
582569017 57646552
582569017 13276280
582569017 16350405
582569017 57643835
582569017 12264360
582569017 6229077
582569017 57643891
582569017 132191817
582569017 44753187
58160930 65284123
58160930 8505406
58160930 44759367
58160930 57649406
58160930 14349157
58160930 18695679
58160930 57643305
58160930 57645920
58160930 581019543
58160930 57647065
58160930 57643292
58160930 57650854
58160930 57644344
58160930 493171921
58160930 25024383
58160930 581102494
58160930 27990901
58160930 57647527
58160930 13276280
58160930 16350405
58160930 126191458
58160930 57643835
58160930 130229286
58160930 85978978
58160930 57652293
58160930 58446863
58160930 12264360
58160930 6229077
58160930 210198064
58160930 435723264
58160930 57649404
58160930 57643891
58160930 132191817
58160930 152800912
58160930 57644376
58160930 57648207
58160930 145456298
58160930 105853043
58160930 101699474
58160930 34346603
58160930 57644075
58160930 67638912
58160930 44753187
580964099 13276280
580964099 16350405
580964099 126191458
580964099 57649404
105853043 14349157
105853043 44757738
105853043 57649321
105853043 57646552
105853043 57649404
105853043 12264360
105853043 57644344
105853043 57643305
105853043 57643835
105853043 57644376
105853043 25024383
105853043 13276280
105853043 126191458
105853043 57643891
105853043 210198064
105853043 57648207
105853043 152921844
105853043 57645920
105853043 58446863
105853043 57589921
105853043 8505406
105853043 57648563
105853043 57649406
105853043 16350405
105853043 82636235
105853043 493171921
105853043 6229077
105853043 57647527
105853043 58160930
105853043 57650854
105853043 44759367
105853043 45216259
105853043 145456298
105853043 57647065
105853043 132191817
105853043 192453705
105853043 27990901
105853043 152800912
105853043 581102494
105853043 18695679
105853043 101699474
105853043 34346603
105853043 57644075
105853043 67638912
105853043 44753187
45216259 8505406
45216259 44759367
45216259 57649406
45216259 57648563
45216259 210191472
45216259 14349157
45216259 57643305
45216259 67857215
45216259 57647065
45216259 57644344
45216259 57646552
45216259 27990901
45216259 16350405
45216259 44759626
45216259 44757738
45216259 126191458
45216259 57643835
45216259 130229286
45216259 85978978
45216259 58446863
45216259 152580414
45216259 12264360
45216259 6229077
45216259 57648251
45216259 57649404
45216259 57643891
45216259 152834821
45216259 581977746
45216259 132191817
45216259 152800912
45216259 57644376
45216259 9626939
45216259 105853043
45216259 101699474
45216259 34346603
45216259 57644075
45216259 67638912
57650568 85978978
57650568 57647065
57650568 126191458
57650568 67857215
57650568 57643835
57650568 44759367
57650568 57589921
57650568 57643305
57650568 16350405
57650568 57643292
57650568 57649404
57650568 57605527
57650568 18695679
57650568 57644344
57650568 168908357
57650568 12264360
57650568 13276280
57650568 57643891
57650568 57648251
57650568 57645920
57650568 57649406
57650568 6229077
57650568 58446863
57650568 14349157
57650568 57650854
57650568 57647527
57650568 82636235
57650568 132191817
57650568 57644376
57650568 9626939
57650568 57649321
57650568 57648207
57650568 101699474
57650568 34346603
57650568 57644075
57650568 67638912
57650568 44753187
57647065 582569017
57647065 8505406
57647065 44759367
57647065 57589921
57647065 57649406
57647065 57648563
57647065 210191472
57647065 152840131
57647065 152883838
57647065 58157377
57647065 57643318
57647065 18695679
57647065 57643305
57647065 67857215
57647065 581019543
57647065 57643292
57647065 210253108
57647065 57650854
57647065 54310759
57647065 192453705
57647065 57644344
57647065 25024383
57647065 57646552
57647065 97087194
57647065 49578245
57647065 57647527
57647065 13276280
57647065 16350405
57647065 44759626
57647065 44757738
57647065 126191458
57647065 57643835
57647065 130229286
57647065 76895450
57647065 45216259
57647065 85978978
57647065 82636235
57647065 152921844
57647065 211180287
57647065 58446863
57647065 152580414
57647065 12264360
57647065 752096108
57647065 566556159
57647065 6229077
57647065 57648251
57647065 57649404
57647065 130374177
57647065 57643891
57647065 58160930
57647065 152834821
57647065 581977746
57647065 57650568
57647065 132191817
57647065 72544912
57647065 152800912
57647065 57644376
57647065 9626939
57647065 659078959
57647065 57649321
57647065 210263871
57647065 57648207
57647065 105853043
57647065 101699474
57647065 34346603
57647065 57644075
57647065 67638912
57647065 44753187
210192027 44759367
210192027 57648563
210192027 14349157
210192027 57643305
210192027 67857215
210192027 57645920
210192027 57647065
210192027 57644344
210192027 25024383
210192027 57646552
210192027 57647527
210192027 16350405
210192027 85978978
210192027 57652293
210192027 12264360
210192027 6229077
210192027 210198064
210192027 34346603
210192027 44753187
145456298 58160930
145456298 27990901
145456298 57649404
145456298 57648207
145456298 132191817
145456298 12264360
145456298 25024383
145456298 6229077
145456298 8505406
145456298 13276280
145456298 210198064
145456298 211180287
145456298 57649406
145456298 58446863
145456298 57643835
145456298 57644344
145456298 581977746
145456298 57644376
145456298 16350405
145456298 2547285
145456298 152834821
145456298 57650568
145456298 58157377
145456298 57649321
145456298 44759367
145456298 659078959
145456298 14349157
145456298 130374177
145456298 581019543
145456298 18695679
145456298 57646552
145456298 57643891
145456298 192453705
145456298 168908357
145456298 54310759
145456298 581102494
145456298 57643292
145456298 105853043
145456298 101699474
145456298 34346603
145456298 152817647
145456298 57644075
145456298 67638912
145456298 44753187
54310759 57649406
54310759 18695679
54310759 57643305
54310759 57647065
54310759 57643292
54310759 57646552
54310759 16350405
54310759 57643891
54310759 57649321
54310759 57648207
54310759 44753187
582049370 14349157
168908357 44759367
168908357 16350405
168908357 58446863
168908357 57643891
168908357 145456298
57649404 8505406
57649404 44759367
57649404 57589921
57649404 57649406
57649404 57648563
57649404 58157377
57649404 57643318
57649404 14349157
57649404 18695679
57649404 57643305
57649404 67857215
57649404 57645920
57649404 581019543
57649404 57647065
57649404 57643292
57649404 192453705
57649404 57644344
57649404 25024383
57649404 57646552
57649404 27990901
57649404 57647527
57649404 13276280
57649404 16350405
57649404 44759626
57649404 44757738
57649404 126191458
57649404 57643835
57649404 580964099
57649404 45216259
57649404 85978978
57649404 82636235
57649404 152921844
57649404 58446863
57649404 152580414
57649404 12264360
57649404 6229077
57649404 210198064
57649404 57643891
57649404 58160930
57649404 152834821
57649404 57650568
57649404 152578866
57649404 132191817
57649404 152800912
57649404 57644376
57649404 9626939
57649404 57649321
57649404 57648207
57649404 145456298
57649404 105853043
57649404 101699474
57649404 34346603
57649404 152728643
57649404 57644075
57649404 67638912
57649404 44753187
57648251 57643305
57648251 67857215
57648251 57647065
57648251 57643292
57648251 57644344
57648251 25024383
57648251 57646552
57648251 27990901
57648251 57647527
57648251 152956808
57648251 85978978
57648251 152921844
57648251 12264360
57648251 6229077
57648251 57643891
57648251 57650568
57648251 132191817
57648251 57644376
57648251 57648207
57648251 34346603
57648251 67638912
57648251 44753187
752096108 44759367
752096108 57647065
752096108 25024383
752096108 57646552
752096108 57647527
752096108 16350405
752096108 57643835
752096108 12264360
752096108 57643891
752096108 152578866
752096108 57648207
752096108 57644075
44759626 8505406
44759626 57643318
44759626 14349157
44759626 18695679
44759626 57643305
44759626 67857215
44759626 57647065
44759626 57643292
44759626 57644344
44759626 57646552
44759626 13276280
44759626 152956808
44759626 44757738
44759626 85978978
44759626 12264360
44759626 6229077
44759626 57649404
44759626 57643891
44759626 132191817
44759626 152800912
44759626 57644376
44759626 9626939
44759626 57644075
44759626 67638912
44759626 44753187
85978978 2547285
85978978 8505406
85978978 44759367
85978978 57589921
85978978 57648563
85978978 210191472
85978978 152840131
85978978 58157377
85978978 57643318
85978978 14349157
85978978 18695679
85978978 57643305
85978978 67857215
85978978 57645920
85978978 581019543
85978978 57647065
85978978 57643292
85978978 57650854
85978978 192453705
85978978 57644344
85978978 25024383
85978978 57646552
85978978 57605527
85978978 97087194
85978978 49578245
85978978 27990901
85978978 57647527
85978978 13276280
85978978 16350405
85978978 44759626
85978978 44757738
85978978 126191458
85978978 57643835
85978978 130229286
85978978 154940506
85978978 76895450
85978978 210192027
85978978 45216259
85978978 82636235
85978978 211180287
85978978 58446863
85978978 12264360
85978978 566556159
85978978 6229077
85978978 57648251
85978978 57649404
85978978 130374177
85978978 57643891
85978978 58160930
85978978 152834821
85978978 57650568
85978978 132191817
85978978 72544912
85978978 152800912
85978978 57644376
85978978 9626939
85978978 57649321
85978978 210263871
85978978 57648207
85978978 101699474
85978978 34346603
85978978 152817647
85978978 57644075
85978978 67638912
85978978 44753187
152580414 44759367
152580414 14349157
152580414 57647065
152580414 57644344
152580414 57605527
152580414 27990901
152580414 57647527
152580414 13276280
152580414 57643835
152580414 45216259
152580414 57652293
152580414 12264360
152580414 6229077
152580414 57649404
152580414 57643891
152580414 101699474
152580414 44753187
154940506 57649406
154940506 57643318
154940506 14349157
154940506 57643305
154940506 57643292
154940506 57644344
154940506 25024383
154940506 57646552
154940506 27990901
154940506 57647527
154940506 16350405
154940506 126191458
154940506 57643835
154940506 85978978
154940506 58446863
154940506 12264360
154940506 6229077
154940506 57643891
154940506 132191817
154940506 57644376
154940506 9626939
154940506 57648207
154940506 34346603
154940506 57644075
154940506 67638912
57647527 65284123
57647527 44759367
57647527 57589921
57647527 57649406
57647527 57648563
57647527 152883838
57647527 57643318
57647527 14349157
57647527 18695679
57647527 57643305
57647527 57645920
57647527 57647065
57647527 57643292
57647527 57650854
57647527 57644344
57647527 493171921
57647527 25024383
57647527 57646552
57647527 57605527
57647527 97087194
57647527 581102494
57647527 49578245
57647527 27990901
57647527 13276280
57647527 16350405
57647527 44757738
57647527 126191458
57647527 57650386
57647527 57643835
57647527 154940506
57647527 210192027
57647527 85978978
57647527 82636235
57647527 211180287
57647527 57652293
57647527 58446863
57647527 152580414
57647527 12264360
57647527 752096108
57647527 6229077
57647527 57648251
57647527 210198064
57647527 57649404
57647527 130374177
57647527 57643891
57647527 58160930
57647527 152834821
57647527 57650568
57647527 152578866
57647527 132191817
57647527 152800912
57647527 57644376
57647527 9626939
57647527 659078959
57647527 57649321
57647527 57648207
57647527 105853043
57647527 101699474
57647527 152817647
57647527 57644075
57647527 67638912
57647527 44753187
57648207 58446863
57648207 85978978
57648207 65284123
57648207 57647065
57648207 25024383
57648207 132191817
57648207 14349157
57648207 57643305
57648207 57589921
57648207 57646552
57648207 57643891
57648207 126191458
57648207 57650854
57648207 57643835
57648207 57643292
57648207 8505406
57648207 210263871
57648207 18695679
57648207 57649404
57648207 82636235
57648207 57647527
57648207 12264360
57648207 97087194
57648207 27990901
57648207 57650568
57648207 44759367
57648207 57643318
57648207 152800912
57648207 57645920
57648207 57649321
57648207 57649406
57648207 152834821
57648207 57644344
57648207 58160930
57648207 154940506
57648207 44757738
57648207 6229077
57648207 57648563
57648207 57644376
57648207 13276280
57648207 9626939
57648207 210198064
57648207 57652293
57648207 54310759
57648207 76895450
57648207 752096108
57648207 152921844
57648207 16350405
57648207 581019543
57648207 152578866
57648207 143603254
57648207 57648251
57648207 145456298
57648207 105853043
57648207 101699474
57648207 34346603
57648207 152817647
57648207 152728643
57648207 57644075
57648207 67638912
57648207 44753187
152840131 57646552
152840131 85978978
152840131 57643891
152840131 57644376
57649321 57643305
57649321 132191817
57649321 44759367
57649321 85978978
57649321 82636235
57649321 16350405
57649321 57647065
57649321 57643891
57649321 9626939
57649321 57650568
57649321 18695679
57649321 14349157
57649321 57643318
57649321 57645920
57649321 57644376
57649321 57589921
57649321 25024383
57649321 57643292
57649321 97087194
57649321 57643835
57649321 12264360
57649321 27990901
57649321 57646552
57649321 57647527
57649321 57644344
57649321 57649406
57649321 58446863
57649321 44757738
57649321 152800912
57649321 210198064
57649321 13276280
57649321 57649404
57649321 6229077
57649321 57605527
57649321 54310759
57649321 57650854
57649321 8505406
57649321 57648207
57649321 105853043
57649321 101699474
57649321 34346603
57649321 57644075
57649321 67638912
57649321 44753187
57648563 8505406
57648563 44759367
57648563 57589921
57648563 57649406
57648563 57643318
57648563 14349157
57648563 18695679
57648563 57643305
57648563 67857215
57648563 57645920
57648563 57647065
57648563 57643292
57648563 57644344
57648563 25024383
57648563 57646552
57648563 97087194
57648563 27990901
57648563 57647527
57648563 13276280
57648563 16350405
57648563 126191458
57648563 57643835
57648563 210192027
57648563 45216259
57648563 85978978
57648563 211180287
57648563 58446863
57648563 12264360
57648563 6229077
57648563 210198064
57648563 57649404
57648563 57643891
57648563 132191817
57648563 57644376
57648563 9626939
57648563 57648207
57648563 105853043
57648563 101699474
57648563 34346603
57648563 57644075
57648563 67638912
57648563 44753187
57644344 65284123
57644344 8505406
57644344 44759367
57644344 57589921
57644344 57649406
57644344 57648563
57644344 210191472
57644344 152840131
57644344 152883838
57644344 58157377
57644344 57643318
57644344 14349157
57644344 18695679
57644344 57643305
57644344 67857215
57644344 57645920
57644344 57647065
57644344 57643292
57644344 57650854
57644344 54310759
57644344 192453705
57644344 493171921
57644344 25024383
57644344 57646552
57644344 57605527
57644344 97087194
57644344 27990901
57644344 57647527
57644344 13276280
57644344 16350405
57644344 44759626
57644344 126191458
57644344 57650386
57644344 57643835
57644344 154940506
57644344 76895450
57644344 45216259
57644344 85978978
57644344 82636235
57644344 152921844
57644344 211180287
57644344 58446863
57644344 152580414
57644344 12264360
57644344 566556159
57644344 6229077
57644344 57648251
57644344 210198064
57644344 57649404
57644344 130374177
57644344 57643891
57644344 58160930
57644344 152834821
57644344 581977746
57644344 57650568
57644344 152578866
57644344 132191817
57644344 152800912
57644344 57644376
57644344 9626939
57644344 57649321
57644344 210263871
57644344 57648207
57644344 145456298
57644344 105853043
57644344 101699474
57644344 34346603
57644344 152817647
57644344 152728643
57644344 57644075
57644344 67638912
57644344 44753187
57649406 2547285
57649406 65284123
57649406 8505406
57649406 44759367
57649406 57648563
57649406 57643318
57649406 14349157
57649406 18695679
57649406 57643305
57649406 57645920
57649406 581019543
57649406 57647065
57649406 57643292
57649406 57650854
57649406 54310759
57649406 192453705
57649406 57644344
57649406 493171921
57649406 25024383
57649406 57646552
57649406 97087194
57649406 581102494
57649406 27990901
57649406 57647527
57649406 13276280
57649406 16350405
57649406 152956808
57649406 44757738
57649406 126191458
57649406 57650386
57649406 57643835
57649406 154940506
57649406 45216259
57649406 82636235
57649406 211180287
57649406 57652293
57649406 58446863
57649406 12264360
57649406 6229077
57649406 210198064
57649406 57649404
57649406 57643891
57649406 58160930
57649406 152834821
57649406 581977746
57649406 57650568
57649406 152578866
57649406 132191817
57649406 152800912
57649406 57644376
57649406 9626939
57649406 57649321
57649406 57648207
57649406 145456298
57649406 105853043
57649406 101699474
57649406 34346603
152834821 57647065
152834821 57644344
152834821 57646552
152834821 44757738
152834821 126191458
152834821 85978978
152834821 57649404
152834821 132191817
152834821 57648207
152834821 34346603
152834821 57644075
27990901 2547285
27990901 65284123
27990901 8505406
27990901 44759367
27990901 57589921
27990901 57649406
27990901 57648563
27990901 57643318
27990901 14349157
27990901 57643305
27990901 57643292
27990901 57650854
27990901 57644344
27990901 57646552
27990901 581102494
27990901 49578245
27990901 57647527
27990901 16350405
27990901 126191458
27990901 57650386
27990901 154940506
27990901 45216259
27990901 85978978
27990901 82636235
27990901 152921844
27990901 211180287
27990901 143603254
27990901 58446863
27990901 12264360
27990901 566556159
27990901 57648251
27990901 435723264
27990901 57649404
27990901 130374177
27990901 57643891
27990901 58160930
27990901 18695679
27990901 67857215
27990901 57645920
27990901 57643835
27990901 6229077
27990901 210198064
27990901 25024383
27990901 13276280
27990901 132191817
27990901 152800912
27990901 57644376
27990901 9626939
27990901 57649321
27990901 57648207
27990901 145456298
27990901 105853043
27990901 101699474
27990901 34346603
27990901 152817647
27990901 152728643
27990901 57644075
27990901 67638912
27990901 44753187
192453705 8505406
192453705 44759367
192453705 57589921
192453705 57649406
192453705 14349157
192453705 57647065
192453705 57643292
192453705 57650854
192453705 57644344
192453705 57646552
192453705 13276280
192453705 126191458
192453705 57643835
192453705 85978978
192453705 58446863
192453705 12264360
192453705 57649404
192453705 44753187
192453705 132191817
192453705 105853043
192453705 34346603
192453705 67638912
