6686743 58263593
6686743 31906827
6686743 19850424
6686743 57848927
57648595 58263593
57648595 13801675
57648595 57650656
29141357 58441692
29141357 13801675
152713268 58441692
152713268 57650656
152713268 57644785
152713268 319386415
152713268 34858158
152713268 57848927
152577251 58441692
152577251 57644785
152577251 58481083
152577251 581019074
152577251 57848927
152924324 44757747
152924324 82640407
152924324 13801675
152924324 57650656
152924324 57644785
152924324 34858158
152924324 57645280
152924324 57848927
152676793 58263593
152676793 58441692
152676793 13801675
152676793 57644785
152676793 34858158
57583888 30602307
210187749 13801675
210187749 57635493
319386415 152710861
319386415 152432386
319386415 152713268
319386415 58263593
319386415 30602307
319386415 82640407
319386415 44757772
319386415 210196465
319386415 210186235
319386415 58441692
319386415 13801675
319386415 57650656
319386415 79632570
319386415 57609669
319386415 210201831
319386415 57644785
319386415 210240869
319386415 210192207
319386415 34858158
319386415 72125105
319386415 44758342
319386415 57848927
210240869 44759164
210240869 58263593
210240869 82640407
210240869 58441692
210240869 13801675
210240869 57650656
210240869 319386415
210240869 210192207
210240869 34858158
210240869 72125105
210240869 57848927
57645280 581053625
57645280 44759164
57645280 152432386
57645280 58263593
57645280 210191082
57645280 82640407
57645280 44757772
57645280 210196465
57645280 58441692
57645280 13801675
57645280 57650656
57645280 23579858
57645280 79632570
57645280 210201831
57645280 57644785
57645280 58481083
57645280 210192207
57645280 152580152
57645280 57646626
57645280 152696257
57645280 34858158
57645280 44758342
57645280 175151866
57645280 30602307
57645280 152924324
57645280 152601124
57645280 57848927
152694855 13801675
152694855 57650656
152694855 57644785
152694855 34858158
57609669 30602307
57609669 82640407
57609669 31906827
57609669 58441692
57609669 319386415
57609669 152676793
57609669 152850400
57609669 34858158
57609669 57848927
58263593 581053625
58263593 52572044
58263593 44757747
58263593 210191082
58263593 30602307
58263593 82640407
58263593 57648595
58263593 44757772
58263593 210196465
58263593 57651512
58263593 58441692
58263593 298836409
58263593 13801675
58263593 57650656
58263593 23579858
58263593 6686743
58263593 79632570
58263593 57644785
58263593 319386415
58263593 152912748
58263593 210240869
58263593 58481083
58263593 152676793
58263593 152726340
58263593 57645280
58263593 210192207
58263593 152580152
58263593 57646626
58263593 152850400
58263593 152696257
58263593 152677443
58263593 34858158
58263593 152931220
58263593 57848927
58481083 175151866
58481083 30602307
58481083 82640407
58481083 13801675
58481083 57650656
58481083 23579858
58481083 57644785
58481083 57645280
58481083 34858158
58481083 152577251
58481083 581019074
58481083 57848927
152723451 57650656
14248729 30602307
14248729 152850400
14248729 319386415
14248729 152933463
14248729 581053625
14248729 34858158
580932543 82640407
580932543 58441692
580932543 79632570
580932543 57645280
580932543 152696257
177203686 58441692
175151866 44757772
175151866 210196465
175151866 57651512
175151866 57650656
175151866 23579858
175151866 79632570
175151866 57644785
175151866 58481083
175151866 210192207
175151866 152580152
175151866 152696257
175151866 34858158
175151866 72125105
175151866 44758342
175151866 152933463
175151866 30602307
175151866 57645280
175151866 57848927
57651277 58441692
57651277 34858158
44758342 175151866
44758342 30602307
44758342 82640407
44758342 44757772
44758342 210196465
44758342 13801675
44758342 57650656
44758342 79632570
44758342 57644785
44758342 319386415
44758342 57645280
44758342 210192207
44758342 152696257
44758342 34858158
44758342 152931220
44758342 57848927
152580152 175151866
152580152 58263593
152580152 44757772
152580152 58441692
152580152 13801675
152580152 57650656
152580152 210201831
152580152 57645280
152580152 34858158
152580152 57848927
23579858 175151866
23579858 44757747
23579858 58263593
23579858 30602307
23579858 82640407
23579858 44757772
23579858 13801675
23579858 57650656
23579858 210201831
23579858 57644785
23579858 152912748
23579858 58481083
23579858 57645280
23579858 210192207
23579858 155859229
23579858 152696257
23579858 34858158
23579858 57848927
6709586 58441692
298836409 58263593
298836409 57650656
298836409 57848927
57644785 175151866
57644785 44759164
57644785 52572044
57644785 44757747
57644785 152713268
57644785 58263593
57644785 210191082
57644785 30602307
57644785 82640407
57644785 44757772
57644785 31906827
57644785 210196465
57644785 152924324
57644785 57587972
57644785 58441692
57644785 13801675
57644785 57650656
57644785 23579858
57644785 79632570
57644785 210201831
57644785 319386415
57644785 152880139
57644785 350528755
57644785 58481083
57644785 152676793
57644785 152726340
57644785 57645280
57644785 152694855
57644785 210192207
57644785 57646626
57644785 152850400
57644785 152696257
57644785 34858158
57644785 152577251
57644785 581019074
57644785 72125105
57644785 25421400
57644785 44758342
57644785 152601124
57644785 57848927
152912748 44757747
152912748 58263593
152912748 30602307
152912748 82640407
152912748 58441692
152912748 13801675
152912748 57650656
152912748 23579858
152912748 57848927
152732624 57650656
82643880 52572044
82643880 57848927
72125105 175151866
72125105 30602307
72125105 82640407
72125105 58441692
72125105 13801675
72125105 57644785
72125105 319386415
72125105 210240869
72125105 152676793
72125105 34858158
72125105 152931220
72125105 152933463
72125105 152601124
72125105 57848927
57651512 175151866
57651512 58263593
57651512 13801675
57651512 34858158
57651512 581019074
57651512 57848927
58153076 58441692
58153076 67407222
58441692 799852934
58441692 44757747
58441692 58263593
58441692 30602307
58441692 82640407
58441692 44757772
58441692 13801675
58441692 57650656
58441692 57644785
58441692 319386415
58441692 58153076
58441692 350528755
58441692 152676793
58441692 57645280
58441692 210192207
58441692 152696257
58441692 34858158
58441692 152931220
58441692 72125105
58441692 57848927
25421400 31906827
25421400 57644785
25421400 34858158
25421400 57848927
210236895 58441692
210236895 13801675
210236895 152726340
210236895 57848927
210186235 581053625
210186235 30602307
210186235 82640407
210186235 58441692
210186235 13801675
210186235 57650656
210186235 319386415
210186235 67407222
210186235 210192207
210186235 34858158
210186235 57848927
44757772 581053625
44757772 175151866
44757772 58263593
44757772 210191082
44757772 30602307
44757772 31906827
44757772 210196465
44757772 58441692
44757772 13801675
44757772 57650656
44757772 23579858
44757772 57644785
44757772 319386415
44757772 57645280
44757772 152580152
44757772 57646626
44757772 34858158
44757772 581019074
44757772 44758342
44757772 57848927
152933463 152710861
152933463 175151866
152933463 52572044
152933463 210196465
152933463 57650656
152933463 152726340
152933463 152696257
152933463 34858158
152933463 581019074
152933463 19850424
152933463 72125105
152933463 14248729
152933463 57848927
152601124 82640407
152601124 57644785
152601124 57645280
152601124 152710861
152601124 34858158
152601124 72125105
152601124 13801675
67407222 210186235
67407222 57650656
67407222 58153076
67407222 210192207
67407222 34858158
152710861 58441692
152710861 13801675
152710861 57650656
152710861 210201831
152710861 319386415
152710861 34858158
152710861 152933463
152710861 152601124
152710861 57848927
152880139 44757772
152880139 31906827
152880139 57587972
152880139 57650656
152880139 57644785
152880139 581996001
152880139 34858158
580921411 58441692
580921411 581019074
580921411 57848927
34858158 152710861
34858158 581053625
34858158 175151866
34858158 44759164
34858158 44757747
34858158 152713268
34858158 58263593
34858158 210191082
34858158 30602307
34858158 82640407
34858158 44757772
34858158 31906827
34858158 57651277
34858158 210196465
34858158 57651512
34858158 152924324
34858158 210186235
34858158 58441692
34858158 13801675
34858158 57635493
34858158 57650656
34858158 23579858
34858158 79632570
34858158 57609669
34858158 210201831
34858158 57644785
34858158 319386415
34858158 152880139
34858158 210240869
34858158 58481083
34858158 152676793
34858158 152726340
34858158 57645280
34858158 67407222
34858158 152694855
34858158 210192207
34858158 152580152
34858158 57646626
34858158 152850400
34858158 152696257
34858158 152677443
34858158 581019074
34858158 72125105
34858158 25421400
34858158 44758342
34858158 152933463
34858158 14248729
34858158 152601124
34858158 57848927
30602307 44757747
30602307 41160848
30602307 58263593
30602307 82640407
30602307 44757772
30602307 210196465
30602307 57587972
30602307 58441692
30602307 13801675
30602307 57650656
30602307 23579858
30602307 57644785
30602307 319386415
30602307 58481083
30602307 152850400
30602307 34858158
30602307 152931220
30602307 72125105
30602307 44758342
30602307 175151866
30602307 57645280
30602307 57848927
581996001 152880139
19134471 82640407
19134471 13801675
19134471 319386415
57635493 82640407
57635493 31906827
57635493 210196465
57635493 13801675
57635493 57650656
57635493 210187749
57635493 34858158
57635493 57848927
152850400 44757747
152850400 58263593
152850400 30602307
152850400 82640407
152850400 31906827
152850400 13801675
152850400 57609669
152850400 57644785
152850400 155859229
152850400 34858158
152850400 152933463
152850400 57848927
152931220 58263593
152931220 30602307
152931220 82640407
152931220 210196465
152931220 57587972
152931220 58441692
152931220 13801675
152931220 57650656
152931220 72125105
152931220 44758342
152931220 57848927
57587972 44757747
57587972 30602307
57587972 82640407
57587972 58441692
57587972 13801675
57587972 57644785
57587972 152880139
57587972 57646626
57587972 152931220
57587972 57848927
13801675 152581706
13801675 152710861
13801675 581053625
13801675 44759164
13801675 52572044
13801675 44757747
13801675 152713268
13801675 58263593
13801675 30602307
13801675 82640407
13801675 44757772
13801675 210196465
13801675 57651512
13801675 152924324
13801675 57587972
13801675 58441692
13801675 57635493
13801675 57650656
13801675 23579858
13801675 79632570
13801675 57609669
13801675 57644785
13801675 210187749
13801675 319386415
13801675 210240869
13801675 58481083
13801675 152676793
13801675 57645280
13801675 19134471
13801675 152694855
13801675 210236895
13801675 210192207
13801675 155859229
13801675 57646626
13801675 152850400
13801675 152696257
13801675 34858158
13801675 19850424
13801675 44758342
13801675 152933463
13801675 152601124
13801675 57848927
350528755 58441692
350528755 57644785
350528755 319386415
19850424 581053625
19850424 82640407
19850424 58441692
152581706 13801675
152696257 581053625
152696257 580932543
152696257 175151866
152696257 44757747
152696257 152432386
152696257 58263593
152696257 30602307
152696257 210196465
152696257 58441692
152696257 13801675
152696257 57650656
152696257 23579858
152696257 57644785
152696257 57645280
152696257 210192207
152696257 34858158
152696257 44758342
152696257 152933463
152696257 57848927
82640407 580932543
82640407 152431187
82640407 44759164
82640407 52572044
82640407 4348228
82640407 44757747
82640407 58263593
82640407 30602307
82640407 31906827
82640407 210196465
82640407 152924324
82640407 210186235
82640407 57587972
82640407 58441692
82640407 13801675
82640407 57635493
82640407 57650656
82640407 23579858
82640407 79632570
82640407 57609669
82640407 210201831
82640407 57644785
82640407 319386415
82640407 152912748
82640407 210240869
82640407 58481083
82640407 152726340
82640407 57645280
82640407 19134471
82640407 210192207
82640407 57646626
82640407 152850400
82640407 34858158
82640407 581019074
82640407 19850424
82640407 152931220
82640407 72125105
82640407 44758342
82640407 152601124
82640407 57848927
4348228 30602307
4348228 82640407
4348228 13801675
152431187 44757747
152431187 82640407
152839016 57650656
152839016 57848927
479467165 30602307
479467165 57650656
210196465 175151866
210196465 58263593
210196465 30602307
210196465 82640407
210196465 44757772
210196465 31906827
210196465 57635493
210196465 57650656
210196465 57609669
210196465 57644785
210196465 319386415
210196465 57645280
210196465 152696257
210196465 34858158
210196465 152931220
210196465 44758342
210196465 152933463
210196465 57848927
210201831 152710861
210201831 82640407
210201831 57650656
210201831 23579858
210201831 57644785
210201831 319386415
210201831 57645280
210201831 152580152
210201831 34858158
152677443 58263593
152677443 58441692
152677443 34858158
152677443 57848927
152932786 30602307
152932786 57848927
57646626 58263593
57646626 82640407
57646626 44757772
57646626 57587972
57646626 58441692
57646626 13801675
57646626 57650656
57646626 57644785
57646626 57645280
57646626 34858158
58093269 58441692
52582630 58441692
270074059 30602307
79632570 580932543
79632570 175151866
79632570 44757747
79632570 58263593
79632570 82640407
79632570 31906827
79632570 13801675
79632570 57650656
79632570 57644785
79632570 319386415
79632570 57645280
79632570 34858158
79632570 44758342
79632570 57848927
210192207 175151866
210192207 58263593
210192207 82640407
210192207 210186235
210192207 58441692
210192207 13801675
210192207 57650656
210192207 23579858
210192207 57644785
210192207 319386415
210192207 210240869
210192207 57645280
210192207 67407222
210192207 152696257
210192207 34858158
210192207 581019074
210192207 44758342
210192207 57848927
210191082 58263593
210191082 44757772
210191082 31906827
210191082 58441692
210191082 57650656
210191082 57644785
210191082 57645280
210191082 34858158
41160848 30602307
41160848 13801675
41160848 57848927
210273528 57848927
152432386 57650656
152432386 319386415
152432386 57645280
152432386 152696257
31906827 581600822
31906827 44759164
31906827 44757747
31906827 210191082
31906827 30602307
31906827 82640407
31906827 44757772
31906827 210196465
31906827 58441692
31906827 57635493
31906827 6686743
31906827 79632570
31906827 57609669
31906827 57644785
31906827 152880139
31906827 58481083
31906827 152676793
31906827 19134471
31906827 155859229
31906827 57646626
31906827 152850400
31906827 34858158
31906827 25421400
31906827 57848927
581600822 31906827
44759164 30602307
44759164 82640407
44759164 31906827
44759164 58441692
44759164 13801675
44759164 57650656
44759164 57644785
44759164 210240869
44759164 57645280
44759164 34858158
44759164 57848927
152726340 58263593
152726340 30602307
152726340 82640407
152726340 58441692
152726340 57650656
152726340 57644785
152726340 210236895
152726340 34858158
152726340 152933463
57848927 79632570
57848927 82640407
57848927 57644785
57848927 34858158
57848927 23579858
57848927 44757747
57848927 155859229
57848927 152933463
57848927 152924324
57848927 58263593
57848927 25421400
57848927 152850400
57848927 30602307
57848927 72125105
57848927 210236895
57848927 13801675
57848927 6686743
57848927 298836409
57848927 57587972
57848927 57651512
57848927 210186235
57848927 58153676
57848927 57645280
57848927 44759164
57848927 31906827
57848927 57609669
57848927 152931220
57848927 41160848
57848927 152580152
57848927 82643880
57848927 152710861
57848927 152677443
57848927 57635493
57848927 57650656
57848927 58441692
57848927 44757772
57848927 210196465
57848927 152839016
57848927 152696257
57848927 44758342
57848927 152912748
57848927 210273528
57848927 210240869
57848927 210192207
57848927 58481083
57848927 581053625
57848927 152932786
57848927 152577251
57848927 580921411
57848927 581019074
57848927 319386415
57848927 175151866
57848927 152713268
44757747 152431187
44757747 58263593
44757747 30602307
44757747 82640407
44757747 31906827
44757747 152924324
44757747 57587972
44757747 58441692
44757747 13801675
44757747 57650656
44757747 23579858
44757747 79632570
44757747 57644785
44757747 152912748
44757747 152850400
44757747 34858158
44757747 581019074
44757747 57848927
581019074 44757747
581019074 82640407
581019074 44757772
581019074 57651512
581019074 58441692
581019074 57650656
581019074 57644785
581019074 580921411
581019074 319386415
581019074 58481083
581019074 34858158
581019074 152577251
581019074 152933463
581019074 30602307
581019074 57848927
581053625 58263593
581053625 30602307
581053625 44757772
581053625 210186235
581053625 13801675
581053625 57650656
581053625 57645280
581053625 57646626
581053625 152696257
581053625 34858158
581053625 19850424
581053625 57848927
155859229 13801675
155859229 57650656
155859229 23579858
155859229 152850400
155859229 57848927
58153676 57848927
799852934 58441692
52572044 58263593
52572044 82640407
52572044 13801675
52572044 57644785
52572044 30602307
52572044 82643880
57650656 152710861
57650656 581053625
57650656 175151866
57650656 44759164
57650656 52572044
57650656 152723451
57650656 44757747
57650656 152432386
57650656 152713268
57650656 58263593
57650656 210191082
57650656 30602307
57650656 82640407
57650656 57648595
57650656 44757772
57650656 210196465
57650656 152924324
57650656 210186235
57650656 58441692
57650656 298836409
57650656 13801675
57650656 57635493
57650656 23579858
57650656 79632570
57650656 210201831
57650656 57644785
57650656 152732624
57650656 319386415
57650656 152912748
57650656 152880139
57650656 210240869
57650656 58481083
57650656 152726340
57650656 57645280
57650656 67407222
57650656 152694855
57650656 210192207
57650656 155859229
57650656 152580152
57650656 57646626
57650656 152696257
57650656 152839016
57650656 34858158
57650656 581019074
57650656 152931220
57650656 44758342
57650656 152933463
57650656 14248729
57650656 57848927
