57653177 44757754
57653177 78918348
57653177 16187260
57653177 57644688
57653177 57648194
57653177 57648645
57653177 57847118
57653177 82563283
57653177 48727262
57653177 28431976
57653177 57644042
57653177 57645212
57653177 118831975
57653177 57847061
57653177 57849027
210187523 57650156
210187523 175152132
210187523 16187260
210187523 57647808
210187523 57644688
210187523 57648194
210187523 76432625
210187523 148280741
210187523 298849311
210187523 57650314
210187523 57847118
210187523 82563283
210187523 48727262
210187523 57589857
210187523 57644042
210187523 57645212
210187523 118831975
210187523 44754936
210187523 101699474
210187523 57847061
210187523 57849027
50859648 57644371
50859648 57847118
50859648 44757754
50859648 57644062
50859648 97087045
50859648 57648645
50859648 118831975
50859648 82563283
50859648 57644755
50859648 42090033
50859648 57645212
50859648 57644529
50859648 57644688
50859648 76432625
50859648 57644042
50859648 16187260
50859648 28431976
50859648 57648194
50859648 47300018
50859648 48727262
50859648 581200316
50859648 101699474
50859648 57849027
50859648 57847061
50859648 129996102
57650314 42090033
57650314 210187523
57650314 57644755
57650314 16187260
57650314 57644371
57650314 57644688
57650314 152726491
57650314 57648194
57650314 57644529
57650314 57644062
57650314 298863277
57650314 57648645
57650314 57847118
57650314 65612597
57650314 82563283
57650314 65487616
57650314 12033388
57650314 28431976
57650314 57644042
57650314 57645212
57650314 118831975
57650314 152603989
57650314 175151771
57650314 57849027
57650314 57847061
152941614 57644755
152941614 175152132
152941614 57644688
152941614 152726491
152941614 76432625
152941614 57847118
152941614 82563283
152941614 57589857
152941614 57644042
152941614 57645212
152941614 101699474
152941614 57847061
152941614 57849027
152515630 57847118
152515630 57645212
152515630 118831975
152515630 57847061
298863277 16187260
298863277 57644688
298863277 57644529
298863277 57650314
298863277 57847118
298863277 82563283
298863277 57589857
298863277 101699474
152604086 16187260
152604086 48727262
152604086 57645212
152604086 129996102
57644042 57644529
57644042 57647408
57644042 76432625
57644042 44757754
57644042 152921329
57644042 23618413
57644042 97087045
57644042 57589857
57644042 152915116
57644042 57648645
57644042 57644062
57644042 82563283
57644042 57644688
57644042 28431976
57644042 12033388
57644042 152941614
57644042 152735242
57644042 44758638
57644042 65612597
57644042 57644755
57644042 116272003
57644042 119291457
57644042 78918348
57644042 9753633
57644042 108287757
57644042 175152132
57644042 57647808
57644042 152688835
57644042 57650156
57644042 57847118
57644042 57648194
57644042 148280741
57644042 210229840
57644042 65487616
57644042 78790859
57644042 16187260
57644042 57650314
57644042 210223541
57644042 210187523
57644042 152531886
57644042 210212532
57644042 152726491
57644042 48727262
57644042 57653177
57644042 359366894
57644042 581053625
57644042 101696138
57644042 152935064
57644042 152723190
57644042 581647265
57644042 57645212
57644042 118831975
57644042 50859648
57644042 210192219
57644042 44754936
57644042 101699474
57644042 152593868
57644042 57849027
57644042 57847061
57644042 129996102
152688835 581053625
152688835 152915116
152688835 57650156
152688835 57644755
152688835 175152132
152688835 16187260
152688835 57644688
152688835 57648194
152688835 76432625
152688835 57644529
152688835 57648645
152688835 57847118
152688835 82563283
152688835 97087045
152688835 28431976
152688835 57644042
152688835 57645212
152688835 101699474
152688835 57847061
152688835 57849027
44758638 57644042
44758638 118831975
44758638 57847061
44758638 57849027
57849027 57847118
57849027 44757754
57849027 152921329
57849027 57644042
57849027 57648645
57849027 12033388
57849027 152915116
57849027 82563283
57849027 23618413
57849027 44758638
57849027 57644062
57849027 57589857
57849027 97087045
57849027 175157262
57849027 210223541
57849027 582475034
57849027 152735242
57849027 76432625
57849027 116272003
57849027 118831975
57849027 57644371
57849027 101699474
57849027 119291457
57849027 175151690
57849027 57645212
57849027 210212532
57849027 65490056
57849027 78918348
57849027 57647408
57849027 9753633
57849027 152688835
57849027 57644529
57849027 57650156
57849027 65487616
57849027 175152132
57849027 28431976
57849027 57648194
57849027 148280741
57849027 175151771
57849027 152723190
57849027 210192219
57849027 44754936
57849027 57650314
57849027 85903493
57849027 48727262
57849027 50859648
57849027 152531886
57849027 152941614
57849027 210187523
57849027 152726491
57849027 57408525
57849027 57644688
57849027 16187260
57849027 57653177
57849027 101696138
57849027 581053625
57849027 57644755
57849027 359366894
57849027 57647808
57849027 152566199
57849027 155818826
57849027 56973290
57849027 57847061
57849027 129996102
57847061 57847118
57847061 76432625
57847061 152921329
57847061 152935064
57847061 582475034
57847061 57644042
57847061 57648645
57847061 78918348
57847061 85903493
57847061 28431976
57847061 155818826
57847061 57644371
57847061 44758638
57847061 57644529
57847061 57648194
57847061 57647408
57847061 118831975
57847061 108287757
57847061 44758641
57847061 82563283
57847061 57589857
57847061 175151771
57847061 57849027
57847061 210223541
57847061 23618413
57847061 97087045
57847061 44754936
57847061 119291457
57847061 44757754
57847061 57645212
57847061 210212532
57847061 12033388
57847061 16554113
57847061 57644062
57847061 57644688
57847061 50859648
57847061 116272003
57847061 57644755
57847061 101699474
57847061 57647808
57847061 175152132
57847061 57650314
57847061 9753633
57847061 152941614
57847061 57650156
57847061 148280741
57847061 42090033
57847061 152688835
57847061 65487616
57847061 152515630
57847061 48727262
57847061 16187260
57847061 57653177
57847061 152531886
57847061 101696138
57847061 107856312
57847061 210187523
57847061 152603989
57847061 359366894
57847061 152723190
57847061 129996102
210223541 57650156
210223541 9753633
210223541 57644755
210223541 16187260
210223541 57644688
210223541 57648194
210223541 76432625
210223541 57650314
210223541 57847118
210223541 175152132
210223541 57644042
210223541 57645212
210223541 118831975
210223541 44754936
210223541 101699474
210223541 57847061
210223541 57849027
210223541 175151771
108287757 44757754
108287757 57648194
108287757 57644529
108287757 57648645
108287757 57847118
108287757 82563283
108287757 57644042
108287757 175151771
108287757 57847061
12033388 23618413
12033388 44757754
12033388 57650156
12033388 42090033
12033388 78790859
12033388 57644755
12033388 175152132
12033388 57644688
12033388 57648194
12033388 76432625
12033388 57644062
12033388 57650314
12033388 57647408
12033388 57847118
12033388 82563283
12033388 48727262
12033388 57644042
12033388 57645212
12033388 118831975
12033388 57847061
12033388 57849027
132686372 57847118
152531886 57650156
152531886 152723190
152531886 175152132
152531886 16187260
152531886 57644688
152531886 152726491
152531886 57648194
152531886 76432625
152531886 148280741
152531886 57847118
152531886 82563283
152531886 97087045
152531886 48727262
152531886 57589857
152531886 57644042
152531886 57645212
152531886 118831975
152531886 101699474
152531886 175151771
152531886 57847061
152531886 57849027
57644371 23618413
57644371 44757754
57644371 581053625
57644371 78918348
57644371 42090033
57644371 152921329
57644371 57644755
57644371 175152132
57644371 57644688
57644371 57644529
57644371 57644062
57644371 57650314
57644371 57647408
57644371 57847118
57644371 97087045
57644371 119291457
57644371 48727262
57644371 57589857
57644371 28431976
57644371 57645212
57644371 118831975
57644371 50859648
57644371 44754936
57644371 101699474
57644371 57849027
57644371 57847061
57847118 23618413
57847118 44757754
57847118 359366894
57847118 581053625
57847118 78918348
57847118 152915116
57847118 57408525
57847118 57650156
57847118 42090033
57847118 56973290
57847118 210187523
57847118 581200316
57847118 16554113
57847118 57653177
57847118 152723190
57847118 9753633
57847118 152935064
57847118 78790859
57847118 152921329
57847118 175157262
57847118 152941614
57847118 57644755
57847118 175152132
57847118 116272003
57847118 16187260
57847118 152531886
57847118 57644371
57847118 634139861
57847118 57647808
57847118 57644688
57847118 152726491
57847118 57648194
57847118 175151690
57847118 76432625
57847118 581647265
57847118 57644529
57847118 148280741
57847118 152515630
57847118 57644062
57847118 65490056
57847118 44758641
57847118 298863277
57847118 210246952
57847118 210223541
57847118 57648645
57847118 152735242
57847118 298849311
57847118 152688835
57847118 57650314
57847118 210229840
57847118 57647408
57847118 152889413
57847118 101696138
57847118 65612597
57847118 82563283
57847118 152566199
57847118 65487616
57847118 85903493
57847118 534700189
57847118 12033388
57847118 155818826
57847118 97087045
57847118 132686372
57847118 119291457
57847118 48727262
57847118 57589857
57847118 4136185
57847118 108287757
57847118 28431976
57847118 47300018
57847118 210212532
57847118 9011055
57847118 210215919
57847118 57644042
57847118 57645212
57847118 118831975
57847118 50859648
57847118 210192219
57847118 44754936
57847118 101699474
57847118 152593868
57847118 152603989
57847118 58155724
57847118 175151771
57847118 57849027
57847118 57847061
57847118 129996102
97087045 23618413
97087045 44757754
97087045 78918348
97087045 57650156
97087045 582475034
97087045 57644755
97087045 175152132
97087045 152531886
97087045 57644371
97087045 57644688
97087045 57648194
97087045 76432625
97087045 57644529
97087045 152885387
97087045 57644062
97087045 57648645
97087045 152735242
97087045 152688835
97087045 57647408
97087045 57847118
97087045 82563283
97087045 119291457
97087045 48727262
97087045 57589857
97087045 4136185
97087045 28431976
97087045 57644042
97087045 57645212
97087045 118831975
97087045 50859648
97087045 44754936
97087045 101699474
97087045 175151771
97087045 57849027
97087045 57847061
65612597 57644062
65612597 57650314
65612597 57644042
152735242 23618413
152735242 78918348
152735242 57644062
152735242 57647408
152735242 57847118
152735242 82563283
152735242 97087045
152735242 57644042
152735242 118831975
152735242 44754936
152735242 57849027
57408525 78918348
57408525 57644755
57408525 16187260
57408525 57648194
57408525 57847118
57408525 57849027
152820405 152603989
152885387 78918348
152885387 16187260
152885387 97087045
152885387 118831975
129996102 78918348
129996102 57645212
129996102 57644688
129996102 57847118
129996102 57847061
129996102 57849027
129996102 118831975
129996102 50859648
129996102 57644042
129996102 57644755
129996102 57589857
129996102 210212532
129996102 16187260
129996102 152604086
129996102 152593868
129996102 210192219
129996102 175152132
129996102 28431976
129996102 581053625
129996102 76432625
116272003 57644755
116272003 16187260
116272003 57647808
116272003 57644688
116272003 57648194
116272003 76432625
116272003 57644529
116272003 57648645
116272003 57647408
116272003 57847118
116272003 82563283
116272003 28431976
116272003 57644042
116272003 118831975
116272003 57847061
116272003 57849027
78918348 44757754
78918348 57408525
78918348 57644755
78918348 175152132
78918348 16187260
78918348 57644371
78918348 57644688
78918348 57648194
78918348 57644529
78918348 152885387
78918348 57644062
78918348 65490056
78918348 298849311
78918348 210229840
78918348 57847118
78918348 82563283
78918348 65487616
78918348 97087045
78918348 107856312
78918348 57589857
78918348 28431976
78918348 57644042
78918348 57645212
78918348 118831975
78918348 44754936
78918348 101699474
78918348 57849027
78918348 57847061
581647265 44757754
581647265 78918348
581647265 57644755
581647265 16187260
581647265 57648194
581647265 57847118
581647265 57644042
298849311 78918348
298849311 57847118
57647408 44757754
57647408 16554113
57647408 57644755
57647408 116272003
57647408 16187260
57647408 57644371
57647408 57644688
57647408 57648194
57647408 76432625
57647408 57644529
57647408 152735242
57647408 57847118
57647408 82563283
57647408 12033388
57647408 97087045
57647408 119291457
57647408 48727262
57647408 57648645
57647408 57644042
57647408 57645212
57647408 101699474
57647408 57849027
57647408 57847061
210229840 78918348
210229840 57648194
210229840 57847118
210229840 57644042
57644529 23618413
57644529 44757754
57644529 78918348
57644529 152915116
57644529 57650156
57644529 42090033
57644529 9753633
57644529 152935064
57644529 175157262
57644529 57644755
57644529 116272003
57644529 57644371
57644529 57644688
57644529 57648194
57644529 76432625
57644529 57644062
57644529 298863277
57644529 210246952
57644529 57648645
57644529 152688835
57644529 57650314
57644529 57647408
57644529 57847118
57644529 82563283
57644529 97087045
57644529 119291457
57644529 48727262
57644529 57589857
57644529 4136185
57644529 108287757
57644529 28431976
57644529 57644042
57644529 57645212
57644529 118831975
57644529 50859648
57644529 210192219
57644529 44754936
57644529 101699474
57644529 175151771
57644529 57849027
57644529 57847061
9011055 210192219
634139861 57847118
634139861 82563283
634139861 152593868
534700189 57847118
210192219 23618413
210192219 57644688
210192219 57644529
210192219 42090033
210192219 57644042
210192219 118831975
210192219 57847118
210192219 57650156
210192219 581200316
210192219 9011055
210192219 175152132
210192219 28431976
210192219 16187260
210192219 119291457
210192219 82563283
210192219 44754936
210192219 57849027
118831975 28431976
118831975 57847118
118831975 57645212
118831975 23618413
118831975 82563283
118831975 57644042
118831975 57648645
118831975 97087045
118831975 57647808
118831975 57644062
118831975 44758641
118831975 57644688
118831975 78918348
118831975 12033388
118831975 57644755
118831975 148280741
118831975 57589857
118831975 175152132
118831975 119291457
118831975 76432625
118831975 44757754
118831975 57648194
118831975 57644371
118831975 57650156
118831975 152735242
118831975 210212532
118831975 9753633
118831975 152935064
118831975 152726491
118831975 48727262
118831975 57644529
118831975 16187260
118831975 57653177
118831975 210187523
118831975 57650314
118831975 582475034
118831975 4136185
118831975 116272003
118831975 152566199
118831975 50859648
118831975 210192219
118831975 44754936
118831975 101699474
118831975 57849027
118831975 57847061
118831975 129996102
175157262 44757754
175157262 16187260
175157262 57644529
175157262 57847118
175157262 28431976
175157262 57849027
175151690 44757754
175151690 57847118
175151690 57849027
152935064 78918348
152935064 175152132
152935064 57644529
152935064 57648645
152935064 57847118
152935064 57644042
152935064 44754936
152889413 23618413
152889413 57847118
152889413 57589857
152889413 28431976
152889413 57645212
76432625 44757754
76432625 359366894
76432625 581053625
76432625 57650156
76432625 210187523
76432625 16554113
76432625 9753633
76432625 78790859
76432625 152921329
76432625 152941614
76432625 57644755
76432625 175152132
76432625 116272003
76432625 16187260
76432625 152531886
76432625 57647808
76432625 57644688
76432625 152726491
76432625 57648194
76432625 57644529
76432625 148280741
76432625 57644062
76432625 210223541
76432625 57648645
76432625 152688835
76432625 57647408
76432625 101696138
76432625 57847118
76432625 82563283
76432625 65487616
76432625 85903493
76432625 12033388
76432625 97087045
76432625 48727262
76432625 57589857
76432625 4136185
76432625 28431976
76432625 57644042
76432625 57645212
76432625 118831975
76432625 50859648
76432625 44754936
76432625 101699474
76432625 57849027
76432625 57847061
76432625 129996102
359366894 76432625
359366894 148280741
359366894 57847118
359366894 9011055
359366894 57644042
359366894 57645212
359366894 118831975
359366894 57847061
359366894 57849027
175151771 57644529
175151771 57847118
175151771 57589857
175151771 108287757
175151771 57648194
175151771 44757754
175151771 28431976
175151771 57644688
175151771 118831975
175151771 57644062
175151771 57645212
175151771 82563283
175151771 119291457
175151771 97087045
175151771 152531886
175151771 16187260
175151771 57644755
175151771 48727262
175151771 210223541
175151771 101699474
175151771 152566199
175151771 57650314
175151771 101696138
175151771 57847061
175151771 57849027
16554113 78918348
16554113 57650156
16554113 57644755
16554113 76432625
16554113 57647408
16554113 57847118
16554113 101699474
16554113 57847061
4136185 76432625
4136185 57847118
4136185 97087045
4136185 57589857
4136185 118831975
23618413 44757754
23618413 152915116
23618413 57644755
23618413 16187260
23618413 57644371
23618413 57644688
23618413 57648194
23618413 57644529
23618413 57644062
23618413 57648645
23618413 152889413
23618413 57847118
23618413 82563283
23618413 12033388
23618413 97087045
23618413 119291457
23618413 57589857
23618413 28431976
23618413 57644042
23618413 57645212
23618413 118831975
23618413 57849027
23618413 57847061
152723190 57650156
152723190 9753633
152723190 175152132
152723190 152531886
152723190 57847118
152723190 82563283
152723190 57644042
152723190 101699474
152723190 57847061
152723190 57849027
155818826 78918348
155818826 57847118
155818826 57849027
16187260 23618413
16187260 78918348
16187260 57408525
16187260 57650156
16187260 56973290
16187260 210187523
16187260 581200316
16187260 57653177
16187260 175157262
16187260 152604086
16187260 57644755
16187260 175152132
16187260 116272003
16187260 152531886
16187260 57644688
16187260 57648194
16187260 76432625
16187260 581647265
16187260 152885387
16187260 57644062
16187260 44758641
16187260 298863277
16187260 210223541
16187260 57648645
16187260 152735242
16187260 152688835
16187260 57650314
16187260 57647408
16187260 57847118
16187260 82563283
16187260 152566199
16187260 65487616
16187260 57589857
16187260 28431976
16187260 57644042
16187260 57645212
16187260 118831975
16187260 50859648
16187260 210192219
16187260 101699474
16187260 175151771
16187260 57849027
16187260 57847061
16187260 129996102
44758641 44757754
44758641 16187260
44758641 57847118
44758641 82563283
44758641 57645212
44758641 118831975
44758641 58155724
44758641 57847061
57644062 23618413
57644062 44757754
57644062 78918348
57644062 57650156
57644062 56973290
57644062 57644755
57644062 175152132
57644062 16187260
57644062 57644371
57644062 57644688
57644062 57648194
57644062 76432625
57644062 57644529
57644062 148280741
57644062 152735242
57644062 57650314
57644062 57847118
57644062 65612597
57644062 82563283
57644062 12033388
57644062 97087045
57644062 119291457
57644062 57589857
57644062 28431976
57644062 210212532
57644062 57644042
57644062 57645212
57644062 118831975
57644062 50859648
57644062 44754936
57644062 175151771
57644062 57849027
57644062 57847061
65487616 78918348
65487616 57650156
65487616 175152132
65487616 16187260
65487616 76432625
65487616 148280741
65487616 57648645
65487616 57650314
65487616 57847118
65487616 82563283
65487616 48727262
65487616 57589857
65487616 28431976
65487616 57644042
65487616 57849027
65487616 57847061
57589857 23618413
57589857 44757754
57589857 78918348
57589857 152915116
57589857 152941614
57589857 57644755
57589857 175152132
57589857 16187260
57589857 57644371
57589857 57647808
57589857 57644688
57589857 57648194
57589857 76432625
57589857 148280741
57589857 57644062
57589857 65490056
57589857 298863277
57589857 57648645
57589857 152735242
57589857 57847118
57589857 82563283
57589857 65487616
57589857 97087045
57589857 119291457
57589857 4136185
57589857 28431976
57589857 210215919
57589857 57644042
57589857 57645212
57589857 118831975
57589857 210192219
57589857 44754936
57589857 101699474
57589857 152603989
57589857 58155724
57589857 175151771
57589857 57849027
57589857 57847061
57589857 129996102
57645212 57847118
57645212 57589857
57645212 57644529
57645212 82563283
57645212 97087045
57645212 12033388
57645212 57644042
57645212 23618413
57645212 44757754
57645212 57644062
57645212 152889413
57645212 28431976
57645212 152915116
57645212 57644688
57645212 57648194
57645212 78918348
57645212 76432625
57645212 57644755
57645212 116272003
57645212 44758638
57645212 57647408
57645212 44758641
57645212 65490056
57645212 210212532
57645212 9753633
57645212 57647808
57645212 175152132
57645212 152688835
57645212 57648645
57645212 152941614
57645212 57650314
57645212 119291457
57645212 57650156
57645212 148280741
57645212 78790859
57645212 210187523
57645212 48727262
57645212 16187260
57645212 210223541
57645212 152604086
57645212 152531886
57645212 152726491
57645212 57653177
57645212 101696138
57645212 85903493
57645212 359366894
57645212 57644371
57645212 152515630
57645212 581053625
57645212 118831975
57645212 50859648
57645212 44754936
57645212 101699474
57645212 152593868
57645212 152603989
57645212 175151771
57645212 57849027
57645212 57847061
57645212 129996102
78790859 42090033
78790859 76432625
78790859 57847118
78790859 82563283
78790859 57644042
78790859 57645212
78790859 118831975
101699474 298863277
101699474 57847118
101699474 57648194
101699474 57644688
101699474 57589857
101699474 57645212
101699474 82563283
101699474 57644042
101699474 57644529
101699474 57644755
101699474 118831975
101699474 76432625
101699474 57647408
101699474 57648645
101699474 152688835
101699474 44757754
101699474 119291457
101699474 78918348
101699474 57644371
101699474 152941614
101699474 175152132
101699474 16554113
101699474 97087045
101699474 44754936
101699474 50859648
101699474 210223541
101699474 148280741
101699474 152531886
101699474 16187260
101699474 152566199
101699474 581053625
101699474 210187523
101699474 152593868
101699474 175151771
101699474 57849027
101699474 57847061
582475034 78918348
582475034 44754936
582475034 57644755
582475034 57644688
582475034 97087045
582475034 152593868
582475034 57849027
85903493 57648194
85903493 76432625
85903493 57648645
85903493 57847118
85903493 82563283
85903493 28431976
85903493 57645212
85903493 57849027
85903493 57847061
581200316 78918348
581200316 16187260
581200316 57644688
581200316 57847118
581200316 118831975
581200316 50859648
581200316 210192219
65490056 78918348
65490056 57644755
65490056 57648194
65490056 57847118
65490056 57645212
65490056 57849027
82563283 23618413
82563283 44757754
82563283 78918348
82563283 152915116
82563283 57650156
82563283 210187523
82563283 57653177
82563283 152723190
82563283 9753633
82563283 78790859
82563283 152941614
82563283 57644755
82563283 175152132
82563283 116272003
82563283 16187260
82563283 152531886
82563283 634139861
82563283 57647808
82563283 57644688
82563283 57648194
82563283 76432625
82563283 57644529
82563283 148280741
82563283 57644062
82563283 298863277
82563283 57648645
82563283 152735242
82563283 152688835
82563283 57650314
82563283 57647408
82563283 57847118
82563283 65487616
82563283 85903493
82563283 12033388
82563283 97087045
82563283 119291457
82563283 48727262
82563283 57589857
82563283 108287757
82563283 28431976
82563283 210212532
82563283 57644042
82563283 57645212
82563283 118831975
82563283 50859648
82563283 210192219
82563283 44754936
82563283 101699474
82563283 152593868
82563283 175151771
82563283 57849027
82563283 57847061
57647808 57644755
57647808 116272003
57647808 57644371
57647808 57644688
57647808 57648194
57647808 76432625
57647808 57847118
57647808 82563283
57647808 57589857
57647808 57644042
57647808 57645212
57647808 118831975
57647808 57849027
57647808 57847061
58422427 78918348
58422427 57589857
57648645 23618413
57648645 44757754
57648645 78918348
57648645 152915116
57648645 57650156
57648645 57653177
57648645 9753633
57648645 152935064
57648645 57644755
57648645 116272003
57648645 16187260
57648645 57644688
57648645 76432625
57648645 57644529
57648645 148280741
57648645 152688835
57648645 57650314
57648645 210229840
57648645 57847118
57648645 82563283
57648645 65487616
57648645 85903493
57648645 97087045
57648645 119291457
57648645 57589857
57648645 108287757
57648645 175152132
57648645 57647408
57648645 28431976
57648645 57644042
57648645 57645212
57648645 118831975
57648645 50859648
57648645 44754936
57648645 101699474
57648645 57849027
57648645 57847061
47300018 78918348
47300018 57847118
47300018 50859648
47300018 152593868
28431976 23618413
28431976 44757754
28431976 78918348
28431976 152915116
28431976 42090033
28431976 57653177
28431976 9753633
28431976 175157262
28431976 57644755
28431976 116272003
28431976 16187260
28431976 57644371
28431976 57648194
28431976 76432625
28431976 57644529
28431976 57644062
28431976 152688835
28431976 57650314
28431976 152889413
28431976 57847118
28431976 82563283
28431976 152566199
28431976 65487616
28431976 85903493
28431976 97087045
28431976 119291457
28431976 48727262
28431976 57589857
28431976 175152132
28431976 57648645
28431976 57644042
28431976 57645212
28431976 118831975
28431976 50859648
28431976 210192219
28431976 44754936
28431976 175151771
28431976 57849027
28431976 57847061
28431976 129996102
56973290 78918348
56973290 57650156
56973290 57644755
56973290 175152132
56973290 16187260
56973290 57644688
56973290 57644062
56973290 57847118
56973290 118831975
56973290 57849027
152593868 47300018
152593868 82563283
152593868 57644042
152593868 57648194
152593868 57847118
152593868 634139861
152593868 118831975
152593868 582475034
152593868 175151690
152593868 101699474
152593868 57645212
152593868 129996102
119291457 23618413
119291457 78918348
119291457 57644755
119291457 175152132
119291457 57644371
119291457 57644688
119291457 57648194
119291457 57644062
119291457 57648645
119291457 57647408
119291457 57847118
119291457 82563283
119291457 65487616
119291457 97087045
119291457 57589857
119291457 28431976
119291457 57644042
119291457 57645212
119291457 118831975
119291457 101699474
119291457 57849027
119291457 57847061
210215919 57847118
9753633 57650156
9753633 152723190
9753633 57644755
9753633 57644688
9753633 76432625
9753633 57644529
9753633 210223541
9753633 57648645
9753633 57847118
9753633 82563283
9753633 28431976
9753633 57644042
9753633 57645212
9753633 118831975
9753633 44754936
9753633 57849027
9753633 57847061
44757754 23618413
44757754 78918348
44757754 57650156
44757754 57653177
44757754 175157262
44757754 57644755
44757754 175152132
44757754 57644371
44757754 57644688
44757754 57648194
44757754 175151690
44757754 76432625
44757754 581647265
44757754 57644529
44757754 57644062
44757754 44758641
44757754 57648645
44757754 57647408
44757754 57847118
44757754 82563283
44757754 12033388
44757754 97087045
44757754 57589857
44757754 108287757
44757754 28431976
44757754 57644042
44757754 57645212
44757754 118831975
44757754 50859648
44757754 44754936
44757754 101699474
44757754 175151771
44757754 57849027
44757754 57847061
101696138 78918348
101696138 57650156
101696138 57644755
101696138 57644688
101696138 76432625
101696138 148280741
101696138 57847118
101696138 82563283
101696138 48727262
101696138 57644042
101696138 57645212
101696138 118831975
101696138 175151771
101696138 57849027
101696138 57847061
152603989 57847118
152603989 57650314
152603989 118831975
152603989 57650156
152603989 57645212
152603989 152820405
152603989 57589857
152603989 210187523
152603989 57847061
57644755 23618413
57644755 44757754
57644755 78918348
57644755 57408525
57644755 57650156
57644755 56973290
57644755 16554113
57644755 9753633
57644755 582475034
57644755 152941614
57644755 175152132
57644755 116272003
57644755 16187260
57644755 57644371
57644755 57647808
57644755 57644688
57644755 152726491
57644755 57648194
57644755 76432625
57644755 581647265
57644755 57644529
57644755 148280741
57644755 57644062
57644755 65490056
57644755 210223541
57644755 57648645
57644755 152688835
57644755 57650314
57644755 57647408
57644755 101696138
57644755 57847118
57644755 82563283
57644755 12033388
57644755 97087045
57644755 119291457
57644755 48727262
57644755 57589857
57644755 28431976
57644755 57644042
57644755 57645212
57644755 118831975
57644755 50859648
57644755 44754936
57644755 101699474
57644755 175151771
57644755 57849027
57644755 57847061
57644755 129996102
175152132 44757754
175152132 78918348
175152132 57650156
175152132 56973290
175152132 152723190
175152132 152935064
175152132 152941614
175152132 57644755
175152132 16187260
175152132 152531886
175152132 57644371
175152132 57644688
175152132 57648194
175152132 76432625
175152132 148280741
175152132 57644062
175152132 152688835
175152132 57847118
175152132 82563283
175152132 152566199
175152132 65487616
175152132 12033388
175152132 97087045
175152132 119291457
175152132 48727262
175152132 57589857
175152132 210212532
175152132 210223541
175152132 57648645
175152132 28431976
175152132 57644042
175152132 57645212
175152132 118831975
175152132 210192219
175152132 44754936
175152132 101699474
175152132 57849027
175152132 57847061
175152132 129996102
107856312 78918348
107856312 57648194
107856312 57847061
210246952 78918348
210246952 57644529
210246952 57847118
57644688 23618413
57644688 44757754
57644688 78918348
57644688 57650156
57644688 42090033
57644688 56973290
57644688 210187523
57644688 581200316
57644688 57653177
57644688 9753633
57644688 582475034
57644688 152941614
57644688 57644755
57644688 175152132
57644688 116272003
57644688 16187260
57644688 152531886
57644688 57644371
57644688 57647808
57644688 152726491
57644688 57648194
57644688 76432625
57644688 57644529
57644688 148280741
57644688 57644062
57644688 298863277
57644688 210223541
57644688 57648645
57644688 152688835
57644688 57650314
57644688 57647408
57644688 101696138
57644688 57847118
57644688 82563283
57644688 152566199
57644688 12033388
57644688 97087045
57644688 119291457
57644688 48727262
57644688 57589857
57644688 57644042
57644688 57645212
57644688 118831975
57644688 50859648
57644688 210192219
57644688 101699474
57644688 175151771
57644688 57849027
57644688 57847061
57644688 129996102
152921329 78918348
152921329 57644371
152921329 76432625
152921329 210229840
152921329 57847118
152921329 57644042
152921329 57847061
152921329 57849027
48727262 23618413
48727262 581053625
48727262 78918348
48727262 57650156
48727262 210187523
48727262 57653177
48727262 78790859
48727262 57644755
48727262 175152132
48727262 152531886
48727262 57644371
48727262 57647808
48727262 57644688
48727262 57648194
48727262 76432625
48727262 57644529
48727262 148280741
48727262 57647408
48727262 57847118
48727262 82563283
48727262 65487616
48727262 12033388
48727262 97087045
48727262 57589857
48727262 28431976
48727262 57644042
48727262 57645212
48727262 118831975
48727262 50859648
48727262 101699474
48727262 152593868
48727262 175151771
48727262 57847061
48727262 57849027
210212532 23618413
210212532 78918348
210212532 175152132
210212532 57644062
210212532 57847118
210212532 82563283
210212532 57644042
210212532 57645212
210212532 118831975
210212532 129996102
210212532 57847061
210212532 57849027
152915116 23618413
152915116 152726491
152915116 57648645
152915116 152688835
152915116 57847118
152915116 82563283
152915116 57589857
152915116 28431976
152915116 57644042
152915116 57645212
152915116 57849027
57650156 44757754
57650156 56973290
57650156 210187523
57650156 16554113
57650156 9753633
57650156 57644755
57650156 175152132
57650156 16187260
57650156 152531886
57650156 57644688
57650156 57648194
57650156 76432625
57650156 57644529
57650156 148280741
57650156 57644062
57650156 210223541
57650156 57648645
57650156 152688835
57650156 101696138
57650156 57847118
57650156 82563283
57650156 65487616
57650156 12033388
57650156 97087045
57650156 48727262
57650156 57644042
57650156 57645212
57650156 118831975
57650156 210192219
57650156 152603989
57650156 57849027
57650156 57847061
148280741 57650156
148280741 57644755
148280741 175152132
148280741 57644688
148280741 76432625
148280741 57644062
148280741 57648645
148280741 57847118
148280741 82563283
148280741 57644042
148280741 57645212
148280741 118831975
148280741 44754936
148280741 57849027
148280741 57847061
44754936 582475034
44754936 57847118
44754936 78918348
44754936 44757754
44754936 28431976
44754936 57644042
44754936 97087045
44754936 57648645
44754936 57644371
44754936 57644062
44754936 82563283
44754936 76432625
44754936 152735242
44754936 210223541
44754936 148280741
44754936 57644755
44754936 118831975
44754936 57645212
44754936 152935064
44754936 9753633
44754936 48727262
44754936 175152132
44754936 101699474
44754936 57849027
44754936 57847061
42090033 23618413
42090033 78918348
42090033 152935064
42090033 78790859
42090033 57644371
42090033 57644688
42090033 57644529
42090033 57650314
42090033 57847118
42090033 12033388
42090033 28431976
42090033 50859648
42090033 210192219
42090033 57847061
581053625 57644371
581053625 76432625
581053625 152688835
581053625 57847118
581053625 57644042
581053625 57645212
581053625 118831975
581053625 101699474
581053625 57849027
57648194 23618413
57648194 44757754
57648194 78918348
57648194 57408525
57648194 57650156
57648194 210187523
57648194 57653177
57648194 57644755
57648194 175152132
57648194 116272003
57648194 16187260
57648194 152531886
57648194 57647808
57648194 57644688
57648194 76432625
57648194 581647265
57648194 57644529
57648194 57644062
57648194 65490056
57648194 210223541
57648194 152688835
57648194 57650314
57648194 210229840
57648194 57647408
57648194 57847118
57648194 82563283
57648194 152566199
57648194 85903493
57648194 12033388
57648194 97087045
57648194 119291457
57648194 48727262
57648194 107856312
57648194 57589857
57648194 108287757
57648194 28431976
57648194 57644042
57648194 57645212
57648194 118831975
57648194 50859648
57648194 210192219
57648194 101699474
57648194 152593868
57648194 175151771
57648194 57849027
57648194 57847061
152566199 78918348
152566199 175152132
152566199 16187260
152566199 57644688
152566199 57648194
152566199 148280741
152566199 57847118
152566199 82563283
152566199 28431976
152566199 118831975
152566199 101699474
152566199 57849027
152566199 175151771
152726491 152915116
152726491 152941614
152726491 57644755
152726491 152531886
152726491 57644688
152726491 76432625
152726491 57650314
152726491 57847118
152726491 57644042
152726491 57645212
152726491 118831975
152726491 57849027
