152679224 152926071
152726986 152926071
152512617 81509783
152876869 152926071
152818855 152926071
65356580 152926071
152851142 152926071
152724627 152926071
152631328 152926071
34987223 152926071
152844504 152926071
152723200 152926071
369241541 152926071
581868165 152726986
581868165 152926071
152819802 152926071
152564824 152926071
152712845 152926071
44834151 152820782
44834151 152858232
44834151 152926071
44834151 152520008
152578322 152926071
152687256 152926071
601643350 152926071
131426261 152926071
152833674 152926071
580976430 152926071
41653089 152926071
152808688 152926071
152787899 152926071
152818371 152926071
152890827 152520008
152919393 152926071
148046703 152926071
581681624 152926071
152577145 152926071
152566301 152926071
152516752 152926071
152914219 152926071
215754321 152926071
152855160 152926071
152812023 152926071
152571711 152619607
152727498 152926071
152628270 152926071
152932611 152926071
152820782 152926071
152628515 601643350
152628515 152926071
152877800 152926071
131711484 152926071
152920236 152926071
581518802 152926071
152905317 152926071
152957197 152926071
152931183 152926071
298833020 152926071
81509783 152512617
581126093 152926071
152905005 152926071
152619607 152571711
152619607 152926071
152815982 152926071
152856251 152926071
152735247 152926071
42522819 152926071
155097480 41653089
