28662954 7263297
28662954 152735104
28662954 93736621
28662954 22978361
28662954 21597238
28662954 57651625
24416365 27729281
57635257 27729281
57635257 57848768
21597238 28662954
21597238 93736621
58150775 27729281
32195556 72777131
32195556 57578692
32195556 23667571
45012387 11096662
421476795 316243137
421476795 27729281
4254978 299988240
4254978 27729281
834195292 27729281
183439833 101904182
346906967 27729281
127209909 27729281
27729281 93921525
27729281 93736621
27729281 81377654
27729281 30393632
27729281 4254978
27729281 299988240
27729281 136556712
7263297 57650101
7263297 23667571
7263297 152953902
7263297 28662954
54241020 27729281
299988240 4254978
299988240 57848768
299988240 27729281
152732684 27729281
57653196 58377000
57653196 152735104
57578692 32195556
57578692 152953902
57578692 57648529
536923533 27729281
152850041 152953902
93921525 27729281
316243137 421476795
316243137 30393632
316243137 27729281
52583629 11096662
152730355 175526946
44759212 152735104
81377654 30393632
58377000 57653196
58377000 27729281
72777131 93736621
72777131 32195556
57648529 57578692
57648529 23667571
57648529 57651625
163807708 27729281
633983038 27729281
86085336 27729281
136556712 27729281
50871105 27729281
101904182 27729281
101904182 276843688
30393632 127612011
30393632 81377654
30393632 27729281
22978361 28662954
22978361 27729281
152953902 7263297
152953902 93736621
152953902 152850041
152953902 57578692
152953902 23667571
93736621 72777131
93736621 23667571
93736621 152953902
93736621 28662954
57488129 101904182
57488129 27729281
175526946 152730355
57650101 7263297
57650101 23667571
23667571 7263297
23667571 93736621
23667571 32195556
23667571 57650101
23667571 152953902
23667571 57648529
23667571 152956953
107538332 27729281
152735104 57653196
152735104 44759212
152735104 28662954
267225487 127209909
421489897 27729281
33402992 27729281
276843688 27729281
276843688 101904182
152956953 23667571
57651625 28662954
57651625 57648529
456672771 27729281
72472466 101904182
72472466 27729281
