152619648 45820576
152619648 58040060
152619648 581717556
152633483 175151862
152633483 152573518
152633483 152928743
152633483 57645052
152633483 57650087
152633483 152939029
152633483 9396580
152688747 57651521
60277052 175151862
60277052 152478302
60277052 25220916
581717556 152619648
175151862 152928743
175151862 175159209
175151862 152595059
175151862 133788733
175151862 484785770
175151862 60277052
175151862 57644534
175151862 152573518
175151862 152879755
175151862 152602785
175151862 152896571
175151862 152800593
175151862 581982220
175151862 57645052
175151862 57588317
175151862 58248907
175151862 57652834
175151862 25220916
175151862 13894523
175151862 105740515
175151862 310635942
175151862 210252937
175151862 152939029
175151862 163804181
175151862 152735088
175151862 271981625
175151862 432355717
175151862 57647214
175151862 298858970
175151862 57650087
175151862 152661872
175151862 152932118
175151862 152678887
175151862 152633483
175151862 155815054
581845250 175151862
562269376 152896571
562269376 57648000
152678887 152937465
152678887 833865351
152678887 152928743
152678887 152932118
152678887 581982220
152678887 152602785
152678887 57645052
152678887 152681182
152678887 57653340
152678887 152478302
152678887 152800593
152678887 133788733
152678887 57644366
152678887 432355717
152678887 175151862
152678887 45163706
152678887 152730833
152678887 57644534
152678887 175159209
152678887 105740515
152678887 310635942
152678887 152905092
152678887 152567182
57652626 152928743
57652626 57653340
57652626 9396580
57652626 57651521
57652626 57648000
57652626 57588317
57652626 152730833
57652626 25220916
57652626 152735088
57652626 152514932
57652626 57644366
57652626 57650087
60076624 57650087
26841228 152602785
26841228 25220916
26841228 210252937
310635942 175151862
310635942 57653340
310635942 9396580
310635942 152896571
310635942 581982220
310635942 581991812
310635942 812473986
310635942 152514932
310635942 57650087
310635942 152678887
432355717 175151862
432355717 57653340
432355717 210252937
432355717 152735088
432355717 155839909
432355717 57644366
432355717 57650087
432355717 152678887
152937465 57588317
152937465 152678887
271981625 175151862
271981625 582923330
152573518 152580680
152573518 175151862
152573518 152633483
152477040 57650087
154917722 57645052
57651521 152800593
57651521 152688747
57651521 57647214
57651521 57652626
57651521 57650087
57651521 152567182
152939029 175151862
152939029 152633483
45820576 152619648
45820576 57647214
155815054 152580680
155815054 175151862
10875552 152595059
10875552 57653340
152478302 152928743
152478302 60277052
152478302 57648000
152478302 57588317
152478302 152678887
57652834 175151862
57652834 57653340
57652834 57648000
57652834 152681182
57652834 25220916
57652834 57650087
45163706 152678887
152712001 57653340
152712001 25220916
105740515 175151862
105740515 57653340
105740515 152678887
58248907 175151862
130447984 25220916
152567182 57651521
152567182 57650087
152567182 152602785
152567182 57653340
152567182 152678887
152928743 175151862
152928743 57653340
152928743 152478302
152928743 57588317
152928743 25220916
152928743 57652626
152928743 57650087
152928743 58105933
152928743 152678887
152928743 152633483
152595059 175151862
152595059 10875552
582032302 57644366
58040060 152619648
152896571 175151862
152896571 562269376
152896571 57644534
152896571 581982220
152896571 581991812
152896571 310635942
287175824 133788733
57647214 175151862
57647214 57653340
57647214 45820576
57647214 57651521
57647214 57588317
57647214 25220916
57647214 210215207
57647214 57650087
298858970 175151862
152939384 581982220
152932118 175151862
152932118 581982220
152932118 57588317
152932118 152678887
152728643 215747976
57653340 152928743
57653340 175159209
57653340 152479029
57653340 582923330
57653340 57645052
57653340 152674521
57653340 57588317
57653340 152712001
57653340 57652834
57653340 25220916
57653340 105740515
57653340 310635942
57653340 10875552
57653340 152514932
57653340 432355717
57653340 634880185
57653340 57647214
57653340 57652626
57653340 57644366
57653340 57650087
57653340 152678887
57653340 152567182
152602785 175151862
152602785 26841228
152602785 25220916
152602785 210252937
152602785 152678887
152602785 152567182
152479029 57653340
152479029 57644534
152479029 57588317
152479029 210215207
152479029 57650087
581465046 57645052
13894523 175151862
833865351 152678887
152905092 152580680
152905092 152593089
152905092 152678887
634880185 57653340
634880185 57588317
634880185 57650087
163804181 175151862
163804181 57588317
163804181 155839909
133788733 175151862
133788733 287175824
133788733 152678887
57648000 175159209
57648000 562269376
57648000 152478302
57648000 57652834
57648000 57652626
484785770 175151862
152593089 581982220
152593089 580956567
152593089 152681182
152593089 13894523
152593089 152905092
210252937 175151862
210252937 152602785
210252937 57645052
210252937 26841228
210252937 432355717
57644366 57653340
57644366 152674521
57644366 57588317
57644366 155839909
57644366 432355717
57644366 57652626
57644366 57650087
57644366 57645052
57644366 582032302
57644366 152678887
581982220 175151862
581982220 152896571
581982220 57645052
581982220 152939384
581982220 152593089
581982220 310635942
581982220 152678887
58105933 57650087
582923330 57653340
582923330 152937465
582923330 271981625
582923330 57650087
152681182 152593089
152681182 57652834
152681182 152678887
754480327 57588317
754480327 57650087
152661872 175151862
57588317 152928743
57588317 175159209
57588317 152479029
57588317 175151862
57588317 57653340
57588317 152478302
57588317 25220916
57588317 210215207
57588317 163804181
57588317 152514932
57588317 754480327
57588317 634880185
57588317 57647214
57588317 57652626
57588317 57644366
57588317 57650087
57588317 152932118
152800593 175151862
152800593 57651521
152800593 57645052
152800593 152678887
152879755 175151862
152879755 152661872
152674521 57653340
152674521 57645052
152674521 57644366
152514932 57653340
152514932 57588317
152514932 57652626
152514932 57650087
57645052 175151862
57645052 57653340
57645052 9396580
57645052 152800593
57645052 581982220
57645052 152674521
57645052 25220916
57645052 210252937
57645052 581465046
57645052 57650087
57645052 57644366
57645052 152678887
57645052 152633483
210245991 57644534
580956567 152593089
57644534 152479029
57644534 175151862
57644534 152896571
57644534 152735088
57644534 210245991
57644534 152678887
812473986 310635942
152735088 175151862
152735088 57644534
152735088 432355717
152735088 57652626
25220916 175151862
25220916 57653340
25220916 60277052
25220916 152879755
25220916 152602785
25220916 57645052
25220916 57588317
25220916 152712001
25220916 26841228
25220916 57652834
25220916 13894523
25220916 130447984
25220916 57647214
25220916 57652626
25220916 57644366
25220916 57650087
9396580 57645052
9396580 310635942
9396580 57652626
9396580 57650087
9396580 152633483
152580680 175159209
152580680 152573518
152580680 57650087
152580680 155815054
155839909 163804181
155839909 432355717
155839909 57644366
152730833 210215207
152730833 57652626
152730833 57650087
152730833 152678887
57650087 152580680
57650087 152928743
57650087 152479029
57650087 175151862
57650087 57653340
57650087 60076624
57650087 582923330
57650087 152477040
57650087 9396580
57650087 57651521
57650087 57645052
57650087 57588317
57650087 152730833
57650087 57652834
57650087 25220916
57650087 210215207
57650087 310635942
57650087 152514932
57650087 754480327
57650087 432355717
57650087 634880185
57650087 57647214
57650087 57652626
57650087 57644366
57650087 58105933
57650087 152567182
57650087 152633483
175159209 152580680
175159209 175151862
175159209 57653340
175159209 57648000
175159209 57588317
175159209 152932118
175159209 152678887
