45137757 38522112
27312498 58993678
14772465 133065310
401070236 84743765
89050615 215869869
89050615 685621091
268517509 57847164
685621091 89050615
152501042 152897046
149543319 69324327
149543319 180181005
149543319 251287088
149543319 35945650
149543319 84158201
152524817 6727471
152524817 836610454
152524817 84434059
210241968 152897046
210241968 57847164
96192773 38522112
643520737 5757215
9380849 81379009
9380849 421542142
58993678 27312498
16011071 81379009
421496570 81379009
8150784 54437847
8150784 697273171
833329115 747086652
180181005 69324327
180181005 251287088
180181005 35945650
180181005 84158201
581160766 57847164
697273171 24815560
697273171 8150784
152581986 81379009
35945650 69324327
35945650 180181005
35945650 251287088
84158201 149543319
84158201 251287088
84158201 35945650
84158201 69324327
84158201 180181005
179104686 84434059
50865698 57847164
54437847 5757215
54437847 8150784
5757215 643520737
38522112 45137757
38522112 7230203
38522112 96192773
84743765 401070236
81379009 421542142
81379009 9380849
58355653 152897046
58355653 643786987
58355653 57847164
34125290 58993678
34125290 81379009
69324327 180181005
69324327 149543319
69324327 251287088
69324327 35945650
69324327 84158201
24815560 697273171
24815560 34125290
24815560 84158201
7230203 38522112
251287088 69324327
251287088 180181005
251287088 149543319
251287088 35945650
215869869 89050615
421542142 81379009
421542142 9380849
317334238 81379009
627780201 84434059
833824158 84434059
84434059 179104686
84434059 627780201
84434059 833824158
32247801 57847164
133065310 14772465
57847164 210241968
57847164 152897046
57847164 58355653
57847164 50865698
57847164 581160766
57847164 32247801
57847164 268517509
152897046 210241968
152897046 58355653
152897046 57847164
152897046 152501042
