643786696 58303556
643786696 233935319
643786696 24253636
58303556 643786696
58303556 233935319
58303556 362982185
58303556 189496096
58303556 149526857
58303556 24253636
58303556 23300100
24253636 149526857
24253636 643786696
24253636 58303556
188330534 189496096
28060160 189496096
15938128 189496096
23300100 144747126
362982185 58303556
152622642 24253636
233935319 58303556
233935319 643786696
233935319 189496096
144747126 189496096
104737041 189496096
189496096 144747126
189496096 15938128
189496096 58303556
189496096 298838772
189496096 643786696
189496096 233935319
189496096 28060160
189496096 188330534
189496096 104737041
189496096 362982185
189496096 149526857
189496096 56907330
56907330 189496096
149526857 233935319
149526857 58303556
149526857 189496096
149526857 643786696
149526857 24253636
298838772 189496096
