806259887 58159722
101697240 30845742
101697240 131196424
101697240 58159722
101697240 50651867
101697240 152955843
58358359 58441692
58358359 58159722
155852398 58159722
83653417 58159722
83653417 58490103
83653417 45810623
152595105 175151492
152595105 58159722
152592551 58159722
127764526 107228501
127764526 30845742
127764526 152722414
127764526 152850866
127764526 57648645
127764526 12738643
127764526 101700094
127764526 74871015
127764526 58441692
127764526 210199816
127764526 58160930
127764526 58490103
127764526 101697240
127764526 58159722
127764526 7643941
127764526 44754953
152656472 57648645
152656472 152432967
152656472 58159722
58489974 58159722
136556697 57648645
136556697 58159722
101700094 30845742
101700094 12738643
101700094 58159722
101700094 127764526
45810623 58441692
45810623 83653417
45810623 58159722
23198658 30845742
23198658 30686927
23198658 152734916
23198658 152937370
23198658 4037178
23198658 75665233
23198658 74871015
23198658 58159722
23198658 44754953
12738643 101697240
12738643 298837685
12738643 136556697
12738643 134449582
12738643 58441692
12738643 107496318
12738643 58159677
12738643 58490103
12738643 58168672
12738643 85051227
12738643 4037178
12738643 155852398
12738643 101700094
12738643 58362301
12738643 58086319
12738643 58159722
12738643 127764526
12738643 7643941
134449582 58441692
134449582 58159722
50651867 101697240
50651867 58441692
50651867 57651479
50651867 58159722
50651867 57648645
50651867 58107411
50651867 44754953
58159677 58441692
58159677 57648645
58159677 58159722
17563626 58159722
58168672 152722414
58168672 58092969
58168672 58159722
152812486 58441692
152812486 58159722
152818332 58159722
107228501 30845742
107228501 58162980
107228501 58441692
107228501 175151492
107228501 58160930
107228501 127764526
298837685 58159722
146169062 30845742
146169062 58441692
146169062 58107411
146169062 58159722
30845742 101697240
30845742 152722414
30845742 30686927
30845742 136556697
30845742 58162980
30845742 152728356
30845742 146169062
30845742 58441692
30845742 107496318
30845742 23198658
30845742 152937370
30845742 57648645
30845742 4037178
30845742 12738643
30845742 101700094
30845742 107228501
30845742 72125252
30845742 210199816
30845742 74871015
30845742 167172819
30845742 131196424
30845742 58159722
30845742 50651867
30845742 58160930
30845742 127764526
30845742 7643941
30845742 44754953
58490103 268652416
58490103 12738643
58490103 58159722
58490103 57648645
58490103 83653417
58490103 127764526
58490103 38166915
131196424 101697240
131196424 30845742
131196424 58441692
131196424 58159722
298830373 58159722
806266484 58159722
155834060 58159722
806247439 268652416
806247439 58159722
58162980 30845742
58162980 58441692
58162980 107496318
58162980 107228501
58162980 58159722
152937370 30845742
152937370 58441692
152937370 23198658
152937370 58159722
130236809 58159722
58151894 58441692
58151894 58159722
58151894 58160930
210199816 30845742
210199816 58160930
210199816 57648645
210199816 127764526
152722414 30845742
152722414 58441692
152722414 58168672
152722414 58159722
152722414 127764526
152670054 57648645
152670054 58159722
57607183 152850866
813393705 58159722
38166915 58490103
38166915 58159722
38166915 58441692
58441692 101697240
58441692 152722414
58441692 30845742
58441692 58162980
58441692 30415365
58441692 134449582
58441692 57651479
58441692 12738643
58441692 582408971
58441692 175151492
58441692 131196424
58441692 58159722
58441692 58160930
58441692 127764526
58441692 7643941
58159722 107484029
58159722 101697240
58159722 152722414
58159722 30845742
58159722 30686927
58159722 298837685
58159722 38200406
58159722 58162980
58159722 30415365
58159722 58441692
58159722 152734916
58159722 107496318
58159722 58159677
58159722 23198658
58159722 152937370
58159722 58168672
58159722 85051227
58159722 57648645
58159722 756495952
58159722 4037178
58159722 12738643
58159722 75665233
58159722 155852398
58159722 101700094
58159722 155834060
58159722 72125252
58159722 74871015
58159722 58086319
58159722 152432967
58159722 58107411
58159722 131196424
58159722 50651867
58159722 58160930
58159722 7643941
58159722 44754953
107484029 58159722
75665233 58159722
152520631 30845742
152520631 57648645
152520631 58159722
44754953 58159722
44754953 58441692
44754953 50651867
44754953 101697240
44754953 127764526
44754953 58160930
44754953 107496318
58290004 58441692
58290004 58159722
4037178 30845742
4037178 85051227
4037178 12738643
4037178 74871015
4037178 58159722
57651479 58162980
57651479 58441692
57651479 57648645
57651479 101700094
57651479 58159722
57651479 50651867
57651479 58160930
58092969 298837685
58092969 30415365
58092969 58441692
58092969 107496318
58092969 58168672
58092969 12738643
58092969 58086319
58092969 152728366
58092969 131196424
58092969 58159722
152432967 152656472
152432967 58441692
152432967 58159722
152432967 58160930
580973342 58159722
30686927 30845742
30686927 23198658
30686927 85051227
30686927 58159722
152955843 58441692
152955843 58159722
152955843 101697240
175151492 152595105
175151492 30415365
175151492 58441692
175151492 107496318
175151492 107228501
175151492 58160930
167172819 101697240
167172819 30845742
167172819 58159722
152933932 58159722
30415365 4037178
30415365 58107411
30415365 58159722
58107411 146169062
58107411 58159722
58107411 57648645
58107411 50651867
57648645 30845742
57648645 136556697
57648645 152520631
57648645 152656472
57648645 58441692
57648645 152734916
57648645 58159677
57648645 152670054
57648645 57651479
57648645 4037178
57648645 152850866
57648645 74871015
57648645 152728366
57648645 58159722
57648645 58160930
57648645 58490103
57648645 210199816
57648645 58107411
57648645 50651867
57648645 127764526
75710554 58159722
58362301 58441692
58362301 12738643
58362301 58159722
169257979 58159722
806241776 152850866
58160930 30845742
58160930 58441692
58160930 107496318
58160930 57648645
58160930 57651479
58160930 58151894
58160930 582408971
58160930 175151492
58160930 107228501
58160930 210199816
58160930 152850866
58160930 152432967
58160930 58159722
58160930 127764526
58160930 44754953
152850866 152520631
152850866 58441692
152850866 806241776
152850866 57648645
152850866 58160930
152850866 127764526
152850866 57607183
152850866 44754953
601604726 58441692
601604726 58159722
268652416 30845742
268652416 58441692
268652416 58490103
268652416 806247439
268652416 74871015
89857809 58159722
7643941 12738643
7643941 58441692
7643941 127764526
7643941 30845742
7643941 58159722
152931764 58159722
152734916 58159722
152734916 155834060
152734916 57648645
152728356 30845742
152728356 58441692
152728356 58159722
36995644 30845742
36995644 58159722
38200406 58159722
72125252 30845742
72125252 58159722
687037079 58159722
756495952 58159722
756495952 58441692
85051227 30686927
85051227 58441692
85051227 107496318
85051227 4037178
85051227 12738643
85051227 131196424
85051227 58159722
582408971 146169062
582408971 58441692
582408971 58159722
582408971 58160930
107496318 101697240
107496318 30845742
107496318 58092969
107496318 58162980
107496318 58441692
107496318 85051227
107496318 12738643
107496318 175151492
107496318 58159722
107496318 58160930
107496318 44754953
58086319 58092969
58086319 23198658
58086319 155852398
58086319 155834060
58086319 58159722
152579458 58159722
806230570 58159722
152728366 58092969
152728366 58441692
74871015 30845742
74871015 58441692
74871015 4037178
74871015 58159722
74871015 127764526
