704641887 112164362
61722443 13139115
61722443 25274135
61722443 81379009
81377531 81379009
81377531 38324774
81377531 112164362
81377531 35973773
152913639 639015217
152913639 35973773
7471989 83434813
7471989 81379009
54573397 421489000
54573397 81379009
54573397 35973773
149543319 35973773
7088067 81379009
7088067 35973773
152912520 57650136
639015217 152913639
57650136 58001334
57650136 152912520
57650136 57829496
57650136 58267936
57650136 35973773
57650136 81469914
38324774 81377531
81469914 81379009
81469914 58001334
81469914 57829496
81469914 35973773
81469914 57650136
35973773 80866330
35973773 57829496
35973773 83434813
35973773 112164362
35973773 152913639
35973773 7088067
35973773 421489000
35973773 54573397
35973773 149543319
35973773 113742668
35973773 81377531
35973773 421466135
35973773 81469914
35973773 57650136
35973773 35338465
35973773 49240104
35973773 136556712
35973773 152819358
35973773 13139115
35973773 163543991
35973773 81379009
112164362 704641887
112164362 52070750
112164362 81377531
112164362 35973773
152819358 421466135
152819358 35973773
113742668 35578060
113742668 35973773
58267936 58001334
58267936 57650136
57829496 113742668
57829496 81379009
57829496 81377531
57829496 83434813
57829496 81469914
57829496 421466135
57829496 35973773
57829496 57650136
57829496 13139115
13139115 35973773
13139115 81379009
13139115 61722443
136556712 35973773
25274135 80866330
25274135 61722443
81379009 421466135
81379009 35973773
81379009 13139115
58026269 81379009
73891667 136556712
35578060 113742668
35338465 421466135
35338465 81379009
35338465 35973773
83434813 57829496
83434813 35973773
83434813 7471989
421466135 57829496
421466135 35973773
421466135 35338465
421466135 61722443
421466135 81379009
421489000 54573397
421489000 35973773
163543991 35973773
80866330 35973773
80866330 61722443
49240104 35973773
52070750 112164362
58001334 81469914
58001334 35973773
58001334 57650136
