44929370 38689373
129775701 38689373
129775701 49042381
83151365 38689373
83151365 115235405
48692038 49069113
48692038 44180354
48692038 38689373
48692038 115235405
111450210 38689373
111450210 115235405
57129112 38689373
48747700 48689844
48747700 96993089
48747700 75775159
48747700 49047752
48747700 38689373
48747700 115235405
43714967 115235405
49060807 38689373
115235405 38689373
27831405 7126516
27831405 38689373
44613379 38689373
231337543 38689373
231337543 115235405
44381861 38689373
39805042 38689373
27087759 38689373
27087759 115235405
57364244 38689373
333267683 38689373
37449698 7126516
37449698 38689373
37449698 115235405
44890819 38689373
13924894 38689373
13924894 49042381
13924894 115235405
512637411 115235405
60689740 38689373
43775950 38689373
43775950 115235405
2462772 38689373
44291828 38689373
44291828 115235405
4637485 49042381
4637485 115235405
49069113 96993089
49069113 21742202
49069113 48692038
49069113 38689373
54303908 38689373
38689373 7126516
38689373 138620671
38689373 96993089
38689373 49069113
38689373 57364244
38689373 27087759
38689373 49047752
38689373 56350680
38689373 115235405
94036253 38689373
94036253 115235405
110990906 138620671
110990906 27831405
110990906 38689373
110990906 115235405
7126516 96993089
7126516 27831405
7126516 37449698
7126516 38689373
7126516 39805042
7126516 110990906
7126516 115235405
48689844 48747700
57378840 38689373
57378840 115235405
55239526 38689373
55206631 38689373
349563672 38689373
349563672 115235405
214338731 38689373
192495808 38689373
81500238 115235405
130076612 38689373
75775159 48747700
75775159 21742202
75775159 38689373
75775159 115235405
27008244 38689373
56891160 23993915
56891160 38689373
44180354 38689373
28272214 38689373
28272214 115235405
49047752 48747700
49047752 38689373
49047752 115235405
44865024 27831405
44865024 38689373
138620671 38689373
56350680 38689373
44279868 38689373
44591789 21742202
21742202 49069113
21742202 75775159
21742202 44591789
21742202 38689373
49046950 38689373
49046950 115235405
44294191 38689373
44294191 115235405
5103165 38689373
96993089 48747700
96993089 7126516
96993089 49069113
96993089 38689373
96993089 110990906
21092287 37449698
21092287 38689373
21092287 115235405
44745501 38689373
44745501 49042381
19923747 38689373
19923747 115235405
3266232 38689373
3266232 115235405
40673858 49047752
7217990 38689373
76741931 38689373
76741931 115235405
