47534050 818073564
165374947 104836558
58018172 80355520
58018172 152892631
77603259 40120472
436168072 4486787
10324829 80355520
10324829 152892631
10324829 152579223
10324829 7052254
10324829 152603940
10324829 65385355
44936972 4486787
44936972 57068825
57068825 81761389
57068825 229367354
57068825 727970474
57068825 4486787
7052254 32654305
7052254 10324829
602510678 57068825
602510678 229367354
167434983 119882782
167434983 104836558
834745706 45201161
727970474 57068825
229367354 57068825
229367354 602510678
229367354 836611570
229367354 4486787
818073564 47534050
80355520 58018172
80355520 10324829
21428347 32654305
40120472 77603259
65385355 10324829
21007208 32026688
152603940 32654305
152603940 10324829
81761389 57068825
32654305 7052254
32654305 152603940
32654305 21428347
545583325 119882782
104836558 119882782
54682028 23648574
152579223 10324829
119882782 45201161
119882782 104836558
152732457 152892631
57070177 4486787
781880158 45201161
152892631 58018172
152892631 10324829
152892631 152732457
32026688 21007208
