834980847 477673417
834245196 477673417
834245196 700445038
834245196 298808978
241619745 477673417
241619745 834245196
241619745 50650459
241619745 578723771
241619745 833414221
241619745 56926988
241619745 298808978
241619745 329943916
241619745 299106123
833313781 299106123
833313781 477673417
833313781 578723771
833313781 699129125
833313781 833313794
833313781 56926988
836611407 477673417
799911015 477673417
834124594 477673417
40095829 477673417
40095829 834124594
83355808 477673417
83355808 579063549
83355808 298808978
83355808 836611432
545841148 833313794
545841148 298808978
570596274 302908972
321629547 477673417
321629547 578723771
321629547 298808978
39755427 477673417
299106123 477673417
299106123 302908972
299106123 298808978
299106123 241619745
299106123 700445038
299106123 833313781
329943916 241619745
329943916 54477472
259160298 477673417
546825059 477673417
718928 477673417
298808978 477673417
298808978 834245196
298808978 83355808
298808978 538403798
298808978 448543631
298808978 303279430
298808978 50650459
298808978 578723771
298808978 833313803
298808978 753524978
298808978 833414219
298808978 746150816
298808978 698979848
298808978 833414010
298808978 302908972
298808978 834124594
298808978 138472488
298808978 455984974
298808978 75171790
298808978 93414304
298808978 259160298
298808978 700445038
298808978 578733080
298808978 833313794
298808978 833313832
298808978 836611432
298808978 241619745
298808978 299106123
298808978 321629547
298808978 545841148
298808978 833414221
298808978 400284201
298808978 56926988
298808978 699129125
298808978 54477472
538403798 477673417
833313760 477673417
833313760 578723771
833313760 700445038
833313760 833313794
829123832 477673417
299106322 477673417
835820774 477673417
93414304 477673417
93414304 833414219
93414304 54477472
93414304 833313832
93414304 298808978
455984974 477673417
455984974 448543631
455984974 17173494
455984974 833313769
455984974 833313794
455984974 298808978
455984974 700445038
191246906 477673417
191246906 833708357
836611432 477673417
836611432 83355808
284605304 477673417
833414010 477673417
833414010 578723771
833414010 138472488
833414010 298808978
579063549 83355808
579063549 836611789
833818658 477673417
448543631 477673417
448543631 833313769
448543631 699129125
448543631 833313832
448543631 833313794
448543631 298808978
448543631 700445038
448543631 455984974
448543631 833313803
448543631 578723771
644280957 477673417
17173494 477673417
17173494 455984974
17173494 138472488
75171790 477673417
75171790 298808978
200118739 477673417
200118739 302908972
449051058 477673417
238037021 477673417
835820714 477673417
835826226 477673417
835826226 699129125
833414221 477673417
833414221 241619745
746150816 477673417
746150816 298808978
746150816 329943916
302908972 200118739
302908972 833708357
302908972 700445038
302908972 299106123
836611817 477673417
833708357 477673417
833708357 50650459
833708357 302908972
833708357 834124594
833708357 700445038
833708357 833313794
833708357 191246906
303279430 477673417
303279430 50650459
303279430 298808978
835827403 477673417
699129125 477673417
699129125 448543631
699129125 578723771
699129125 835826226
699129125 455984974
699129125 700445038
699129125 578733080
699129125 833313794
699129125 833313781
699129125 298808978
56926988 477673417
56926988 456831417
56926988 833313794
56926988 329943916
56926988 241619745
56926988 400284201
56926988 298808978
56926988 833313781
833313832 477673417
833313832 448543631
833313832 578723771
833313832 834124594
833313832 298808978
833313832 833313794
833313832 833313769
700633002 477673417
833313769 477673417
833313769 448543631
833313769 833313832
833313769 833313794
833313769 298808978
833313769 455984974
836611789 477673417
578726117 477673417
477673417 8544175
477673417 833313781
578733080 477673417
578733080 578723771
578733080 833313781
578733080 17173494
4121121 477673417
833313803 448543631
833313803 833313794
578723771 477673417
578723771 833313781
578723771 699129125
578723771 833313794
578723771 298808978
578723771 700445038
578723771 833414010
578723771 448543631
833313794 477673417
833313794 448543631
833313794 578723771
833313794 545841148
833313794 833313803
833313794 455984974
833313794 700445038
833313794 578733080
833313794 56926988
833313794 298808978
833313794 833313781
833313794 833313769
833313794 699129125
833313794 833313832
54477472 477673417
54477472 93414304
54477472 298808978
220445052 477673417
50650459 477673417
50650459 303279430
50650459 241619745
50650459 191246906
50650459 298808978
50650459 833708357
149610158 477673417
698979848 477673417
138472488 477673417
138472488 833414010
138472488 298808978
138472488 17173494
700445038 477673417
700445038 448543631
700445038 578723771
700445038 400284201
700445038 302908972
700445038 833708357
700445038 455984974
700445038 298808978
700445038 833313794
700445038 833313832
700445038 699129125
700445038 833313760
700445038 833313769
700445038 321629547
700445038 504946803
700445038 833313781
700445038 17173494
700445038 299106123
700445038 578733080
37236574 456831417
745832645 477673417
745832645 11090002
833414219 93414304
8544175 477673417
72976459 477673417
700970028 477673417
834622892 477673417
72051421 477673417
400284201 298808978
701055271 477673417
833334682 477673417
