833319153 127503182
347426474 127503182
41276636 127503182
209981122 833374105
209981122 164822368
209981122 833319153
209981122 510446760
209981122 833319096
209981122 127503182
209981122 833374647
209981122 833374564
209981122 293390418
209981122 123136734
209981122 833319148
209981122 363402352
209981122 57367531
209981122 833374106
209981122 833373978
209981122 815104850
696425512 127503182
833373978 177131774
833373978 127503182
833373978 833374647
833373978 833319148
833373978 123136734
833373978 209981122
497887426 127503182
694774706 833319148
694774706 127503182
694774706 833319096
247463858 363402352
247463858 833319148
247463858 833374647
247463858 127503182
815479578 127503182
833319148 127503182
142844015 127503182
223684822 127503182
114984848 127503182
114984848 797989850
834061076 834061075
834061076 127503182
435951555 127503182
510118197 127503182
833374647 510446760
833374647 833398193
833374647 127503182
834094565 127503182
130372000 127503182
834061075 127503182
834061075 834061076
63444604 127503182
654420520 797989850
654420520 833374647
654420520 127503182
654420520 510446760
57163884 127503182
834098867 127503182
757427814 127503182
134653524 127503182
134653524 833374647
630571427 127503182
318638911 127503182
217223123 127503182
140565275 127503182
833374328 127503182
488721919 363402352
488721919 833319148
488721919 127503182
488721919 510446760
164822368 127503182
177131774 127503182
834089857 127503182
211533030 833319148
211533030 833319153
211533030 130372000
211533030 318638911
211533030 510446760
211533030 833398193
211533030 127503182
211533030 833374647
211533030 797989850
815093897 127503182
240068305 127503182
199806644 127503182
293390418 797989850
293390418 815104850
293390418 833373978
293390418 833319148
293390418 209981122
293390418 130372006
293390418 833319096
293390418 127503182
293390418 833374647
57367531 127503182
833374401 127503182
674667144 127503182
833813660 127503182
815050525 127503182
833374105 209981122
833374105 815104850
833374105 833319148
833374105 833374106
833374105 127503182
833374105 833319096
510446760 127503182
510446760 833374647
510446760 833398193
363402352 127503182
363402352 833319148
363402352 488721919
363402352 247463858
678656034 127503182
149543835 318638911
149543835 833373978
149543835 127503182
149543835 510446760
82612171 127503182
123136734 833373978
123136734 833319148
123136734 833374647
123136734 127503182
123136734 510446760
833374106 833374105
833374106 209981122
833374106 815104850
833374106 127503182
833374106 833319096
833374564 833373978
833374564 49909390
833374564 127503182
833374564 833374647
833374644 127503182
834113667 127503182
12857056 127503182
815104850 833374105
815104850 209981122
815104850 57367531
815104850 833319148
815104850 833374106
815104850 293390418
815104850 127503182
815104850 833319096
833398193 127503182
833398193 833374647
833398193 211533030
833398193 510446760
125671871 127503182
509788497 127503182
797989850 127503182
49909390 833319148
49909390 833374564
49909390 127503182
833319096 833861528
833319096 630571427
833319096 209981122
833319096 815104850
833319096 833861536
833319096 293390418
833319096 833373978
833319096 510118197
833319096 833319148
833319096 833374105
833319096 833319153
833319096 510777217
833319096 833813660
833319096 797989850
833319096 127503182
833319096 694774706
833319096 833374106
833319096 82612171
834101928 127503182
328280496 127503182
129267161 127503182
834092334 127503182
109300968 127503182
834061073 834087044
834061073 834061076
834061073 127503182
668826273 127503182
834090516 127503182
217223368 127503182
671036681 127503182
833861536 127503182
833861528 127503182
510777217 127503182
130372006 127503182
325125991 127503182
834071292 127503182
834087044 127503182
834087044 834061075
834087044 833373978
834091792 127503182
