155064835 15659139
57651432 57847110
57651432 15659139
57651432 50610290
57651432 57847030
57651432 30580176
57651432 57644609
152524109 57847110
152524109 15659139
302408074 3223062
302408074 15659139
302408074 67521426
302408074 34430146
302408074 57847030
215772261 15659139
581997223 57847110
581997223 30580176
162434254 15659139
68203533 15659139
36658312 15659139
36658312 34430146
8673978 57847110
8673978 15659139
8673978 34430146
8673978 30580176
581015109 15659139
581815934 15659139
34430146 57847110
34430146 277129826
34430146 58107716
34430146 15659139
34430146 580896978
34430146 155827088
34430146 50610290
34430146 57847030
34430146 58136458
34430146 36658312
34430146 8673978
34430146 30580176
34430146 67521426
34430146 60696757
34430146 152914556
34430146 132122153
34430146 30599386
34430146 462559934
34430146 68203533
34430146 152476149
34430146 302408074
34430146 580981445
582509695 15659139
30599386 15659139
30599386 67521426
15659139 3223062
15659139 58107716
15659139 34430146
15659139 32495870
15659139 101699923
15659139 67521426
15659139 60696757
15659139 152914556
15659139 120646190
15659139 68203533
15659139 152926177
15659139 12507008
15659139 30580176
532436175 15659139
50859833 15659139
67521426 15659139
67521426 34430146
67521426 32495870
67521426 30580176
67521426 60696757
67521426 30599386
67521426 120646190
67521426 302408074
155848067 15659139
582187300 15659139
57649676 155855043
57649676 57847110
57649676 15659139
104820830 15659139
39520781 15659139
580981445 15659139
580905234 15659139
30580176 210196241
30580176 57847110
30580176 3223062
30580176 34430146
30580176 152896032
30580176 8673978
30580176 210230416
30580176 67521426
30580176 57651432
30580176 120646190
30580176 581997223
30580176 12507008
30580176 57847030
30580176 15659139
155827088 15659139
155827088 34430146
210196028 57847110
210196028 15659139
601925702 15659139
601925702 60696757
806258836 15659139
152449197 15659139
152515298 15659139
60696757 57847110
60696757 15659139
60696757 34430146
60696757 601925702
60696757 30580176
60696757 67521426
60696757 132122153
60696757 120646190
128470993 15659139
57847030 57847110
57847030 3223062
57847030 34430146
57847030 57651432
57847030 30580176
57847030 15659139
57847030 302408074
57847030 57644609
152896032 15659139
152896032 12507008
152896032 30580176
152896032 210230416
152896032 57644609
580903963 15659139
580903963 34430146
277129826 15659139
277129826 34430146
32495870 15659139
32495870 34430146
32495870 101699923
32495870 67521426
3223062 57847110
3223062 15659139
3223062 57847030
3223062 30580176
3223062 120646190
3223062 302408074
152476149 34430146
152476149 15659139
120646190 57847110
120646190 3223062
120646190 58107716
120646190 15659139
120646190 58136458
120646190 30580176
120646190 67521426
120646190 60696757
58136458 15659139
58136458 120646190
155855043 57847110
155855043 15659139
155855043 57649676
57644609 15659139
57644609 57847030
57644609 57651432
57644609 210196241
57644609 57649676
210230416 57847110
210230416 152896032
210230416 30580176
581091477 15659139
50610290 15659139
50610290 34430146
50610290 12507008
581373658 15659139
7888049 15659139
154833200 15659139
101699923 15659139
152926177 15659139
462559934 15659139
462559934 34430146
748324539 15659139
54291718 15659139
107476944 15659139
298835373 58107716
298835373 15659139
580896978 57847110
580896978 15659139
580896978 34430146
459897505 15659139
57847110 155855043
57847110 3223062
57847110 15659139
57847110 34430146
57847110 580896978
57847110 210196028
57847110 57847030
57847110 8673978
57847110 30580176
57847110 210230416
57847110 152524109
57847110 152914556
57847110 57651432
57847110 57649676
57847110 120646190
57847110 581997223
58107716 57847110
58107716 15659139
58107716 120646190
582391077 15659139
12507008 152896032
12507008 50610290
12507008 132122153
12507008 30580176
12507008 15659139
210196241 15659139
210196241 30580176
210196241 57644609
582326117 15659139
152658520 15659139
939454 15659139
582033839 15659139
685182600 15659139
152594634 15659139
298856064 15659139
806271830 15659139
132122153 15659139
132122153 34430146
132122153 12507008
132122153 67521426
132122153 60696757
132122153 302408074
582915262 15659139
58106169 15659139
152914556 57847110
152914556 15659139
152914556 34430146
2254942 15659139
