28896565 24774439
383317589 24774439
676755313 24774439
676755313 15967982
565144513 10281813
172037852 128216600
730083749 127240881
211891574 127240881
179349086 127240881
164723328 24774439
139390365 179209633
139390365 127240881
139390365 15967982
179209633 139390365
82393257 15967982
166127477 127240881
30188031 127240881
107560582 127240881
833329089 15967982
520294745 24774439
165342464 24774439
140146102 127240881
140146102 15967982
551759860 127240881
129191576 69107223
164853849 128216600
164853849 24774439
107564580 127240881
438658789 836611370
42939817 51087703
42939817 127240881
400205615 15967982
304253441 128216600
304253441 24774439
304253441 15967982
164611249 127240881
24774439 128216600
24774439 383317589
24774439 136550561
24774439 476025487
24774439 529999989
24774439 15967982
783083466 127240881
102934320 127240881
15967982 128216600
15967982 24774439
15967982 519131989
15967982 140146102
15967982 164998715
141414319 127240881
141414319 311666047
29438988 127240881
836611593 24774439
164801442 128216600
164801442 24774439
111324285 127240881
111324285 15967982
421505316 127240881
164998715 15967982
152688091 15967982
136550561 24774439
269180092 127240881
269180092 12447909
269180092 15967982
513672147 24774439
164429821 24774439
836611370 438658789
135811953 12447909
217177618 128216600
217177618 24774439
65337654 127240881
65337654 15967982
134237645 15967982
123339842 127240881
317064863 127240881
317064863 24774439
99067113 24774439
33176276 128216600
33176276 24774439
162790141 12447909
69107223 129191576
69107223 24774439
311666047 141414319
606652934 24774439
519131989 128216600
519131989 15967982
686942674 24774439
821506531 15967982
130082480 128216600
130082480 11571029
130082480 127240881
162072131 24774439
316737804 127240881
316737804 15967982
11571029 128216600
11571029 127240881
11571029 130082480
834149853 15967982
84434059 15967982
12447909 135811953
12447909 127240881
12447909 269180092
12447909 162790141
529999989 24774439
834149633 15967982
141371625 127240881
280083458 127240881
51087703 127240881
51087703 42939817
16092603 15967982
164635288 24774439
166140384 127240881
207665086 127240881
476025487 24774439
506119282 15967982
820181422 15967982
128216600 11571029
128216600 24774439
128216600 15967982
