757666969 40059877
757666969 741689448
757666969 44651446
44972836 52561340
44972836 57485874
44972836 321504293
44972836 216084613
44972836 741689448
44972836 44651446
572430894 218296385
6663374 7193525
6663374 218296385
6663374 32371629
6663374 6495051
6663374 39077025
6663374 44651446
7193525 686119125
7193525 40059877
7193525 57485874
7193525 57334291
7193525 205151429
7193525 30397133
7193525 321504293
7193525 6663374
7193525 231578134
7193525 218296385
7193525 37149635
7193525 216084613
7193525 635341758
7193525 32371629
7193525 60363981
7193525 48028978
7193525 6495051
7193525 57434670
7193525 231293052
7193525 57364181
7193525 9615278
7193525 44941572
7193525 86314010
7193525 44651446
7193525 28103849
44560945 205151429
44560945 15501978
321504293 52561340
321504293 686119125
321504293 161490838
321504293 7193525
321504293 44972836
321504293 216084613
321504293 57434670
321504293 741689448
321504293 9615278
321504293 44651446
194457669 44651446
84916153 321504293
6495051 7193525
6495051 30397133
6495051 6663374
6495051 32371629
6495051 39077025
6495051 9615278
6495051 44651446
6495051 36012649
40059877 217192351
40059877 686119125
40059877 57485874
40059877 636984315
40059877 7193525
40059877 30397133
40059877 757666969
40059877 321504293
40059877 161152650
40059877 9615278
40059877 86314010
40059877 44651446
40059877 36012649
28103849 57485874
28103849 44539420
28103849 7193525
28103849 9615278
28103849 37149635
28103849 26370476
28103849 106986987
28103849 44651446
57434670 7193525
57434670 321504293
15501978 44560945
15501978 205151429
15501978 44861150
15501978 218296385
37149635 7193525
37149635 28103849
69024989 686119125
69024989 44651446
741689448 52561340
741689448 57334291
741689448 30397133
741689448 757666969
741689448 44972836
741689448 321504293
741689448 218296385
741689448 531805293
741689448 32371629
741689448 44788164
741689448 742602030
741689448 57364181
741689448 48725455
741689448 86314010
741689448 44651446
48725455 44651446
32371629 57485874
32371629 7193525
32371629 30397133
32371629 6663374
32371629 6495051
32371629 741689448
32371629 39077025
32371629 44651446
32371629 36012649
261843179 44651446
39077025 57334291
39077025 30397133
39077025 6663374
39077025 218296385
39077025 32371629
39077025 6495051
39077025 9615278
39077025 44651446
39077025 36012649
57364181 7193525
57364181 57334291
57364181 321504293
57364181 60363981
57364181 741689448
531805293 44539420
531805293 741689448
531805293 44651446
742602030 52561340
742602030 155313361
742602030 57334291
742602030 321504293
742602030 741689448
742602030 9615278
742602030 86314010
742602030 44651446
742602030 28103849
26370476 28103849
231293052 7193525
128491444 62025505
128491444 50876200
30397133 40059877
30397133 161490838
30397133 7193525
30397133 57334291
30397133 218296385
30397133 32371629
30397133 20658564
30397133 6495051
30397133 741689448
30397133 6249365
30397133 39077025
30397133 9615278
30397133 44651446
30397133 36012649
231578134 7193525
129895527 83237300
161152650 40059877
161152650 44651446
106986987 28103849
44651446 7193525
44651446 321504293
44651446 218296385
44651446 742602030
44651446 161152650
44651446 194457669
44651446 40059877
44651446 9615278
44651446 6663374
44651446 86314010
44651446 52561340
44651446 48725455
44651446 48028978
44651446 6495051
44651446 44753692
44651446 741689448
44651446 44539420
44651446 57485874
44651446 636971407
44651446 261843179
44651446 69024989
44651446 57385282
44651446 757666969
44651446 44972836
44651446 44727508
44651446 28103849
57334291 686119125
57334291 7193525
57334291 30397133
57334291 218296385
57334291 60363981
57334291 20658564
57334291 167430091
57334291 742602030
57334291 741689448
57334291 50876200
57334291 57364181
57334291 39077025
57334291 9615278
57334291 36012649
155313361 742602030
44861150 15501978
52561340 57485874
52561340 321504293
52561340 86314010
52561340 44651446
20658564 57334291
20658564 30397133
20658564 218296385
44539420 531805293
44539420 48725455
44539420 636971407
44539420 28103849
44539420 44651446
27692775 44651446
636984315 636971407
83237300 129895527
83237300 44651446
636971407 636984315
636971407 44539420
636971407 50876200
636971407 86314010
636971407 44651446
836611668 123143800
60363981 7193525
60363981 57334291
60363981 57364181
60363981 86314010
6249365 30397133
48028978 7193525
48028978 321504293
48028978 44651446
48028978 9615278
43774674 129507783
44941572 7193525
44845515 218296385
218296385 7193525
218296385 57334291
218296385 44845515
218296385 30397133
218296385 6663374
218296385 113125893
218296385 20658564
218296385 741689448
218296385 572430894
218296385 39077025
218296385 15501978
218296385 46765557
218296385 44651446
305010919 57485874
305010919 44651446
44753692 57485874
44753692 86314010
44753692 44651446
36012649 32371629
36012649 30397133
36012649 57334291
36012649 39077025
36012649 40059877
36012649 6495051
36012649 86314010
635341758 7193525
167430091 57334291
46765557 218296385
216084613 7193525
216084613 44972836
216084613 321504293
161490838 217192351
161490838 686119125
161490838 30397133
161490838 321504293
161490838 57364181
161490838 9615278
44788164 741689448
129507783 43774674
86314010 52561340
86314010 7193525
86314010 321504293
86314010 216084613
86314010 44753692
86314010 742602030
86314010 741689448
86314010 39077025
86314010 636971407
86314010 36012649
86314010 44651446
113125893 218296385
9615278 40059877
9615278 57485874
9615278 161490838
9615278 7193525
9615278 57334291
9615278 321504293
9615278 32371629
9615278 48028978
9615278 6495051
9615278 231293052
9615278 39077025
9615278 44651446
9615278 28103849
123143800 836611668
123143800 84916153
123143800 44651446
57485874 52561340
57485874 40059877
57485874 7193525
57485874 44972836
57485874 321504293
57485874 161152650
57485874 218296385
57485874 32371629
57485874 305010919
57485874 44753692
57485874 106986987
57485874 231293052
57485874 57364181
57485874 9615278
57485874 44651446
57485874 28103849
44727508 44651446
50876200 128491444
50876200 57334291
50876200 321504293
50876200 44651446
50876200 636971407
686119125 40059877
686119125 161490838
686119125 7193525
686119125 57334291
686119125 321504293
686119125 57364181
686119125 69024989
686119125 44651446
217192351 161490838
217192351 40059877
57385282 44651446
62025505 128491444
205151429 7193525
205151429 44560945
205151429 15501978
