582075310 127354619
152928189 127785477
152928189 58363399
152928189 138573055
152928189 13969437
152928189 127354619
836611808 127354619
413404566 127354619
152523567 127785477
152523567 833314080
152523567 138573055
152523567 58363399
152523567 75108913
152523567 127354619
152523567 152928189
71867570 152524817
71867570 75108913
71867570 210235585
43719903 127354619
152818657 127354619
152818657 138573055
152818657 58363399
152818657 75108913
152818657 833305244
152818657 13969437
152818657 127785477
152818657 633993930
673771635 58363399
69023499 127354619
69023499 833314080
69023499 152500365
69023499 581910846
69023499 812487764
69023499 138573055
69023499 152929118
365578285 127354619
57652125 127354619
57652125 152529115
57652125 75108913
57652125 210235585
57652125 57771198
633993930 127354619
633993930 152818657
833314080 756504073
833314080 69023499
833314080 152523567
833314080 152500365
833314080 833305244
833314080 152929118
831845488 127354619
58167806 127354619
756504073 127354619
756504073 152818657
756504073 833314080
756504073 152576152
756504073 152500365
581225546 127354619
57771198 127354619
57771198 57652125
57771198 152445617
57771198 104756957
836611440 127354619
152929118 127354619
152929118 833314080
152929118 58363399
152929118 69023499
152929118 152500365
302460375 127354619
152524817 127354619
152524817 152914565
152524817 71867570
152524817 75108913
152524817 58363399
152524817 69023499
298832974 127354619
298832974 75108913
298832974 128732417
298832974 210235585
58270722 127354619
31980760 127354619
31980760 152445617
218101170 127354619
218101170 58363399
218101170 127785477
218101170 138573055
104756957 152577358
104756957 75108913
104756957 368612888
104756957 210235585
104756957 57771198
581910846 138573055
581910846 127785477
581910846 127354619
804988832 127354619
75108913 152576152
75108913 153895586
75108913 57652125
75108913 152445617
75108913 44755081
75108913 152577358
75108913 152524817
75108913 540789628
75108913 152529115
75108913 298832974
75108913 71867570
75108913 128732417
75108913 210267455
75108913 104756957
75108913 368612888
75108913 45044472
75108913 210235585
75108913 57647249
75108913 152818657
75108913 152523567
152529115 57652125
152529115 127354619
152529115 75108913
44755081 127354619
44755081 75108913
44755081 132531582
210235585 152445617
210235585 298832974
210235585 71867570
210235585 75108913
210235585 104756957
210235585 57647249
581195968 127354619
132531582 127354619
132531582 44755081
98767626 127354619
153895586 127354619
153895586 75108913
806326011 127354619
833305244 127785477
833305244 58363399
833305244 152929118
833305244 138573055
833305244 833314080
833305244 152928189
833305244 13969437
58363399 152576152
58363399 127785477
58363399 138573055
58363399 127354619
58363399 756504073
58363399 581910846
58363399 833305244
58363399 673771635
58363399 152928189
582389832 127354619
836611633 127354619
210267455 127354619
210267455 75108913
292232826 127354619
388206054 127354619
152577358 127354619
152577358 152445617
152577358 75108913
152577358 104756957
540789628 127354619
540789628 75108913
152591781 127354619
130950318 127354619
130950318 152523567
368612888 127354619
368612888 75108913
368612888 104756957
150814418 127354619
152500365 152929118
152500365 833314080
152500365 756504073
152500365 69023499
298862503 127354619
581710081 127354619
582159901 127354619
152660771 127354619
517249872 127354619
581750906 127354619
45044472 127354619
45044472 75108913
45044472 210235585
45044472 57647249
127785477 218101170
127785477 138573055
127785477 812487764
127785477 756504073
127785477 152576152
127785477 58363399
127785477 581910846
127785477 833305244
127785477 13969437
127785477 152818657
127785477 152928189
127785477 152523567
127785477 69023499
57647249 75108913
57647249 210235585
57647249 45044472
152576152 127354619
152576152 138573055
152576152 75108913
152576152 210235585
152576152 756504073
152576152 127785477
152576152 58363399
152576152 833305244
152576152 673771635
152576152 152928189
142170853 127354619
152797173 127354619
152445617 127354619
152445617 152577358
152445617 31980760
152445617 75108913
152445617 210235585
152445617 57771198
138573055 127354619
138573055 127785477
138573055 581910846
138573055 833305244
138573055 152928189
152919426 127354619
634066773 127354619
581332031 127354619
581332031 298832974
225750037 127354619
128732417 127354619
128732417 298832974
128732417 75108913
13969437 138573055
13969437 581910846
13969437 127354619
13969437 833305244
13969437 127785477
13969437 152928189
313863264 127354619
582240065 127354619
