58289953 296102750
166677464 247539565
166677464 128401765
166677464 233004068
107668685 10513139
27339703 75286322
244455062 107666749
107666749 17336569
107666749 657407769
107666749 296428396
12930837 296428396
275025156 107666749
107658950 130388996
107669289 296428396
107671828 107666749
130265953 296428396
130265953 171101678
85046464 657407769
58379235 107666749
583825692 296428396
55400062 107666749
55400062 296428396
55400062 130388996
55400062 133052663
57479635 128401765
107674807 657407769
40434088 296428396
58165935 107666749
58165935 296428396
296428396 40434088
296428396 13277079
296428396 107666749
217131087 128401765
7007840 296428396
291390935 107666749
291390935 296428396
76254116 13277079
85165621 128401765
85165621 130388996
163906103 133052663
20660922 657407769
20660922 107666749
296102750 58289953
75286322 27339703
75286322 107674807
75286322 107666749
75286322 657407769
107670878 247539565
107670878 49240127
171101678 130265953
171101678 107666749
170815389 242510105
170815389 128401765
17336569 657407769
17336569 107666749
17336569 242510105
17336569 130265953
163467169 130265953
72465620 296428396
657407769 107666749
13277079 296428396
13277079 76254116
246583447 128401765
107667197 296428396
