413634359 18539928
413634359 27843814
413634359 16523641
413634359 58052129
152480763 421466263
152480763 58052129
152502040 49306848
152502040 27843814
152502040 833475378
292371173 16523641
152485959 753894340
152485959 216084937
152485959 114837233
152485959 61239761
152485959 27843814
152485959 152480763
152485959 45213959
152485959 218106210
152485959 58052129
152485959 9917729
212620873 299798690
152926252 49306848
58359316 27843814
152602530 58052129
14059389 36453271
14059389 27843814
14059389 58052129
57976185 16523641
57976185 13139115
252618071 27843814
252618071 45213959
252618071 23616220
252618071 16523641
152435052 23616220
45664305 27843814
45664305 58052129
45664305 16523641
57607529 362983588
57607529 833297997
57607529 58052129
57607529 72471441
216084937 42170762
216084937 152485959
216084937 8690203
216084937 421466263
216084937 114837233
216084937 61239761
216084937 218106210
216084937 58052129
72471441 27843814
72471441 16523641
291875109 27843814
291875109 58043528
291875109 18539928
58052129 152485959
58052129 27843814
58052129 127978951
58052129 210215998
58052129 152934159
49179643 49306848
49179643 114837233
49179643 27843814
49179643 421455363
49179643 58052129
58043528 49306848
58043528 27843814
58043528 58144312
58043528 421466263
58043528 291875109
58043528 58052129
58043528 16523641
58043528 210215998
58043528 152934159
58043528 13139115
152524347 8690203
152524347 27843814
152524347 16523641
152524347 58052129
50646095 27843814
421581436 27843814
80328027 27843814
155039633 8690203
155039633 58052129
172790825 49306848
172790825 421466263
172790825 27843814
172790825 421581436
172790825 58052129
172790825 643786710
299798690 210256990
299798690 27843814
70108190 27843814
129107633 27843814
129107633 8690203
210256990 27843814
210256990 8690203
210256990 299798690
210215998 27843814
210215998 8690203
210215998 58043528
210215998 58052129
58144312 27843814
58144312 58043528
33180203 27843814
33180203 421455363
33180203 16523641
643786710 49306848
643786710 172790825
643786710 27843814
700627551 27843814
700627551 58052129
8690203 753894340
8690203 42170762
8690203 155039633
8690203 216084937
8690203 152524347
8690203 27843814
8690203 421469246
8690203 210256990
8690203 421581436
8690203 16523641
8690203 210215998
8690203 129107633
8690203 421468960
8690203 152934159
8690203 13139115
8690203 92513647
8690203 52450086
8690203 10498615
421493620 49306848
421493620 16523641
18539928 27843814
18539928 413634359
18539928 291875109
18539928 16523641
421466263 42170762
421466263 27843814
421466263 58043528
421466263 152480763
421466263 421469246
13139115 421468960
13139115 58052129
13139115 27843814
13139115 8690203
13139115 16523641
316627963 27843814
127978951 42170762
127978951 92513647
321451999 27843814
321451999 9917729
321451999 58052129
193398101 58351291
193398101 16523641
193398101 13139115
193398101 291875109
193398101 421469246
193398101 58052129
193398101 49306848
193398101 42170762
193398101 129107633
193398101 27843814
753894340 8690203
152722740 58052129
49306848 421493620
49306848 768567123
49306848 27843814
49306848 162461110
49306848 643786710
49306848 193398101
49306848 362983588
364093320 27843814
152928905 27843814
152928905 58052129
152928905 362983588
23616220 152435052
23616220 252618071
23616220 14059389
23616220 42170762
23616220 129107633
23616220 9917729
802182385 27843814
151964733 27843814
151964733 58052129
768567123 127978951
768567123 49306848
768567123 27843814
768567123 58052129
44937258 42170762
758003381 58052129
42170762 44937258
42170762 127978951
42170762 216084937
42170762 8690203
42170762 27843814
42170762 58052129
42170762 16523641
42170762 23616220
42170762 52450086
42170762 152934159
52450086 152934159
52450086 42170762
52450086 58052129
52450086 8690203
52450086 10498615
152934159 27843814
152934159 49306848
152934159 42170762
152934159 58043528
152934159 58052129
152934159 8690203
152934159 13139115
152934159 52450086
162461110 49306848
162461110 27843814
162461110 16523641
162461110 362983588
421468960 362983588
421468960 27843814
421468960 8690203
421468960 58052129
27843814 127978951
27843814 364093320
27843814 42170762
27843814 299798690
27843814 58144312
27843814 58043528
27843814 49306848
27843814 8690203
27843814 768567123
27843814 152524347
27843814 10498615
27843814 50646095
27843814 291875109
27843814 152480763
27843814 421469246
27843814 80328027
27843814 210256990
27843814 218106210
27843814 421581436
27843814 421455363
27843814 58052129
27843814 643786710
27843814 16523641
27843814 210215998
27843814 129107633
27843814 421468960
27843814 70108190
27843814 152934159
27843814 13139115
27843814 9917729
27843814 362983588
27843814 193398101
114906658 27843814
497973228 58052129
36453271 14059389
421469246 421466263
421469246 27843814
421469246 8690203
421469246 193398101
114837233 44937258
114837233 49179643
114837233 152485959
114837233 216084937
114837233 61239761
114837233 27843814
114837233 45213959
114837233 218106210
114837233 13139115
58249243 16523641
421499616 49239920
421499616 27843814
421499616 107672912
61239761 44937258
61239761 152485959
61239761 216084937
61239761 114837233
61239761 45213959
49239920 421499616
49239920 107672912
49239920 27843814
49239920 58052129
421455363 27843814
421455363 152524347
421455363 49179643
421455363 33180203
421455363 152480763
421455363 58052129
421455363 16523641
421455363 72471441
421455363 13139115
25447833 58052129
25447833 27843814
107672912 27843814
107672912 421499616
92513647 8690203
92513647 58052129
92513647 16523641
92513647 127978951
10498615 58052129
10498615 52450086
10498615 27843814
10498615 8690203
16523641 127978951
16523641 152524347
16523641 27843814
16523641 833319352
16523641 49306848
16523641 8690203
16523641 33180203
16523641 58052129
16523641 292371173
16523641 162461110
16523641 58043528
16523641 76573584
16523641 49179643
16523641 421493620
16523641 42170762
16523641 57976185
16523641 321451999
16523641 421455363
16523641 291875109
16523641 18539928
16523641 58249243
16523641 13139115
16523641 92513647
16523641 362983588
16523641 72471441
16523641 193398101
421461270 27843814
9917729 27843814
362983588 58052129
362983588 16523641
362983588 49306848
362983588 152928905
362983588 162461110
362983588 27843814
362983588 421468960
76573584 49306848
152566595 49306848
152566595 27843814
3377860 27843814
833319352 49306848
833319352 16523641
833319352 27843814
218106210 27843814
218106210 114837233
218106210 13139115
45213959 114837233
45213959 44937258
45213959 61239761
45213959 216084937
45213959 252618071
45213959 152485959
