53944698 127172164
223393009 127172164
223393009 152479250
152928328 97088182
152928328 65273873
152928328 107496225
152928328 127172164
580872747 152733277
580872747 152479250
580872747 152811792
58424250 58424454
152730308 57589787
152730308 127172164
302723036 127172164
61279472 127172164
582001758 57468137
582001758 127172164
582001758 152937997
582001758 101696665
580897087 581676621
836611857 127172164
51715039 127172164
51715039 19471925
307399836 127172164
177175193 127172164
581719649 152811792
581719649 127172164
8836797 58391600
8836797 57589787
8836797 151884535
8836797 152582349
8836797 57653213
8836797 65273873
8836797 580891670
8836797 127172164
152479250 214927763
152479250 580872747
152479250 581676621
152479250 127172164
30741886 127172164
58424454 58391600
58424454 58424250
58391600 8836797
58391600 58424454
58391600 51101484
58391600 61279472
107496225 152928328
107496225 151884535
107496225 65273873
107496225 127172164
107496225 152811792
349658686 127172164
44755144 97088182
44755144 127172164
147965044 127172164
152545898 151884535
152545898 127172164
152545898 132787500
152545898 58040885
152545898 101696665
152545898 61947904
58310272 127172164
65273873 8836797
65273873 152928328
65273873 155834012
65273873 57589787
65273873 58105754
65273873 12379244
65273873 152818748
65273873 57468137
65273873 57653213
65273873 31415083
65273873 107496225
65273873 581676621
65273873 152956507
65273873 152931850
65273873 127172164
65273873 152937997
65273873 152684973
65273873 152934239
65273873 85864003
65273873 19471925
65273873 101696665
65273873 581888687
581773087 152934239
581773087 127172164
152954336 152931850
131630430 152582349
131630430 57468137
131630430 152956507
131630430 152931850
131630430 127172164
131630430 101696665
131630430 61947904
50885864 127172164
50885864 152684973
57605838 58391600
57605838 58105754
57605838 127172164
57605838 152684973
57605838 155896281
152931850 57468137
152931850 65273873
152931850 127172164
152931850 131630430
152956507 58105754
152956507 97088182
152956507 57468137
152956507 65273873
152956507 127172164
152956507 131630430
152956507 19471925
152956507 101696665
152956507 61947904
57468137 152856452
57468137 57589787
57468137 97088182
57468137 152582349
57468137 65273873
57468137 31415083
57468137 152956507
57468137 152931850
57468137 127172164
57468137 582001758
57468137 131630430
57468137 101696665
57468137 61947904
57589787 8836797
57589787 210196309
57589787 152730308
57589787 155834012
57589787 151884535
57589787 152582349
57589787 57468137
57589787 57653213
57589787 65273873
58265120 580891670
58265120 127172164
152684973 50885864
152684973 65273873
152684973 127172164
152684973 57605838
152684973 19471925
37643758 127172164
37643758 120024762
37643758 61947904
83612588 57468137
83612588 127172164
83612588 101696665
155815266 127172164
155815266 101696665
152582349 8836797
152582349 57589787
152582349 57468137
152582349 31415083
152582349 210191357
152582349 127172164
152582349 131630430
152582349 19471925
152582349 180355521
57647552 210196309
57647552 151884535
57647552 31415083
57647552 127172164
19471925 155834012
19471925 151884535
19471925 152582349
19471925 65273873
19471925 31415083
19471925 152956507
19471925 127172164
19471925 152937997
19471925 152684973
19471925 85864003
19471925 51715039
19471925 101696665
19471925 61947904
581888687 127172164
581888687 57653213
581888687 65273873
120024762 37643758
120024762 127172164
16461487 127172164
580956477 127172164
580956477 120024762
155834012 155834444
155834012 57589787
155834012 65273873
155834012 581676621
155834012 127172164
155834012 19471925
210191357 152582349
210191357 127172164
101696665 127172164
101696665 155815266
101696665 12379244
101696665 65273873
101696665 85864003
101696665 19471925
101696665 97088182
101696665 152934239
101696665 152956507
101696665 57468137
101696665 83612588
101696665 582001758
101696665 131630430
101696665 152545898
152856452 57468137
152856452 127172164
152930261 580872747
152930261 127172164
58371618 582393364
58371618 127172164
152816701 127172164
61947904 127172164
61947904 97088182
61947904 101696665
61947904 19471925
61947904 131630430
61947904 152956507
61947904 57468137
61947904 152545898
61947904 37643758
61947904 31415083
61947904 50885864
696451420 127172164
152937997 65273873
152937997 31415083
152937997 127172164
152937997 582001758
152937997 19471925
85864003 65273873
85864003 127172164
85864003 19471925
790549606 127172164
152582409 127172164
31415083 57647552
31415083 155834444
31415083 214927763
31415083 151884535
31415083 152733277
31415083 97088182
31415083 152582349
31415083 57468137
31415083 57653213
31415083 65273873
31415083 107496225
31415083 152714296
31415083 152956507
31415083 127172164
31415083 152937997
31415083 19471925
152934239 65273873
152934239 127172164
152934239 101696665
58105754 65273873
58105754 152956507
58105754 127172164
57653213 8836797
57653213 210196309
57653213 57589787
57653213 151884535
57653213 65273873
57653213 31415083
57653213 107496225
57653213 580891670
57653213 581888687
210196309 57647552
210196309 57589787
210196309 152733277
210196309 57653213
210196309 152714296
155823037 127172164
12379244 65273873
12379244 107496225
12379244 127172164
12379244 101696665
580891670 8836797
580891670 57653213
580891670 127172164
580891670 58265120
581676621 155834444
581676621 127172164
581676621 152479250
97088182 152928328
97088182 214927763
97088182 44755144
97088182 57468137
97088182 31415083
97088182 152956507
97088182 127172164
97088182 132787500
97088182 101696665
97088182 61947904
51101484 58391600
58040885 152545898
58040885 127172164
180355521 127172164
180355521 152733277
180355521 152582349
132787500 152545898
132787500 97088182
132787500 127172164
435165296 127172164
582001949 127172164
152818748 127172164
155896281 127172164
155896281 57605838
152733277 210196309
152733277 580872747
152733277 31415083
152733277 127172164
152733277 180355521
225750037 127172164
151884535 8836797
151884535 152545898
151884535 57647552
151884535 57589787
151884535 58105754
151884535 57653213
151884535 31415083
151884535 107496225
151884535 127172164
152714296 210196309
152714296 31415083
152714296 127172164
316242063 127172164
152811792 107496225
152811792 127172164
152811792 37643758
155834444 155834012
155834444 31415083
155834444 581676621
155834444 127172164
155834444 152937997
214927763 97088182
214927763 31415083
214927763 127172164
214927763 152479250
