14794735 371024169
14794735 9023080
14794735 6852339
14794735 23443626
161650173 24764142
11862388 70357211
11862388 142562284
11862388 17386717
11862388 69384057
11862388 69578337
11862388 23443626
11862388 6852339
60800778 326864022
60800778 23443626
58478217 12226610
58478217 11862388
25927763 24764142
326864022 60800778
326864022 23443626
10071705 29840001
10071705 69384057
10071705 57990771
10071705 6599815
10071705 23443626
166672723 24764142
65269505 26426078
138746032 10071705
138746032 69384057
138746032 57990771
193195696 23443626
6599815 29840001
6599815 21286812
6599815 19880850
6599815 69384057
6599815 7868428
6599815 34190360
6599815 10071705
6599815 142562284
6599815 24436018
6599815 57990771
6599815 57994202
6599815 73498729
6599815 23443626
6599815 155804738
6599815 34974410
156555128 11862388
156555128 69384057
156555128 114837199
298856171 73498729
298856171 69384057
17386717 24764142
17386717 11862388
17386717 9023080
17386717 23443626
421502492 23443626
154896709 142562284
9023080 24764142
9023080 69384057
9023080 356090645
9023080 164374513
9023080 93286917
9023080 17386717
9023080 34190360
9023080 52450086
9023080 6852339
24764142 119107875
24764142 694794604
24764142 421502492
24764142 120964740
24764142 17386717
24764142 187064004
24764142 69384057
24764142 9023080
24764142 23443626
114837199 156555128
114837199 326864022
114837199 29840001
69384057 10071705
69384057 29840001
69384057 24764142
69384057 57990771
69384057 6599815
69384057 114837199
69384057 23443626
187064004 24764142
147937574 3925864
26426078 65269505
26426078 127530752
6852339 3925864
6852339 127530752
6852339 680318037
6852339 11862388
6852339 14794735
6852339 9023080
6852339 540767399
6852339 17448494
6852339 30770418
6852339 23443626
70357211 11862388
119107875 24764142
119107875 69384057
119107875 23443626
371024169 23443626
371024169 14794735
12226610 58478217
12226610 52450086
12226610 23443626
12226610 155804738
7868428 6599815
24436018 29840001
24436018 73498729
24436018 10071705
24436018 69384057
24436018 127530752
24436018 57990771
24436018 6599815
24436018 155804738
34974410 155804738
34974410 6599815
34974410 73498729
120964740 24764142
93286917 9023080
680318037 6852339
7505003 29840001
19880850 21286812
19880850 10071705
19880850 69384057
19880850 6599815
19880850 23443626
164374513 9023080
164374513 23443626
37392023 24764142
37392023 69384057
155804738 12226610
155804738 6599815
155804738 57994202
155804738 29840001
155804738 24436018
155804738 57990771
155804738 69578337
155804738 34974410
57994202 69384057
57994202 73498729
57994202 69578337
57994202 57990771
57994202 6599815
57994202 155804738
61296472 69384057
61296472 23443626
34190360 69384057
34190360 6599815
34190360 9023080
34190360 23443626
52450086 326864022
52450086 12226610
52450086 23443626
52450086 9023080
73498729 29840001
57990771 29840001
57990771 10071705
57990771 69384057
57990771 7505003
57990771 21286812
57990771 73498729
57990771 6599815
57990771 14794735
57990771 9023080
57990771 155804738
21286812 138746032
21286812 19880850
21286812 7505003
21286812 10071705
21286812 57990771
21286812 6599815
23443626 52450086
23443626 34190360
23443626 69578337
23443626 421502492
23443626 164374513
23443626 29840001
23443626 61296472
23443626 12226610
23443626 69384057
23443626 6599815
23443626 60800778
23443626 17386717
23443626 19880850
23443626 119107875
23443626 3925864
23443626 10071705
23443626 11862388
23443626 24764142
23443626 30770418
23443626 6852339
23443626 14794735
23443626 152797051
23443626 326864022
23443626 193195696
23443626 576967631
23443626 371024169
23443626 57990771
142562284 154896709
142562284 11862388
142562284 6599815
29840001 73498729
29840001 24436018
29840001 7505003
29840001 10071705
29840001 69384057
29840001 6599815
29840001 23443626
29840001 155804738
69578337 57994202
69578337 11862388
69578337 29840001
69578337 23443626
69578337 155804738
7835197 164370017
7835197 127530752
30770418 23443626
152797051 11862388
152797051 23443626
3925864 147937574
3925864 6852339
3925864 23443626
694794604 24764142
356090645 326864022
356090645 9023080
