582632948 127166025
834035741 127166025
58157433 127166025
58157433 22424813
58157433 57648599
102230119 127166025
102230119 57648599
22415358 76427055
22415358 57646531
22415358 152579451
22415358 60920986
22415358 232663808
22415358 57653178
22415358 210196297
22415358 28356438
22415358 152576582
22415358 210199670
22415358 57648042
22415358 57588062
22415358 175164145
22415358 130236962
22415358 57653213
22415358 127166025
22415358 22424813
22415358 149547209
22415358 57650865
22415358 298839922
22415358 57648599
22415358 57650211
22415358 501147985
22415358 155839868
22415358 152850203
22415358 35573909
22415358 105774273
22415358 152788846
22415358 36698211
22415358 57648529
22415358 210191091
22415358 152629302
22415358 57647998
22415358 152896760
210199670 22415358
210199670 57653178
210199670 57651940
210199670 57645764
210199670 57653213
210199670 127166025
210199670 57648599
210199670 57650211
210199670 501147985
210199670 57647998
210199670 57648659
76427055 22415358
76427055 130236962
76427055 127166025
155839868 22415358
155839868 152915351
155839868 57648042
155839868 127166025
155839868 152629302
155839868 152896760
228842183 127166025
57648599 22415358
57648599 298833298
57648599 232663808
57648599 57653178
57648599 81290659
57648599 210199670
57648599 306568857
57648599 73513084
57648599 54475226
57648599 127166025
57648599 102230119
57648599 149547209
57648599 298839922
57648599 501147985
57648599 57648529
57648599 58157433
57648599 152629302
57648599 57647998
57648599 57648659
22424813 22415358
22424813 152879629
22424813 28356438
22424813 306568857
22424813 101696721
22424813 127166025
22424813 57650865
22424813 298839922
22424813 57650211
22424813 105774273
22424813 152788846
22424813 58157433
22424813 57648659
152510343 22424813
152510343 127166025
152702138 127166025
152788846 22415358
152788846 127166025
152788846 22424813
836611869 127166025
57648659 57648599
57648659 306568857
57648659 22424813
57648659 152879629
57648659 57647998
57648659 57650865
57648659 210191091
57648659 210199670
57648659 152596209
57648659 501147985
57648659 57650211
57648659 127166025
57648659 73513084
57648659 57653213
57650865 22415358
57650865 57653178
57650865 306568857
57650865 127166025
57650865 22424813
57650865 6961236
57650865 36698211
57650865 57647998
57650865 57648659
680648840 127166025
210252464 127166025
130236962 76427055
130236962 22415358
130236962 152879629
130236962 127166025
130236962 22424813
130236962 57647998
130236962 152896760
306568857 57653178
306568857 28356438
306568857 127166025
306568857 22424813
306568857 57650865
306568857 57648599
306568857 501147985
306568857 57648529
306568857 57647998
812549035 127166025
210191091 22415358
210191091 57653178
210191091 73513084
210191091 127166025
210191091 22424813
210191091 57650211
210191091 36698211
210191091 57648529
210191091 57647998
210191091 57648659
152930732 127166025
55025496 127166025
757476364 127166025
6961236 152879629
6961236 127166025
6961236 57650865
152480398 127166025
152619415 127166025
152619415 57648529
152735802 152596209
152735802 57653178
152735802 812549035
152735802 81290659
152735802 127166025
152735802 22424813
152735802 57650211
152735802 57647998
152896760 127166025
152896760 28356438
152896760 22415358
152896760 57645764
152896760 155839868
152896760 130236962
152896760 57647998
175164145 22415358
175164145 127166025
149547209 22415358
149547209 152596209
149547209 175164145
149547209 127166025
149547209 57648599
298857252 127166025
28356438 22415358
28356438 298833298
28356438 306568857
28356438 152915351
28356438 57645764
28356438 57653213
28356438 127166025
28356438 22424813
28356438 31814678
28356438 35573909
28356438 57648529
28356438 152629302
28356438 57647998
48692180 127166025
48692180 57647998
152879629 57653178
152879629 73513084
152879629 57645764
152879629 130236962
152879629 57653213
152879629 127166025
152879629 22424813
152879629 6961236
152879629 36698211
152879629 57648659
57648529 22415358
57648529 28356438
57648529 306568857
57648529 57648042
57648529 57645764
57648529 57653213
57648529 127166025
57648529 152619415
57648529 31814678
57648529 298839922
57648529 57648599
57648529 57650211
57648529 152735802
57648529 36698211
57648529 210191091
57648529 57647998
101696721 298833298
101696721 127166025
101696721 22424813
101696721 36698211
101696721 57647998
57651940 210199670
57651940 57653213
57651940 127166025
57651940 57650211
298831283 127166025
57650211 22415358
57650211 57653178
57650211 210192143
57650211 210199670
57650211 57651940
57650211 57588062
57650211 57645764
57650211 57653213
57650211 127166025
57650211 22424813
57650211 152735802
57650211 36698211
57650211 57648529
57650211 210191091
57650211 57647998
57650211 57648659
35573909 22415358
35573909 28356438
35573909 127166025
35573909 36698211
57648042 22415358
57648042 57646531
57648042 101696721
57648042 127166025
57648042 22424813
57648042 155839868
57648042 57648529
107495942 127166025
57588062 22415358
57588062 152914658
57588062 127166025
57588062 57650211
57588062 36698211
152596209 152915351
152596209 73513084
152596209 57653213
152596209 127166025
152596209 298857252
152596209 298839922
152596209 501147985
152596209 57647998
152914658 57588062
152914658 127166025
152576582 22415358
152576582 127166025
152915351 152596209
152915351 57653178
152915351 28356438
152915351 127166025
152915351 42424544
152915351 22424813
152915351 107495942
152915351 155839868
152915351 105774273
152622084 127166025
152663067 57645764
152663067 127166025
152663067 57650211
152663067 57647998
60920986 22415358
60920986 127166025
31814678 28356438
31814678 127166025
31814678 57648529
152629302 127166025
152629302 22415358
152629302 155839868
152629302 57653213
152629302 57648599
152629302 298839922
152629302 28356438
57646531 22415358
57646531 57648042
57646531 57645764
57646531 127166025
57646531 22424813
57646531 57647998
210196297 22415358
210196297 152579451
210196297 57653178
210196297 127166025
210196297 57647998
81290659 127166025
81290659 57648599
81290659 152735802
152432806 57653178
152432806 127166025
152432806 22424813
152432806 298839922
138811621 127166025
98823399 127166025
57645764 76427055
57645764 152663067
57645764 57646531
57645764 152879629
57645764 28356438
57645764 210192143
57645764 210199670
57645764 57653213
57645764 127166025
57645764 57650211
57645764 57648529
57645764 57647998
57645764 152896760
152476491 127166025
36698211 22415358
36698211 152879629
36698211 101696721
36698211 57588062
36698211 127166025
36698211 149547209
36698211 57650865
36698211 57650211
36698211 35573909
36698211 57648529
36698211 210191091
36698211 57647998
57653213 22415358
57653213 152596209
57653213 232663808
57653213 57653178
57653213 152879629
57653213 28356438
57653213 210199670
57653213 306568857
57653213 57651940
57653213 57645764
57653213 127166025
57653213 298839922
57653213 57650211
57653213 57648529
57653213 152629302
57653213 57647998
57653213 57648659
232663808 22415358
232663808 57653213
232663808 127166025
232663808 57648599
298833298 28356438
298833298 127166025
298833298 22424813
298833298 57648599
105774273 22415358
105774273 152915351
105774273 127166025
105774273 22424813
806283052 127166025
298839922 22415358
298839922 152596209
298839922 57653213
298839922 127166025
298839922 42424544
298839922 22424813
298839922 57648599
298839922 57648529
298839922 152432806
298839922 152629302
57653178 22415358
57653178 152596209
57653178 210196297
57653178 812549035
57653178 152879629
57653178 210199670
57653178 306568857
57653178 57653213
57653178 127166025
57653178 42424544
57653178 57650865
57653178 57648599
57653178 57650211
57653178 210191091
57653178 152432806
57653178 57647998
582690265 127166025
210192143 306568857
210192143 57645764
210192143 127166025
210192143 57650211
42424544 152915351
42424544 127166025
42424544 298839922
58173943 127166025
57647998 127166025
57647998 48692180
57647998 57646531
57647998 57645764
57647998 22415358
57647998 57648599
57647998 210191091
57647998 36698211
57647998 152850203
57647998 306568857
57647998 130236962
57647998 73513084
57647998 57650211
57647998 57648529
57647998 101696721
57647998 57653178
57647998 210199670
57647998 152735802
57647998 57650865
57647998 210191576
57647998 152596209
57647998 152663067
57647998 232663808
57647998 57653213
57647998 501147985
57647998 28356438
57647998 152896760
57647998 57648659
73513084 152596209
73513084 152879629
73513084 57653213
73513084 54475226
73513084 127166025
73513084 57648599
73513084 501147985
73513084 210191091
73513084 57647998
73513084 57648659
210191576 127166025
210191576 22424813
210191576 57650865
210191576 57650211
210191576 152735802
210191576 57647998
152850203 22415358
152850203 127166025
152850203 57647998
152579451 22415358
152579451 210196297
152579451 127166025
54475226 127166025
54475226 57648599
501147985 22415358
501147985 152596209
501147985 306568857
501147985 73513084
501147985 127166025
501147985 57648599
501147985 57647998
501147985 57648659
