601608028 34794290
421496121 34794290
680653931 34794290
73590982 34794290
711595562 34794290
193417655 34794290
35075688 34794290
118881833 34794290
836116421 34794290
747212978 34794290
812477620 34794290
806244787 34794290
137662528 34794290
327730105 34794290
421458090 34794290
421458090 685547040
540045747 34794290
52070898 34794290
166898856 34794290
421469107 34794290
100806043 34794290
192259307 34794290
133911600 34794290
421509534 34794290
72843371 728242969
812459136 34794290
111109647 34794290
836611740 34794290
421540776 34794290
696939274 34794290
387632710 34794290
80166045 34794290
833331236 34794290
313304749 34794290
73374218 34794290
700779433 34794290
377309106 34794290
30312774 34794290
192311141 34794290
728242969 700931999
728242969 34794290
728242969 72843371
685547040 34794290
685547040 815133318
685547040 421458090
17624196 34794290
45161856 34794290
54654464 34794290
421522883 34794290
421522883 17624196
152481751 34794290
58410241 34794290
529007007 34794290
815133318 34794290
815133318 685547040
567866810 34794290
729732665 34794290
387054656 34794290
111006882 34794290
317147169 34794290
58280256 34794290
223817364 34794290
50839981 34794290
50839981 459314436
836611481 34794290
700931999 34794290
700931999 728242969
836611371 34794290
833960922 34794290
224328293 34794290
299295505 34794290
580903250 34794290
142738264 34794290
421496262 34794290
56577986 34794290
112105021 34794290
32593487 34794290
559295556 34794290
134953912 34794290
681912698 34794290
459314436 50839981
459314436 34794290
215860952 34794290
633951215 34794290
558921298 34794290
