152576679 147999630
128569835 152476149
128569835 147999630
152574748 38112531
152574748 147999630
582393326 147999630
580892017 147999630
152932524 152925632
152932524 6201168
152932524 152732917
152932524 147999630
57583888 147999630
57583888 130236726
298856023 147999630
20507366 152851452
20507366 147999630
6201168 38112531
6201168 152932524
6201168 224332710
6201168 152931563
604471534 147999630
57480094 147999630
152732917 152932524
152732917 57647723
152732917 130236726
152732917 152858845
152732917 54426765
152732917 147999630
57647723 152933593
57647723 152956091
57647723 152937678
57647723 152932524
57647723 30755970
57647723 152732917
57647723 147999630
33958415 147999630
34619056 7403232
34619056 152533509
34619056 147999630
34619056 57583888
152933593 5530217
152933593 57647723
152933593 147999630
152670057 57583888
32661684 38112531
32661684 147999630
57651586 298855728
57651586 147999630
601670804 147999630
152633577 147999630
812479642 401160190
152934135 4343477
152934135 152533509
152934135 147999630
298855728 57651586
298855728 147999630
152937678 57647723
152701536 147999630
50852899 7403232
50852899 152932524
50852899 57651586
24704002 147999630
152596096 147999630
152565791 152834322
152565791 152932930
152565791 152931729
152565791 147999630
152565791 152670057
50875902 101695430
50875902 147999630
152800376 152817381
152800376 54426765
806234427 152931729
806234427 147999630
152956091 57647723
152956091 147999630
152931563 147999630
582055175 30755970
608055713 147999630
633950990 147999630
152932930 147999630
152851452 152932524
152851452 152533509
152851452 147999630
7403232 34619056
7403232 152730815
152447360 147999630
152817381 152800376
152817381 147999630
152533509 152851452
152533509 152834322
152533509 54426765
152533509 147999630
152533509 152934135
152533509 58401745
30755970 582055175
30755970 57647723
152834322 147999630
38112531 32661684
38112531 147999630
152858845 152732917
152485227 152925632
152485227 152931563
152485227 147999630
54112707 147999630
101695430 152932930
101695430 147999630
401160190 147999630
401160190 812479642
152436560 147999630
834752388 147999630
152931729 4343477
152931729 152533509
152931729 806234427
152931729 147999630
54426765 152857928
54426765 152533509
54426765 45542680
54426765 152566813
54426765 152800376
54426765 152732917
54426765 147999630
54426765 152920022
152620765 147999630
152476149 147999630
130236726 130257192
130236726 152533509
130236726 152732917
130236726 147999630
155842211 38112531
155842211 57647723
155842211 147999630
152730815 7403232
152730815 147999630
301163086 147999630
45542680 130236726
45542680 54426765
45542680 147999630
152925632 152485227
152857928 54426765
152857928 147999630
67183493 147999630
33443479 147999630
152920022 57583888
152920022 54426765
152920022 147999630
152920022 152566813
152920022 152730815
152734523 147999630
58043874 147999630
9501017 147999630
224332710 147999630
152596803 147999630
58401745 147999630
58401745 152533509
834163826 147999630
152566813 152533509
152566813 54426765
152566813 147999630
152566813 152920022
152811367 147999630
4343477 152931729
4343477 152934135
130257192 147999630
