631308107 135686166
48803670 132661971
90527762 127649702
90527762 515355904
90527762 155326925
48752281 515355904
231302923 150329908
106985378 130838879
106985378 44042686
150329908 231302923
155326925 90527762
132661971 155348602
127649702 90527762
130838879 106985378
130838879 44042686
231762793 128810829
515355904 90527762
515355904 48752281
155348602 132661971
186333204 90527762
135686166 631308107
54152893 85039654
85039654 515355904
85039654 54152893
44042686 132661971
128810829 132661971
