19576312 7663020
19576312 57994332
680736770 7663020
559127977 7663020
57994332 7663020
57994332 57602250
57994332 19576312
5197614 7663020
34900628 3554962
65463182 3554962
65463182 7663020
22308754 7663020
57602250 7663020
3554962 34900628
3554962 152897979
3554962 65463182
3554962 210196287
3554962 5988806
3554962 582396168
152897979 3554962
152897979 7663020
582396168 3554962
7663020 65463182
7663020 57602250
7663020 22308754
7663020 5197614
7663020 19576312
7663020 680736770
5988806 3554962
210196287 3554962
210196287 7663020
