634944780 357564172
357564172 634944780
357564172 675875724
357564172 152677870
357564172 152957625
357564172 152931958
357564172 58152216
357564172 152725858
357564172 152928440
357564172 152632788
357564172 224647188
357564172 72125308
357564172 152580524
357564172 668979222
357564172 163543991
224647188 357564172
152931958 357564172
58152216 357564172
675875724 357564172
73198614 152677870
73198614 152957625
73198614 163543991
152725858 357564172
152632788 357564172
72125308 357564172
152677870 357564172
152677870 73198614
152928440 152957625
152928440 357564172
668979222 357564172
163543991 357564172
163543991 73198614
183116312 152931958
152957625 357564172
152957625 73198614
152580524 357564172
