152674464 57645685
152674464 57652297
152674464 44755016
152674464 41563130
152674464 44754951
152674464 152701843
152674464 67836678
152674464 95747277
152674464 57652965
152674464 152850597
152674464 23853847
31649121 44754951
31649121 107477050
31649121 44755016
31649121 58337082
31649121 152701843
31649121 57645685
31649121 95747277
31649121 23853847
57645685 44754951
57645685 152701843
57645685 130008126
57645685 41563130
57645685 107477050
57645685 57652297
57645685 44755016
57645685 58337082
57645685 152787195
57645685 31649121
57645685 57652965
57645685 152735082
57645685 301963335
57645685 152808050
57645685 152934011
57645685 211180287
57645685 67836678
57645685 95747277
57645685 152674464
57645685 23853847
57645685 18944345
107477050 44754951
107477050 57652297
107477050 41563130
107477050 44755016
107477050 155832078
107477050 31649121
107477050 58337082
107477050 152797149
107477050 130008126
107477050 152701843
107477050 57645685
107477050 67836678
107477050 95747277
107477050 23853847
107477050 18944345
95747277 130008126
95747277 67836678
95747277 107477050
95747277 41563130
95747277 44755016
95747277 44754951
95747277 57645685
95747277 152701843
95747277 57652297
95747277 31649121
95747277 58337082
95747277 128503722
95747277 152934011
95747277 152575458
95747277 152735082
95747277 210271894
95747277 152674464
95747277 23853847
67836678 152701843
67836678 57652297
67836678 57645685
67836678 41563130
67836678 44755016
67836678 130008126
67836678 44754951
67836678 107477050
67836678 57652965
67836678 155832078
67836678 95747277
67836678 152674464
67836678 23853847
67836678 18944345
23853847 152701843
23853847 130008126
23853847 67836678
23853847 41563130
23853847 57652297
23853847 57645685
23853847 95747277
23853847 107477050
23853847 44755016
23853847 44754951
23853847 152797149
23853847 58337082
23853847 152808050
23853847 152934011
23853847 211180287
23853847 21520958
23853847 128503722
23853847 152787195
23853847 152674464
23853847 57652965
23853847 152735082
23853847 31649121
23853847 155832078
152787195 44755016
152787195 152701843
152787195 57645685
152787195 23853847
128503722 41563130
128503722 44755016
128503722 57652965
128503722 152701843
128503722 95747277
44755016 44754951
44755016 57652297
44755016 41563130
44755016 107477050
44755016 128503722
44755016 57652965
44755016 152701843
44755016 57645685
44755016 67836678
44755016 95747277
44755016 152674464
44755016 23853847
57652297 41563130
57652297 107477050
57652297 44755016
57652297 58337082
57652297 130008126
57652297 210271894
57652297 152701843
57652297 57645685
57652297 67836678
57652297 95747277
57652297 152674464
57652297 23853847
57652297 18944345
18944345 57652297
18944345 67836678
18944345 152701843
18944345 152808050
18944345 107477050
18944345 57645685
152797149 107477050
152797149 152701843
152797149 23853847
21520958 23853847
732225888 58337082
155832078 67836678
155832078 152701843
211180287 152701843
211180287 57645685
211180287 23853847
210271894 57652297
210271894 44755016
210271894 44754951
210271894 58337082
210271894 152701843
210271894 57645685
210271894 95747277
301963335 57645685
143192519 152701843
152934011 152701843
152934011 57645685
152934011 95747277
41563130 44754951
41563130 57652297
41563130 107477050
41563130 44755016
41563130 128503722
41563130 130008126
41563130 57652965
41563130 152701843
41563130 57645685
41563130 67836678
41563130 95747277
41563130 152674464
41563130 23853847
152575458 44754951
152575458 58337082
152575458 95747277
44754951 152575458
44754951 41563130
44754951 107477050
44754951 44755016
44754951 152735082
44754951 152850597
44754951 130008126
44754951 57652965
44754951 210271894
44754951 152701843
44754951 57645685
44754951 67836678
44754951 95747277
44754951 152674464
44754951 23853847
57652965 44754951
57652965 41563130
57652965 44755016
57652965 58337082
57652965 128503722
57652965 152735082
57652965 152701843
57652965 57645685
57652965 67836678
57652965 152674464
57652965 23853847
57652965 18944345
152701843 44754951
152701843 130008126
152701843 128503722
152701843 57652297
152701843 44755016
152701843 107477050
152701843 41563130
152701843 152850597
152701843 143192519
152701843 152808050
152701843 58337082
152701843 57652965
152701843 211180287
152701843 210271894
152701843 155832078
152701843 31649121
152701843 152797149
152701843 152787195
152701843 57645685
152701843 67836678
152701843 95747277
152701843 152674464
152701843 23853847
152701843 18944345
130008126 44754951
130008126 57652297
130008126 41563130
130008126 107477050
130008126 44755016
130008126 58337082
130008126 152701843
130008126 57645685
130008126 67836678
130008126 95747277
130008126 23853847
152850597 44754951
152850597 44755016
152850597 152701843
152850597 67836678
152850597 152674464
152808050 152701843
152808050 57645685
152808050 23853847
152735082 44754951
152735082 57652965
152735082 57645685
152735082 95747277
152735082 23853847
58337082 44754951
58337082 152575458
58337082 57652297
58337082 107477050
58337082 31649121
58337082 732225888
58337082 130008126
58337082 57652965
58337082 210271894
58337082 152701843
58337082 57645685
58337082 95747277
58337082 23853847
