39316651 27758671
57608067 298852275
57608067 126191432
57608067 45161762
57608067 24954726
57608067 152565402
57608067 45163544
57608067 138135862
205890880 57613057
301403674 57613057
302322720 152621003
138135862 24954726
138135862 45161762
138135862 35749013
138135862 57613057
138135862 57608067
57609183 45163544
692807534 57613057
58034524 24954726
58034524 298852275
58034524 57613057
58034524 45163544
58034524 126191432
152621003 57611068
152621003 210199704
152621003 58374983
45480266 57613057
677290564 57613057
350874916 24954726
350874916 152565402
302519314 45161762
302519314 45163544
601657076 138135862
601657076 57613057
126191432 692819278
126191432 35749013
126191432 298852275
126191432 54381944
126191432 24954726
126191432 85168532
126191432 7071750
126191432 57613057
126191432 58034524
126191432 58054026
126191432 57608067
7071750 57613057
25383677 57613057
85168532 45163544
58054026 57613057
37218533 57613057
57607364 45161762
57607364 57613057
57607364 24954726
57611068 152621003
54381944 24954726
54381944 35749013
54381944 57613057
54381944 45163544
54381944 126191432
45163544 57613057
45163544 58034524
45163544 100667309
45163544 302519314
45163544 205890880
45163544 54381944
45163544 301403674
45163544 57609183
45163544 85168532
45163544 57608067
57414355 57613057
58402586 57613057
45161762 138135862
45161762 24954726
45161762 56647395
45161762 152565402
45161762 35749013
45161762 302519314
45161762 57613057
45161762 57607364
45161762 57608067
45161762 58374983
152565402 350874916
152565402 45161762
152565402 45161117
152565402 57613057
152565402 57608067
536769489 22953607
100667309 57613057
100667309 45163544
58374983 57613057
58374983 45161762
298852275 57613057
298852275 57608067
9699557 37218533
56647395 45161762
56647395 57613057
45161117 57613057
692819278 57613057
24954726 138135862
24954726 350874916
24954726 54381944
24954726 58034524
24954726 37218533
24954726 45161762
24954726 601657076
24954726 205890880
24954726 302519314
24954726 57607364
24954726 126191432
24954726 57608067
834811318 210199704
35749013 54381944
35749013 45161762
35749013 138135862
35749013 57613057
210199704 152621003
27758671 39316651
