113653937 57612976
113653937 15612431
113653937 55119069
6174404 57612976
6174404 22036645
144827860 57612976
144827860 199678663
144827860 69248646
144827860 368361180
144827860 348352681
144827860 565328708
144827860 497987884
144827860 147872813
144827860 50645792
13558962 25455084
13558962 24341186
13558962 22036645
814809725 57612976
57590717 57612976
26599418 147872813
26599418 35148508
26599418 31753520
26599418 57612976
26599418 13636462
57493148 57612976
152657084 57612976
13636462 57612976
13636462 26599418
13636462 299382520
10132239 57612976
10132239 833333013
10132239 225309351
31364248 185141434
31364248 57612976
31364248 10537491
50645792 144827860
50645792 833333013
50645792 211466694
50645792 57612976
50645792 147872813
50645792 69248646
50645792 348352681
50645792 497987884
50645792 22036645
185141434 31364248
185141434 15612431
185141434 13789716
55054174 57612976
57657805 83530579
57657805 25455084
57657805 10537491
589564144 57612976
589564144 147872813
69248646 57612976
69248646 50645792
565328708 147872813
565328708 497987884
22036645 25455084
22036645 833333013
22036645 13558962
22036645 6174404
22036645 12196470
22036645 24341186
22036645 57612976
22036645 13789716
22036645 58390409
22036645 50645792
84447713 57612976
84447713 211466694
814997093 57612976
55119069 57612976
55119069 298848677
55119069 113653937
55119069 10537491
38904419 57612976
57652447 57645771
57652447 83530579
44837832 13789716
348352681 57612976
348352681 211466694
348352681 833333013
348352681 23613845
348352681 497987884
762477492 57612976
35814348 57612976
35814348 42031149
694659195 348352681
833333013 25455084
833333013 147872813
833333013 348352681
833333013 10132239
833333013 22036645
833333013 50645792
254011601 147872813
172587580 57612976
24341186 57612976
24341186 13558962
24341186 348352681
24341186 13789716
24341186 22036645
497987884 211466694
497987884 23568315
497987884 147872813
497987884 199678663
497987884 50645792
497987884 565328708
497987884 144827860
497987884 348352681
795263107 57612976
795263107 147872813
795263107 199678663
57645771 57612976
57645771 57652447
42031149 35814348
42031149 57612976
73507307 10537491
73507307 13789716
72059560 57612976
8324265 57612976
8324265 35148508
23613845 57612976
23613845 23568315
23613845 348352681
155090154 57612976
387404248 57612976
83530579 57652447
83530579 225309351
83530579 57657805
528959462 57612976
52452238 57612976
52452238 13789716
58390409 57612976
58390409 43908245
58390409 224402634
58390409 348352681
58390409 155090154
58390409 15612431
58390409 10537491
58390409 73507307
58390409 13636462
58390409 22036645
149528759 13789716
199678663 497987884
57804209 57612976
57804209 31753520
77951068 57612976
223861860 57612976
25455084 57612976
25455084 13558962
25455084 57657805
43908245 57612976
43908245 13789716
43908245 58390409
505462023 57612976
10537491 57612976
10537491 58390409
10537491 24341186
10537491 31364248
10537491 57657805
10537491 15612431
10537491 73507307
67314635 57612976
67314635 298834572
298848677 57612976
298848677 147872813
298848677 55119069
421498129 421506882
421498129 298848677
421498129 57612976
130046861 57612976
12196470 57612976
12196470 22036645
211466694 57612976
211466694 84447713
211466694 348352681
211466694 15612431
211466694 497987884
211466694 147872813
211466694 50645792
224402634 57612976
299382520 57612976
299382520 13636462
147872813 795263107
147872813 57612976
147872813 254011601
147872813 833333013
147872813 565328708
147872813 15612431
147872813 497987884
147872813 211466694
147872813 144827860
147872813 50645792
147872813 298848677
147872813 13789716
43763311 57612976
43763311 20337880
17768119 57612976
17768119 20337880
497925871 57612976
35148508 57612976
35148508 8324265
35148508 26599418
152700766 57612976
13789716 25455084
13789716 35148508
13789716 57612976
13789716 24341186
13789716 185141434
13789716 421506882
13789716 147872813
13789716 44837832
13789716 149528759
13789716 43908245
13789716 73507307
13789716 13636462
13789716 22036645
31753520 57612976
31753520 26599418
71743201 57612976
71743201 13789716
20337880 17768119
20337880 57612976
20337880 43763311
23568315 421506882
23568315 348352681
23568315 23613845
23568315 15612431
23568315 497987884
23700759 57612976
98763915 57612976
52452221 57612976
15612431 185141434
15612431 57612976
15612431 211466694
15612431 23568315
15612431 147872813
15612431 113653937
15612431 58390409
15612431 348352681
15612431 10537491
225309351 83530579
225309351 10132239
