152921822 57649497
152921822 152937726
152921822 57769655
152921822 57646059
152921822 152954990
152796480 57649497
152796480 152619384
152796480 152955132
152796480 152941764
152796480 57769655
152796480 582093405
152796480 57652451
152796480 152955764
152796480 152954990
60234204 57769655
44759339 152620773
44759339 57769655
152924239 57649497
152924239 152724950
152924239 152930097
152924239 57646513
152924239 57769655
152924239 152919415
60283244 57769655
58379724 57649497
58379724 57769655
152926252 57769655
64395948 152619384
64395948 57769655
31761862 152660703
31761862 152796480
31761862 57769655
152726093 57769655
152832800 57769655
57650104 152577171
57650104 57646513
57650104 57769655
57650104 57646059
57650104 57652201
57650104 57646344
152619384 27554757
152619384 152796480
152619384 152955764
152619384 57769655
152619384 25028269
152619384 57646059
152619384 582093405
152619384 152954990
152619384 152927936
152619384 152926445
48111333 27554757
48111333 152937726
48111333 57769655
48111333 152955764
217183386 72469835
152687382 152796480
152687382 57769655
152926445 152619384
152926445 152955849
152926445 57643274
152926445 152955764
152926445 152787106
82396275 57769655
82396275 25028269
152592671 57652451
152592671 57769655
152954990 57769655
152954990 145456670
152954990 152619384
152954990 152955764
152954990 25028269
152954990 152930097
152954990 152921822
152954990 152928721
152954990 152660703
152954990 57643427
152954990 152955849
3373548 152619384
3373548 152955132
3373548 57769655
3373548 7492972
152955132 152796480
152955132 3373548
152955132 57769655
152955132 57646059
152955132 57643274
152955132 145456670
152955132 152954990
27554757 152619384
27554757 48111333
27554757 152941764
27554757 151401368
27554757 152955764
27554757 57769655
27554757 25028269
27554757 152919415
27554757 57646059
27554757 57643274
27554757 152797237
27554757 7492972
601603737 57769655
152927936 57769655
152955849 152937726
152955849 57769655
152955849 25028269
152955849 152954990
152955849 57646344
152955849 57643274
152955849 57646059
152955849 152926445
152955849 57651865
152955764 27554757
152955764 152619384
152955764 57769655
152955764 152919415
152955764 152660703
152955764 152796480
152955764 48111333
152955764 57643274
152955764 57652201
152955764 152906993
152955764 152954990
152955764 152926445
57649497 399871680
57649497 58379724
57649497 152796480
57649497 152800031
57649497 101697316
57649497 57652451
57649497 152941764
57649497 152924239
57649497 152891007
57649497 57769655
57649497 25028269
57649497 152820121
57649497 152921822
57649497 72469835
57649497 50649344
57649497 57643274
57649497 152797237
57649497 152906993
57649497 7492972
152956869 57769655
152956869 134262659
152928721 152592101
152928721 57769655
152928721 152954990
57646059 57650104
57646059 27554757
57646059 152619384
57646059 152955132
57646059 57652451
57646059 210195738
57646059 148280741
57646059 57646513
57646059 152919415
57646059 152921822
57646059 72469835
57646059 57643274
57646059 57652201
57646059 57646344
57646059 152955849
152840243 57769655
50649344 399871680
50649344 152919865
50649344 57649497
50649344 152924239
50649344 152840243
50649344 57769655
50649344 152919415
50649344 152797237
50649344 7492972
50649344 31761862
582093405 152619384
152930097 152956869
152930097 152924239
152930097 152891007
152930097 57769655
152930097 25028269
152930097 57652201
152930097 152954990
34648832 60283244
34648832 57769655
34648832 57643427
147965821 57769655
152713603 57769655
152787106 152930097
152787106 57769655
152787106 152660703
152787106 57643427
152787106 7492972
152787106 152926445
152787106 57651865
601629775 57769655
34281962 57769655
152577833 152954990
48495513 57769655
145456670 152937726
145456670 57643274
145456670 48111333
145456670 152955132
145456670 57652201
145456670 57769655
145456670 57646513
145456670 57643427
145456670 152954990
145456670 57646344
145456670 7492972
58441639 57769655
101697316 57769655
152797237 57769655
152797237 152930097
152797237 50649344
152797237 27554757
152840205 57769655
72469835 57649497
72469835 217183386
72469835 57646059
72469835 57643274
72469835 7492972
152601637 210195738
152800031 57649497
152800031 57769655
152800031 57643427
152919576 57769655
152919576 25028269
32654305 57769655
32654305 25028269
57646344 145456670
57646344 152955132
57646344 57646059
57646344 57769655
57646344 57650104
57646344 57652451
57646344 152955849
151401368 152919865
151401368 27554757
151401368 57769655
151401368 7492972
57646513 57650104
57646513 57646059
57646513 145456670
152880354 57769655
152620773 57652451
152620773 148280741
152620773 57769655
152919415 27554757
152919415 152620127
152919415 152796480
152919415 152619384
152919415 57652451
152919415 48111333
152919415 152955764
152919415 57769655
152919415 50649344
152919415 57646059
152919415 152797237
152919865 152941764
152919865 57769655
152857928 57769655
7492972 57769655
7492972 72469835
7492972 145456670
7492972 152955764
7492972 57652201
7492972 57643274
7492972 27554757
7492972 3373548
7492972 152577171
7492972 57649497
7492972 50649344
7492972 151401368
7492972 152787106
57643274 25028269
57643274 152955132
57643274 72469835
57643274 210195738
57643274 57646059
57643274 27554757
57643274 152955764
57643274 57649497
57643274 152577171
57643274 57652451
57643274 57652201
57643274 57643427
57643274 145456670
57643274 7492972
57643274 152955849
57643274 152926445
57643274 57651865
57652201 57643274
57652201 152955764
57652201 57646059
57652201 57769655
57652201 152930097
57652201 57650104
57652201 57643427
57652201 145456670
57652201 7492972
152937726 48111333
152937726 57769655
152937726 152921822
152937726 145456670
152937726 152955849
152674154 57769655
399871680 57649497
399871680 152619384
399871680 57769655
399871680 50649344
399871680 582093405
399871680 152797237
399871680 7492972
152891007 57649497
152891007 152930097
152891007 57769655
57651865 152954990
57651865 152955849
57651865 152787106
57651865 57643274
57651865 152660703
57651865 57769655
152724950 152924239
25028269 57649497
25028269 27554757
25028269 152619384
25028269 101697316
25028269 152930097
25028269 57769655
25028269 57643274
25028269 152955849
152956278 57769655
85051398 57769655
134262659 152956869
134262659 57769655
152592101 57769655
152592101 152928721
152620127 57769655
210195738 152601637
210195738 57646059
210195738 57643274
152900490 58379724
152900490 57769655
152900490 57643427
152577171 57650104
152577171 57652451
152577171 57769655
152577171 57643274
152577171 152797237
152577171 7492972
57652451 57649497
57652451 58379724
57652451 152620773
57652451 152577171
57652451 152592671
57652451 148280741
57652451 152924239
57652451 57769655
57652451 152919415
57652451 57646059
57652451 152796480
57652451 57643274
57652451 57646344
152660703 152787106
152660703 152955764
152660703 57769655
152660703 152906993
152660703 152954990
152660703 31761862
152660703 57651865
152906993 57649497
152906993 57769655
152906993 152660703
163036960 57769655
57643427 57769655
57643427 152955764
57643427 34648832
57643427 152787106
57643427 57643274
57643427 57652201
57643427 145456670
57643427 152954990
57643427 57651865
77390018 57769655
148280741 57652451
148280741 57646059
152941764 152919865
152941764 27554757
152941764 152796480
152941764 152840243
152941764 57769655
152941764 152820121
152820121 57649497
152820121 57769655
152897981 152919865
152897981 101697316
152897981 57769655
58015384 57769655
