101040794 130032467
101040794 60106821
101040794 12682421
101040794 75665233
101040794 58417088
28382790 22693616
28382790 313389596
28382790 26359030
28382790 509042521
28382790 60106821
28382790 58251359
28382790 57636702
28382790 634871281
28382790 130032467
28382790 12682421
28382790 75665233
28382790 18625128
28382790 58417088
58037413 58417088
59189276 58417088
58417088 28382790
58417088 12682421
58417088 15704534
58417088 58412716
58417088 22693616
313389596 130032467
313389596 28382790
313389596 58417088
58324275 12682421
15704534 58417088
58108980 26359030
26359030 22693616
26359030 12682421
26359030 58108980
26359030 217174824
26359030 28382790
60106821 35270303
60106821 58006998
60106821 75665233
60106821 28382790
75665233 60106821
75665233 28382790
58251359 60106821
58251359 75665233
58251359 833572689
58251359 28382790
35270303 60106821
69278558 634871281
69278558 833572689
69278558 58417088
18625128 15704534
18625128 28382790
18625128 60106821
18625128 12682421
18625128 26359030
18625128 35270303
142780283 58417088
22693616 26359030
22693616 12682421
22693616 28382790
22693616 58417088
147392853 142780499
147392853 635249485
58006998 60106821
261417901 58417088
12682421 22693616
12682421 101040794
12682421 28382790
12682421 18625128
12682421 58417088
12682421 58324275
509042521 28382790
811927983 58417088
69924227 58417088
152735027 58417088
442168489 94944084
58007342 58417088
57636702 60106821
57636702 28382790
58342383 60106821
58412716 58417088
130032467 313389596
130032467 28382790
634871281 69278558
634871281 94944084
634871281 28382790
