58330918 58373922
58330918 630876804
58330918 368089576
58330918 45495229
505178585 45495229
505178585 630876804
505178585 130418135
65311192 630876804
541451142 447321467
45495229 505178585
45495229 368089576
45495229 58330918
630876804 65311192
630876804 505178585
630876804 58330918
58373922 601669353
58373922 58330918
58373922 447321467
785132207 49060882
49060882 127744229
49060882 785132207
49060882 163543991
368089576 45495229
368089576 58330918
130418135 58373922
130418135 447321467
130418135 505178585
130418135 601669353
447321467 58373922
447321467 130418135
