152846356 29208099
152846356 57650552
45544614 57643490
45544614 57643508
45544614 101696665
45544614 57650552
175152185 175151635
57643490 57643344
57643490 45544614
57643490 6722737
57643490 29208099
57643490 101699760
57643490 57643508
57643490 57650552
57643508 57643344
57643508 45544614
57643508 57643490
57643508 6722737
57643508 29208099
57643508 152784955
57643508 57650552
101699760 57643490
175151635 175152185
175151635 152784955
175151635 57650552
27075835 152619315
27075835 6722737
27075835 57609460
67521714 57650552
75342492 29208099
152619315 27075835
152619315 152784955
152892287 57650552
152603385 57650552
34659802 6722737
34659802 26074982
34659802 57650552
29208099 57643490
29208099 6722737
29208099 57643508
29208099 75342492
29208099 152846356
29208099 101696665
29208099 152784955
29208099 57650552
152784955 29208099
152784955 130228771
101696665 6722737
101696665 29208099
101696665 45544614
101696665 57650552
57609460 27075835
57609460 152784955
152905428 57650552
24266928 101696665
57650552 6722737
57650552 57643344
57650552 152784955
57650552 67521714
57650552 45544614
57650552 29208099
57650552 57643490
57650552 152905428
57650552 152846356
57650552 101696665
57650552 34659802
57650552 57643508
57650552 152603385
57650552 175151635
57650552 152892287
6722737 57643490
6722737 29208099
6722737 57643508
6722737 27075835
6722737 101696665
6722737 57650552
130228771 152784955
26074982 34659802
57643344 57643490
57643344 72130980
57643344 57643508
57643344 57650552
