45544652 58155990
45544652 123855653
45544652 57648320
45544652 57847332
45544652 111435737
45544652 534420385
45544652 57644458
45544652 44757751
601678854 57611317
144732156 27959347
144732156 152730145
144732156 57611317
144732156 71802466
144732156 50871098
152662164 152891106
152662164 71802466
152662164 58362159
152662164 57611317
152662164 44757751
152628553 152674550
152628553 71802466
152818094 152906645
152818094 57611317
152818094 44757751
57644458 57643344
57644458 58147289
57644458 57611317
57644458 71802466
57644458 45544652
581303332 57611317
581400913 58155990
69209197 57643344
69209197 123855653
69209197 152674550
69209197 71802466
69209197 57847332
69209197 111435737
581267546 57611317
581267546 152834420
152674550 57643344
152674550 152603812
152674550 152619207
152674550 152660571
152674550 210195750
152674550 58362159
152674550 69209197
152674550 57611317
152674550 71802466
152674550 57847332
152674550 44757790
152674550 111435737
152674550 148002749
58024067 210196976
58024067 58147289
58024067 6485649
58024067 57611317
58024067 71802466
58024067 152834420
58024067 27019571
58024067 44757751
44757790 57643344
44757790 152674550
44757790 57648320
44757790 210196624
44757790 57611317
44757790 71802466
44757790 57847332
44757790 111435737
152928231 57611317
152928231 50871098
152911959 210195738
152911959 57611317
152911959 152896201
152891106 152926256
152891106 16910126
152891106 152834420
152891106 27019571
210221258 57847332
210221258 44757751
53362415 57648320
53362415 57611317
16910126 57611317
16910126 152941938
16910126 152891106
210196976 210222389
210196976 57643344
210196976 58024067
210196976 58147289
210196976 57611317
210196976 111435737
210196976 44757751
3477377 210196976
3477377 42085721
3477377 57611317
3477377 534420385
12915773 58147289
12915773 57847332
12915773 111435737
152622600 58147289
152622600 152619207
152622600 152660571
152622600 57611317
152622600 71802466
152622600 57847332
152816581 57611317
152816581 71802466
152816581 44757751
210236593 58362159
210236593 57611317
210236593 71802466
210236593 44757751
152619635 57611317
152924622 57648320
152924622 57611317
152924622 44757751
44520685 152914240
44520685 210222389
44520685 71802466
44520685 152913589
44520685 44757751
44520685 57769540
152896201 123855653
152896201 57611317
152896201 44757751
82644444 6485649
82644444 57611317
82644444 111435737
82644444 3253661
49942526 210222389
49942526 152906645
49942526 6485649
49942526 57611317
49942526 44757751
581420939 57611317
152930843 210196976
152930843 57611317
152930843 44757751
58147289 210196976
58147289 210222389
58147289 57643344
58147289 145457240
58147289 58024067
58147289 152941938
58147289 152603812
58147289 12915773
58147289 152622600
58147289 57847332
58147289 111435737
58147289 57644458
58147289 152926256
58147289 44757751
57648320 44520685
57648320 71802466
57648320 57847332
57648320 44757790
57648320 111435737
57648320 152816865
57648320 152924622
57648320 44757751
152730145 144732156
152730145 57611317
210195750 152674550
210195750 57847332
210195750 44757751
152619207 210195750
152619207 152674550
152619207 152622600
152619207 57611317
152619207 71802466
152619207 44757751
152913589 57611317
152913589 152816865
152913589 44520685
152913589 71802466
152913589 152891106
152913589 44757751
152892311 57611317
152892311 57847332
152892311 58113951
152892311 111435737
152892311 44757751
152914240 57611317
152914240 57847332
152660571 152674550
152660571 58362159
152660571 152622600
152660571 57611317
152660571 71802466
152660571 58258076
145457240 210222389
145457240 58147289
145457240 123855653
145457240 57611317
145457240 71802466
152603812 58147289
152603812 152674550
152603812 57611317
152603812 71802466
152603812 57847332
152603812 152834420
57644953 57611317
57644953 57847332
57644953 44757751
152816865 57611317
152816865 44757751
44757751 123855653
44757751 44520685
44757751 210222389
44757751 58147289
44757751 57648320
44757751 57847332
44757751 111435737
44757751 49942526
44757751 6485649
44757751 152924622
44757751 210221258
44757751 57644953
44757751 27019571
44757751 152896201
44757751 152834420
44757751 41008836
44757751 152913589
44757751 58024067
44757751 152930843
44757751 42085721
44757751 152724680
44757751 45544652
44757751 57611317
44757751 32576754
44757751 71802466
44757751 210196976
44757751 152662164
44757751 210236593
44757751 152816865
44757751 58155990
32576754 71802466
32576754 44757751
137463833 57611317
137463833 44757751
71802466 57643344
71802466 152628553
71802466 145457240
71802466 152816581
71802466 58024067
71802466 152603812
71802466 152619207
71802466 44520685
71802466 152660571
71802466 123855653
71802466 210236593
71802466 152674550
71802466 58362159
71802466 210195738
71802466 57648320
71802466 152622600
71802466 69209197
71802466 210196624
71802466 144732156
71802466 57611317
71802466 32576754
71802466 57847332
71802466 44757790
71802466 57644458
71802466 152913589
71802466 152662164
71802466 44757751
71802466 4242392
58362159 152660571
58362159 210236593
58362159 152674550
58362159 57611317
58362159 71802466
58362159 152662164
152926256 58147289
152926256 57847332
152926256 152891106
152926256 111435737
152926256 57611317
152926256 152941938
210222389 210196976
210222389 145457240
210222389 58147289
210222389 44520685
210222389 49942526
210222389 57847332
210222389 111435737
210222389 44757751
148002749 152674550
148002749 57611317
148002749 57847332
27959347 152941938
27959347 144732156
57611317 152892311
57611317 41008836
57611317 152914240
57611317 145457240
57611317 58024067
57611317 3477377
57611317 152603812
57611317 12915773
57611317 82644444
57611317 152846499
57611317 152730145
57611317 58155990
57611317 152928231
57611317 123855653
57611317 581420939
57611317 152674550
57611317 58362159
57611317 210221258
57611317 152930843
57611317 42085721
57611317 71802466
57611317 152896201
57611317 58258076
57611317 44757790
57611317 111435737
57611317 534420385
57611317 57644953
57611317 152816865
57611317 148002749
57611317 582378605
57611317 16910126
57611317 152834420
57611317 27019571
57611317 44757751
57611317 57769540
152941938 27959347
152941938 58147289
152941938 57611317
152941938 111435737
152834420 57847332
152834420 58155990
152834420 57611317
152834420 152891106
152834420 581267546
152834420 123855653
152834420 58024067
152834420 152603812
152834420 44757751
152906645 49942526
152906645 152818094
152906645 57611317
44845489 57611317
3253661 57611317
3253661 82644444
58488044 57611317
57769540 58155990
57769540 152891106
57769540 57847332
57769540 57611317
210196624 152678469
210196624 57611317
210196624 71802466
210196624 45544652
210196624 44757790
42085721 152892311
42085721 57611317
42085721 111435737
42085721 44757751
57847332 152892311
57847332 152914240
57847332 210222389
57847332 57643344
57847332 58147289
57847332 152603812
57847332 12915773
57847332 58155990
57847332 210195750
57847332 152674550
57847332 57648320
57847332 152622600
57847332 210221258
57847332 69209197
57847332 6485649
57847332 71802466
57847332 45544652
57847332 44757790
57847332 111435737
57847332 57644953
57847332 148002749
57847332 152926256
57847332 152834420
57847332 44757751
57847332 57769540
50871098 57611317
50871098 144732156
50871098 152928231
50871098 152891106
50871098 44757751
58113951 152892311
58113951 57611317
6485649 58024067
6485649 82644444
6485649 49942526
6485649 152678469
6485649 57847332
6485649 44757751
6485649 57769540
123855653 152892311
123855653 145457240
123855653 69209197
123855653 57611317
123855653 71802466
123855653 45544652
123855653 111435737
123855653 152834420
123855653 44757751
210195738 57643344
210195738 152911959
210195738 71802466
152724680 57611317
152724680 152816865
152724680 44757751
504971751 57611317
152581990 57611317
152891478 57611317
58155990 581400913
58155990 57611317
58155990 57847332
58155990 45544652
58155990 152834420
58155990 44757751
58155990 57769540
152846499 123855653
152846499 57611317
152846499 44757751
58258076 57611317
58258076 152816865
111435737 152892311
111435737 210196976
111435737 152914240
111435737 210222389
111435737 152941938
111435737 58147289
111435737 12915773
111435737 82644444
111435737 210195750
111435737 123855653
111435737 152674550
111435737 57648320
111435737 69209197
111435737 57611317
111435737 57847332
111435737 45544652
111435737 44757790
111435737 152926256
111435737 44757751
111435737 57769540
258202129 57611317
41008836 57611317
41008836 44757751
27019571 44520685
27019571 57611317
27019571 152891106
27019571 58024067
27019571 44757751
4242392 57611317
4242392 71802466
4242392 152891106
534420385 57611317
57643344 210196976
57643344 58147289
57643344 152674550
57643344 210195738
57643344 69209197
57643344 57611317
57643344 71802466
57643344 57847332
57643344 44757790
57643344 57644458
152678469 210196624
152678469 6485649
152678469 152911959
152678469 57611317
152678469 44757751
