14794735 215757790
14794735 152602363
14794735 64664580
14794735 152477462
14794735 152677870
14794735 19936180
14794735 9023080
147913114 522435605
147913114 215757790
147913114 756533833
152856727 215757790
152475783 58383955
152475783 114837199
152475783 215757790
564906134 215757790
421479753 152582420
133702961 215757790
601618083 215757790
601618083 756533833
215757790 302427415
215757790 17148526
215757790 401160190
215757790 522435605
215757790 58383955
17148526 73198614
17148526 215757790
152602363 58383955
152602363 64664580
152602363 9023080
152602363 14794735
152602363 215757790
152713187 215757790
152713187 756533833
152619227 58383955
223845316 58383955
223845316 302427415
223845316 114837199
223845316 215757790
223845316 756533833
32519581 215757790
833629549 58383955
833629549 152713187
833629549 215757790
16317727 215757790
73198614 19936180
73198614 152677870
73198614 164448589
73198614 17148526
73198614 57570482
73198614 9023080
73198614 687775465
73198614 163543991
163337218 215757790
833319604 215757790
64664580 152602363
64664580 19618950
64664580 215757790
64664580 152477462
64664580 687775465
64664580 9549379
64664580 14794735
64664580 9023080
9023080 19936180
9023080 163337218
9023080 152677870
9023080 64664580
9023080 215757790
9023080 73198614
152582420 421479753
164448589 152677870
164448589 215757790
164448589 152477462
164448589 73198614
19618950 215757790
19618950 114837199
114837199 522435605
114837199 152713187
114837199 401160190
114837199 58383955
114837199 215757790
114837199 522435693
152693816 215757790
302427415 58383955
302427415 223845316
302427415 756533833
302427415 215757790
522435605 147913114
522435605 58383955
522435605 756533833
522435605 114837199
522435605 215757790
67943479 58383955
67943479 9023080
67943479 215757790
364086768 215757790
522435693 58383955
522435693 114837199
522435693 215757790
401160190 58383955
401160190 522435693
401160190 215757790
401160190 114837199
833346288 215757790
57570482 687775465
57570482 19936180
57570482 73198614
756533833 302427415
756533833 58383955
756533833 522435605
756533833 522435693
756533833 147920174
756533833 756503217
756533833 215757790
756533833 114837199
58383955 152623389
58383955 302427415
58383955 152475783
58383955 522435693
58383955 401160190
58383955 756533833
58383955 67943479
58383955 215757790
58383955 114837199
9549379 152677870
9549379 64664580
9549379 152477462
9549379 215757790
9549379 14794735
19027460 215757790
270532762 215757790
528199897 215757790
119058166 215757790
152677870 215757790
152677870 9549379
152677870 19936180
152677870 14794735
152677870 164448589
152677870 9023080
152677870 73198614
30099038 215757790
152623389 58383955
152623389 215757790
152623389 114837199
58106222 215757790
147920174 58383955
147920174 756533833
147920174 114837199
147920174 215757790
199998961 215757790
404501932 215757790
163543991 73198614
72592147 9023080
72592147 57570482
25447833 215757790
25447833 58383955
25447833 14794735
5467493 64664580
5467493 215757790
154989892 215757790
19936180 215757790
19936180 152677870
19936180 57570482
19936180 14794735
19936180 9023080
19936180 73198614
687775465 57570482
687775465 64664580
687775465 73198614
687775465 14794735
756503217 756533833
756503217 215757790
152477462 64664580
152477462 14794735
152477462 9549379
152473907 215757790
152473907 756533833
152687998 215757790
57662170 215757790
