139708540 530154744
152931225 23707444
152931225 295340637
152931225 28816295
152931225 530154744
152723219 530154744
57648897 28816295
57648897 530154744
152907264 530154744
85052936 28816295
85052936 530154744
530154744 152656521
530154744 23707444
28816295 295340637
28816295 152656521
28816295 57648897
28816295 530154744
152928446 152656521
152928446 530154744
152928446 110964338
58112040 530154744
60495224 530154744
152928846 295340637
152928846 530154744
152656521 152928446
152656521 139708540
152656521 28816295
152656521 530154744
152656521 110964338
23707444 152931225
23707444 530154744
295340637 152928846
295340637 152931225
295340637 28816295
295340637 152811436
152582066 530154744
152816757 28816295
152816757 530154744
21290792 152723219
21290792 530154744
152445748 530154744
152811436 295340637
152811436 530154744
152932359 28816295
152932359 530154744
110964338 152928446
110964338 530154744
110964338 152656521
