19011527 189496107
19011527 152957625
19011527 833319352
19011527 357564172
357564172 45185691
357564172 421515259
357564172 152845433
357564172 152957625
357564172 189496107
357564172 421537603
357564172 11981307
357564172 828447843
357564172 152898491
357564172 58390905
357564172 83398132
357564172 421475393
357564172 833319352
357564172 152529599
357564172 32898294
357564172 19011527
421515259 189496107
421515259 152957625
421515259 357564172
152529599 357564172
11981307 357564172
83398132 357564172
189496107 152845433
189496107 421515259
189496107 152957625
189496107 357564172
189496107 19011527
60326944 421475393
421475393 357564172
421475393 60326944
152904682 152957625
45185691 357564172
45185691 152957625
58390905 815256289
58390905 152957625
58390905 357564172
58390905 152477462
58390905 32898294
421537603 357564172
828447843 357564172
152898491 357564172
152477462 152845433
152477462 152957625
152845433 189496107
152845433 152957625
152845433 357564172
152845433 152477462
152845433 32898294
152957625 152845433
152957625 189496107
152957625 421515259
152957625 357564172
152957625 152477462
833319352 19011527
833319352 357564172
32898294 152845433
32898294 58390905
32898294 357564172
