546038936 212729354
8273423 15712149
8273423 47622376
8273423 152580219
8273423 82643211
8273423 57649290
8273423 57045878
8273423 28218667
8273423 30053109
623538385 130217439
15712149 82643211
15712149 8273423
15712149 130217439
599240930 130217439
505233592 130217439
49255318 130217439
152933107 57647242
152933107 57649290
152933107 130217439
112248620 130217439
152797207 152911846
152797207 44759205
152797207 130217439
599248226 130217439
160308519 130217439
85051934 172488603
85051934 212729354
85051934 130217439
581931718 130217439
694735600 212729354
694735600 30053109
694735600 130217439
21913626 130217439
219768671 130217439
216094331 130217439
152126335 212729354
152126335 130217439
130477601 16754866
130477601 47622376
130477601 130217439
130477601 28218667
130477601 57045878
130477601 57649290
130477601 44759509
130477601 152580219
152630910 130217439
95995382 130217439
47622376 8273423
47622376 57647242
47622376 57649290
57649290 16754866
57649290 210199681
57649290 47622376
57649290 152580219
57649290 8273423
57649290 57647242
57649290 44759509
57649290 28218667
57649290 152669387
57649290 152622715
57649290 152933107
57649290 130477601
57649290 105853043
30053109 8273423
30053109 212729354
30053109 130217439
30053109 694735600
152580771 130217439
534753025 212729354
534753025 130217439
580896704 130217439
92448138 130217439
312052172 130217439
57647242 16754866
57647242 82643211
57647242 57649290
57647242 152933107
57647242 130217439
217186437 130217439
152622715 28218667
152622715 57649290
758012627 130217439
210199681 44759509
210199681 57649290
599542380 130217439
4001480 130217439
57045878 16754866
57045878 8273423
57045878 57647242
57045878 28218667
685157557 130217439
152911846 152797207
152911846 130217439
833346099 130217439
210243085 130217439
8114550 212729354
8114550 130217439
528222585 130217439
152580219 8273423
152580219 44759509
152580219 57649290
152580219 130477601
164638407 130217439
82643211 16754866
82643211 15712149
82643211 8273423
82643211 28218667
90055784 212729354
90055784 130217439
152734456 130217439
105853043 57649290
105853043 44759509
105853043 16754866
634007215 130217439
152896898 212729354
152896898 130217439
805379195 130217439
836093056 130217439
152702607 130217439
172504768 130217439
298831321 130217439
833461717 130217439
561657922 130217439
152669387 44759509
152669387 57649290
16754866 82643211
16754866 57647242
16754866 28218667
16754866 212729354
16754866 57649290
16754866 57045878
16754866 130217439
16754866 130477601
599338248 130217439
581271626 130217439
582131683 130217439
212729354 16754866
212729354 694735600
212729354 172488603
212729354 85051934
212729354 152896898
212729354 546038936
212729354 155821725
212729354 130217439
212729354 833346099
212729354 30053109
152834228 130217439
28218667 16754866
28218667 152580219
28218667 82643211
28218667 44759509
28218667 152911846
28218667 152622715
28218667 57649290
28218667 57045878
28218667 130217439
28218667 130477601
152933675 212729354
152933675 130217439
44759205 152797207
44759205 212729354
44759205 130217439
836096354 130217439
836104534 130217439
44759509 16754866
44759509 210199681
44759509 152580219
44759509 28218667
44759509 152669387
44759509 57649290
44759509 130477601
44759509 105853043
580879314 130217439
155821725 212729354
172488603 85051934
172488603 212729354
172488603 130217439
29075903 130217439
