57608067 82669576
57608067 54412423
72465925 76805532
45140805 76805532
49769759 76805532
82713295 76805532
10849707 76805532
10849707 13139115
10849707 37080791
10849707 129440248
38463131 13139115
38463131 76805532
38463131 30393632
38463131 6784094
38463131 421496398
38463131 421464892
38463131 109108802
103046 76805532
52067313 76805532
52067313 13139115
109108802 76805532
109108802 38463131
109108802 30393632
109108802 191851342
298849063 76805532
54412423 76805532
54412423 57608067
421468886 76805532
163932455 76805532
173331851 76805532
17907378 76805532
17907378 13139115
37080791 30393632
37080791 17907378
37080791 13139115
37080791 10849707
129440248 10849707
677147329 164374513
152501410 76805532
421466388 76805532
13139115 17907378
13139115 76805532
13139115 164374513
13139115 10849707
64698502 76805532
30393632 82669576
30393632 76805532
30393632 17907378
30393632 15612553
30393632 37080791
30393632 164374513
30393632 109108802
30393632 65474998
30393632 24645258
20892545 76805532
421464892 76805532
421464892 134953912
24645258 76805532
24645258 30393632
24645258 6784094
24645258 421464892
164374513 30393632
164374513 76805532
164374513 37080791
164374513 677147329
164374513 65474998
164374513 13139115
191851342 76805532
191851342 109108802
421496398 76805532
421496398 38463131
421496398 24645258
82669576 30393632
82669576 76805532
127895035 76805532
74964219 37080791
74964219 13139115
134953912 421464892
134953912 76805532
15612553 76805532
15612553 30393632
37086027 76805532
24729646 76805532
57993902 76805532
167441671 76805532
167441671 109108802
421538042 76805532
65474998 76805532
65474998 164374513
75775127 76805532
6784094 76805532
76805532 6784094
76805532 82713295
76805532 30393632
76805532 17907378
76805532 65474998
