91197599 21008253
91197599 58183272
91197599 19285426
91197599 24253636
91197599 11158027
24253636 103815017
24253636 91197599
24253636 21008253
24253636 9023080
24253636 772327954
24253636 215747976
24253636 58381306
24253636 11158027
24253636 72471441
58183272 21008253
58183272 91197599
58183272 357564176
58183272 103815017
58183272 152581097
58183272 152681753
58183272 215747976
58183272 58381306
58183272 34235421
58183272 11158027
11158027 2264401
11158027 103815017
11158027 24253636
11158027 9023080
11158027 91197599
11158027 3951399
11158027 675875289
11158027 58183272
11158027 127423669
11158027 152581097
11158027 833307100
11158027 125619243
11158027 58381306
675875289 103815017
675875289 11158027
675875289 58381306
125619243 11158027
125619243 34235421
685227730 685614212
357564176 152926174
357564176 233935319
357564176 833307100
357564176 58183272
357564176 80759689
357564176 19285426
357564176 184789535
357564176 34235421
357564176 215747976
357564176 772327954
184789535 357564176
184789535 233935319
184789535 58381306
233296992 99560233
357564236 828447830
357564236 82391036
357564236 49179643
357564236 58381306
72471441 9023080
72471441 24253636
72471441 21008253
72471441 58381306
49179643 152926174
49179643 21008253
49179643 357564236
49179643 9023080
18108921 21008253
18108921 127423669
18108921 215747976
18108921 58381306
48651957 21008253
48651957 19285426
98993262 21008253
98993262 99560233
224322717 21008253
224322717 58381306
224322717 9023080
152926174 21008253
152926174 233935319
152926174 357564236
152926174 357564176
152926174 19285426
152926174 103815017
152926174 24253636
152926174 215747976
152926174 58381306
152926174 34235421
152926174 184789535
9023080 21008253
9023080 233935319
9023080 80328027
9023080 84590489
9023080 828447830
9023080 224322717
9023080 357564236
9023080 58381306
9023080 11158027
9023080 97137345
421476296 9023080
421476296 58381306
421476296 21008253
215747976 21008253
215747976 24253636
215747976 357564176
215747976 58183272
215747976 18108921
215747976 58381306
233935319 21008253
233935319 184789535
233935319 58381306
833272735 21008253
80328027 9023080
164382919 21008253
164382919 58381306
421455511 21008253
21008253 332565862
21008253 99560233
21008253 58381306
359400352 21008253
359400352 58381306
359400352 97137345
2264401 152926174
2264401 11158027
2264401 34235421
84590489 9023080
84590489 19285426
34235421 357564176
34235421 58183272
34235421 103815017
34235421 19285426
34235421 2264401
34235421 127423669
34235421 3951399
34235421 152926174
34235421 58381306
34235421 125619243
152956209 21008253
152956209 97137345
152956209 58381306
152956209 19285426
152956209 84590489
19285426 84590489
19285426 91197599
19285426 357564176
19285426 833307100
19285426 359400352
19285426 357564236
19285426 48651957
19285426 21008253
19285426 215747976
19285426 58381306
19285426 34235421
19285426 184789535
19285426 97137345
19285426 163543991
3951399 21008253
3951399 11158027
3951399 34235421
3951399 58381306
3951399 9023080
772327954 24253636
772327954 58381306
127423669 18108921
127423669 21008253
127423669 58381306
127423669 34235421
127423669 11158027
103815017 675875289
103815017 152926174
103815017 11158027
103815017 34235421
103815017 24253636
152581097 357564236
152581097 18108921
152581097 164382919
152581097 58183272
152581097 21008253
152581097 233935319
152581097 24253636
152581097 9023080
152581097 215747976
152581097 58381306
152581097 34235421
152581097 184789535
152581097 11158027
152581097 97137345
152581097 72471441
316254762 21008253
316254762 58381306
80759689 644826470
80759689 21008253
80759689 233935319
80759689 357564176
80759689 58381306
80759689 24253636
152681753 58381306
421480332 21008253
421480332 58381306
97137345 9023080
97137345 21008253
332565862 21008253
685614212 21008253
685614212 685227730
833307100 21008253
833307100 11158027
833307100 19285426
833307100 357564176
302864425 21008253
302864425 58381306
163543991 19285426
163543991 58381306
58381306 772327954
58381306 99560233
58381306 357564176
58381306 18108921
58381306 21008253
58381306 9023080
58381306 19285426
58381306 357564236
58381306 215747976
58381306 24253636
58381306 127423669
58381306 233935319
58381306 152681753
58381306 152926174
58381306 58183272
58381306 34235421
58381306 184789535
58381306 11158027
58381306 163543991
364191578 21008253
364191578 18108921
364191578 58381306
364191578 9023080
364191578 152681753
9917729 21008253
9917729 58381306
82391036 21008253
82391036 357564236
82391036 18108921
82391036 127423669
82391036 184789535
82391036 58381306
99560233 21008253
99560233 233296992
828447830 21008253
828447830 357564236
828447830 58381306
828447830 9023080
558637194 21008253
558637194 58381306
218106210 21008253
