173421926 23518497
11061886 23518497
780023796 23518497
49240220 6351017
49240220 23518497
49240220 42153787
575625835 23518497
6351017 833305244
6351017 28484307
6351017 23518497
6351017 643624237
6351017 152811222
6351017 401160190
6351017 756510318
6351017 152574699
6351017 152543222
6351017 581910846
6351017 421480506
6351017 6105109
6351017 152480657
6351017 421536777
6351017 82650807
6351017 49240220
8196043 23518497
61123917 23518497
14172329 23518497
216084937 152604031
216084937 634037333
216084937 66995144
216084937 421496709
216084937 152543222
216084937 35516393
216084937 152480657
216084937 152574699
216084937 57590920
216084937 643624237
216084937 28484307
216084937 756510318
216084937 581910846
216084937 23518497
216084937 833305244
216084937 135194590
216032826 23518497
634037333 216084937
634037333 23518497
27891544 23518497
58412043 23518497
152811222 39408239
152811222 643624237
152811222 401160190
152811222 23518497
152811222 6351017
39199918 23518497
82650807 6351017
82650807 23518497
4364419 23518497
38766438 23518497
152604031 23518497
152604031 28484307
35516393 216084937
35516393 23518497
66995144 152480657
66995144 581910846
66995144 23518497
301957601 23518497
581910846 23518497
34659802 23518497
130008419 23518497
107496258 57419911
107496258 23518497
155415950 23518497
58268554 28484307
58268554 23518497
217122225 23518497
152480657 216084937
152480657 152574699
152480657 326863100
152480657 23518497
152956855 152934011
152956855 23518497
34235421 23518497
34235421 4126418
152574699 6105109
152574699 152543222
152574699 421480506
152574699 216084937
152574699 152480657
152574699 643624237
152574699 401160190
152574699 28484307
152574699 756510318
152574699 581910846
152574699 23518497
152574699 6351017
42153787 23518497
58083537 23518497
49015492 23518497
833305244 6351017
833305244 23518497
833305244 152543222
833305244 216084937
833305244 152480657
152577339 23518497
7668932 23518497
421536777 6351017
421536777 23518497
152726842 23518497
401160190 216084937
401160190 152543222
401160190 152811222
401160190 152574699
401160190 28484307
401160190 23518497
401160190 6351017
442223544 34235421
442223544 23518497
152877290 23518497
152937256 23518497
152850272 23518497
6105109 756510318
6105109 23518497
498275036 23518497
111010930 421480506
111010930 23518497
36641272 23518497
75286283 28484307
75286283 23518497
75286283 42153787
326863100 152480657
326863100 23518497
758012014 23518497
60000641 23518497
152934011 152956855
152934011 23518497
28484307 75286283
28484307 86563809
28484307 152574699
28484307 601657159
28484307 216084937
28484307 401160190
28484307 152604031
28484307 58268554
28484307 756510318
28484307 421536777
28484307 23518497
28484307 129985323
28484307 6351017
149549146 23518497
149549146 49240220
35584821 23518497
581105698 23518497
323729850 23518497
152580166 23518497
152929311 23518497
421480506 152480657
421480506 643624237
421480506 111010930
421480506 6351017
421480506 23518497
57065754 23518497
57419911 23518497
129985323 28484307
129985323 23518497
129985323 34235421
135194590 23518497
135194590 216084937
57590920 23518497
152884968 23518497
152884968 49240220
152733550 152937256
152733550 23518497
152733550 575625835
152733550 42153787
581292791 23518497
421496709 23518497
39408239 23518497
152603219 23518497
152856794 23518497
152543222 216084937
152543222 152480657
152543222 152574699
152543222 643624237
152543222 401160190
152543222 756510318
152543222 581910846
152543222 6351017
152543222 833305244
152543222 23518497
31302210 23518497
35538016 23518497
213887911 23518497
601657159 28484307
601657159 23518497
38324887 23518497
152692454 833305244
152692454 23518497
4126418 34235421
4126418 23518497
152788322 23518497
756510318 152543222
756510318 28484307
756510318 216084937
756510318 581910846
756510318 23518497
756510318 6351017
756510318 42153787
756510318 833305244
23518497 7668932
23518497 130008419
23518497 39408239
23518497 28484307
23518497 14172329
23518497 35584821
23518497 38324887
23518497 31302210
23518497 107496258
23518497 216084937
23518497 49015492
23518497 75286283
23518497 401160190
23518497 213887911
23518497 643624237
23518497 152956855
23518497 152811222
23518497 421480506
23518497 155415950
23518497 61123917
23518497 581910846
23518497 421536777
23518497 58268554
23518497 756510318
23518497 35516393
23518497 152604031
23518497 442223544
23518497 152937256
23518497 111010930
23518497 162740980
23518497 58083537
23518497 216032826
23518497 152574699
23518497 152726842
23518497 152856794
23518497 152543222
23518497 152850272
23518497 152934011
23518497 780023796
23518497 152929311
23518497 152788322
23518497 601657159
23518497 39199918
23518497 152480657
23518497 66995144
23518497 301957601
23518497 581292791
23518497 60000641
23518497 152884968
23518497 152580166
23518497 634037333
23518497 581105698
23518497 35538016
23518497 6105109
23518497 152834821
23518497 498275036
23518497 152603219
23518497 173421926
23518497 36641272
23518497 152877290
23518497 152577339
23518497 217122225
23518497 57419911
23518497 11061886
23518497 758012014
23518497 86563809
23518497 38766438
23518497 4126418
23518497 8196043
23518497 319190431
23518497 152729766
23518497 4364419
23518497 323729850
23518497 57590920
23518497 58412043
23518497 149549146
23518497 152733550
23518497 833305244
23518497 326863100
23518497 42153787
23518497 129985323
23518497 575625835
23518497 57065754
23518497 135194590
23518497 6351017
23518497 82650807
23518497 27891544
23518497 49240220
23518497 34235421
23518497 152692454
152729766 23518497
643624237 152811222
643624237 152543222
643624237 421480506
643624237 216084937
643624237 152574699
643624237 23518497
643624237 6351017
162740980 23518497
152834821 23518497
152834821 42153787
86563809 28484307
86563809 23518497
