526163815 19540010
199954160 19540010
225300864 19540010
58172752 19540010
65362331 19540010
581985771 19540010
810082509 128787056
128787056 315539486
128787056 434646206
128787056 64687631
128787056 810082509
836611537 19540010
23194436 19540010
24757460 19540010
24757460 6252637
24757460 16743532
601668917 19540010
836020310 19540010
582026263 19540010
65280337 19540010
298857513 19540010
834034716 19540010
50652453 19540010
302899410 19540010
71517170 434646206
71517170 128787056
64687631 128787056
582850326 19540010
21592685 128787056
456963732 19540010
172780881 19540010
360354129 19540010
126474667 19540010
152934411 19540010
750923958 19540010
57647816 19540010
57647816 152580932
611037684 19540010
35320978 128787056
152580932 19540010
152580932 57647816
210216267 6820922
210216267 19540010
642501924 19540010
89187252 19540010
835799158 19540010
83647871 19540010
309405777 315539486
309405777 128787056
6820922 19540010
6820922 210216267
350287088 19540010
836611616 19540010
136207841 19540010
52452238 19540010
52452238 58178015
601609246 128787056
756508217 19540010
32207941 19540010
6252637 19540010
6252637 24757460
315539486 128787056
58474498 19540010
31103987 19540010
582021772 19540010
4836090 128787056
58040660 19540010
58185133 19540010
26199408 128787056
152677460 19540010
536324739 19540010
434646206 128787056
142147331 19540010
833323842 19540010
764121325 19540010
152687271 19540010
58421660 19540010
129630373 19540010
129630373 37497961
47220442 19540010
55897583 19540010
55897583 16743532
72930044 128787056
72930044 810082509
12922013 19540010
12922013 6645582
836610471 19540010
58178015 52452238
16743532 19540010
16743532 24757460
289210427 128787056
534789194 19540010
6645582 12922013
756505830 19540010
121142510 19540010
37497961 19540010
37497961 129630373
749964841 19540010
582481915 19540010
