785135448 7657104
174301016 21825189
602513367 665992651
602513367 57070812
135503160 83079554
57070476 57069644
321126387 57068056
665976368 57070812
665976368 665992651
665976368 57069644
665976368 602544304
350386665 57069644
350386665 665945358
747200252 15412776
163891357 605187021
163891357 57651733
163891357 57069644
15412776 605187021
15412776 299680947
15412776 602552472
15412776 747103307
15412776 57069644
15412776 747084026
15412776 747200252
15412776 665978924
15412776 57070812
602552472 57068056
602552472 666015047
152817590 666015047
152817590 57651733
262677656 57069644
262677656 57067954
262677656 602551724
666000500 57069644
83079554 135503160
747084026 57069644
747084026 15412776
603974353 57070812
57070812 57069644
57070812 602513367
57070812 665992651
57070812 603974353
57070812 57651733
666015047 57068056
666015047 57069644
666015047 57651733
666015047 152817590
665993953 57068172
602558802 57068056
602558802 57069644
602558802 665945358
695803034 57651733
695803034 57069644
229030937 57068172
460287456 57068056
460287456 57069644
665992651 665976368
665992651 57069644
665992651 48733777
665992651 57068554
665992651 602513367
665992651 57070812
665992651 602514506
665992651 57651733
242398397 57069644
242398397 21825189
602551724 57069644
602551724 57068172
602551724 57067954
602551724 262677656
497184158 57069644
602544304 57069644
602544304 57651733
57068554 665992651
57068554 57069644
44761382 57643549
57651733 605187021
57651733 163891357
57651733 57069644
57651733 666015047
57651733 48733777
57651733 152817590
57651733 57067954
57651733 602544304
57651733 665992651
57651733 695803034
48733777 665992651
48733777 57069644
48733777 57651733
57643549 44761382
566562470 57651733
231486857 57068056
231486857 666004575
231486857 666015047
231486857 57069644
57068056 602552472
57068056 57069644
57068056 666015047
57068056 429526108
57068056 166745170
57068056 460287456
57068056 57067954
57068056 602558802
57068056 57068172
57068056 602551724
57068056 321126387
602514506 665992651
747103307 15412776
152623387 44761382
57067954 57068056
57067954 603974353
57067954 57651733
429526108 57068056
7657104 69568512
7657104 21825189
7657104 785135448
57069777 57069644
57069644 605187021
57069644 497184158
57069644 57070812
57069644 57068056
57069644 163891357
57069644 602521446
57069644 665976368
57069644 665992651
57069644 500947335
57069644 666015047
57069644 48733777
57069644 57069777
57069644 665945358
57069644 602530621
57069644 166745170
57069644 500930586
57069644 57070476
57069644 460287456
57069644 350386665
57069644 747084026
57069644 262677656
57069644 57067954
57069644 602558802
57069644 57068554
57069644 231486857
57069644 695803034
57069644 666000500
57069644 602544304
57069644 57651733
57069644 666004575
57069644 15412776
57069644 602514506
57069644 242398397
57069644 602551724
665945358 350386665
665945358 57069644
605187021 15412776
605187021 57651733
605187021 57069644
605187021 163891357
