21278395 70013694
39194502 692156446
14738399 70013694
52714320 70013694
676312552 70013694
13857786 70013694
182163785 70013694
131606744 70013694
366931798 70013694
299726626 70013694
701020153 70013694
299150356 70013694
215952171 731669857
75162548 70013694
1225703 579333273
155626382 70013694
188552343 70013694
700958345 70013694
21101382 131606744
21101382 70013694
528365113 70013694
579314608 70013694
587730458 70013694
449375200 70013694
54314969 70013694
400328415 70013694
449274696 70013694
44348224 70013694
235356539 70013694
303372156 70013694
579333273 1225703
579333273 70013694
182490045 70013694
6537396 70013694
188525919 70013694
134157736 70013694
148052817 70013694
536006384 70013694
835974439 70013694
70013694 188525919
70013694 134157736
14952716 70013694
548017049 70013694
236022085 70013694
238226768 70013694
64679734 13460401
20036714 70013694
497227229 70013694
8668444 70013694
692156446 70013694
111318001 70013694
