156307380 127288628
83473876 7378499
83473876 83473898
83473876 31891460
58261215 127288628
58134177 127288628
58134177 58046263
58135158 659987533
58122896 127288628
10694121 2349919
10694121 4909092
10694121 20321663
10694121 84455511
10694121 127288628
10694121 58025515
10694121 130358191
11443897 83473876
11443897 7378499
11443897 31891460
11443897 83473898
11443897 127288628
69201276 49233853
14881679 659987533
14881679 20321663
14881679 127288628
130358191 127288628
130358191 10694121
2349919 127288628
2349919 10694121
72527277 127288628
49233853 543219768
49233853 69201276
49233853 127288628
58323615 659987533
58022049 659987533
58022049 127288628
45227712 127288628
364129404 127288628
72475639 127288628
177032321 127288628
3223594 6784094
3223594 127288628
84455511 10694121
84455511 127288628
81377654 659987533
81377654 127288628
630587558 127288628
232664692 127288628
20864873 127288628
834665773 127288628
40172779 659987533
40172779 31891460
58025515 10694121
216784714 6784094
317006781 127288628
83473898 83473876
83473898 7378499
83473898 31891460
83473898 11443897
83473898 127288628
98687554 127288628
2264440 81377654
648058087 127288628
152595386 634127694
152595386 127288628
152595386 659987533
634127694 152595386
74863114 39266814
74863114 82113085
58046263 58134177
58046263 127288628
4909092 127288628
4909092 10694121
543219768 49233853
543219768 127288628
659987533 58022049
659987533 52579300
659987533 2349919
659987533 14881679
659987533 58135158
659987533 20321663
659987533 833825610
659987533 81377654
659987533 127288628
659987533 298857572
659987533 164531431
58010475 127288628
58010475 541465678
20321663 14881679
20321663 127288628
31891460 83473876
31891460 7378499
31891460 40172779
31891460 11443897
31891460 83473898
31891460 127288628
164531431 127288628
164531431 659987533
7378499 83473876
7378499 3223594
7378499 31891460
7378499 11443897
7378499 83473898
7378499 127288628
33849392 127288628
39266814 74863114
58297647 127288628
82113085 74863114
4302355 127288628
52579300 659987533
52579300 127288628
27922054 659987533
27922054 127288628
421488912 127288628
