152784957 152519364
152784957 534753004
152784957 534758775
152784957 127348443
152784957 65469600
152784957 152733756
152784957 152929168
152784957 72587274
152784957 57651865
152784957 758013547
152662164 152713047
152662164 230562605
152662164 534753004
152662164 38758480
152662164 65469600
152662164 298856715
152662164 591867546
152662164 535115577
601857133 152713047
833409988 152713047
833409988 152475369
833409988 152448291
833409988 634130458
349896975 152713047
349896975 65469600
152733756 152475369
152733756 534758775
152733756 152784957
152733756 833321058
152733756 534784998
152733756 591867546
152733756 152566538
152733756 127348443
152733756 65469600
92489388 38758480
92489388 271767640
92489388 152713047
65469600 152475369
65469600 261967916
65469600 152818347
65469600 152566538
65469600 152713047
65469600 152929168
127348443 212387778
127348443 591867546
127348443 152695652
127348443 152733756
62301372 152713047
62301372 127348443
62301372 152600650
62301372 65469600
62301372 152566538
62301372 298856715
210215918 230562605
95357277 534751452
95357277 298856715
265400685 534751452
265400685 212387778
265400685 271767640
265400685 38758480
265400685 152713047
265400685 65469600
833321058 534751452
833321058 152713047
833321058 271767640
833321058 591867546
833321058 152448291
212387778 152713047
212387778 127348443
212387778 271767640
212387778 265400685
534751452 152519364
534751452 152713047
534751452 152784957
534751452 230562605
534751452 152619393
534751452 833321058
534751452 534757261
534751452 152785435
534751452 501147879
534751452 271767640
534751452 591867546
534751452 152566538
534751452 265400685
534751452 52570076
534751452 49817756
534751452 95357277
534751452 38758480
534751452 72587274
534751452 58261485
534751452 758013547
230562605 152519364
230562605 534751452
230562605 65469600
230562605 210215918
230562605 152566538
230562605 152662164
152448291 591867546
152448291 152713047
152448291 152475369
152448291 534758775
152448291 501147879
152448291 152566538
152448291 833321058
152448291 52570076
152448291 152564520
152448291 298856715
152448291 65469600
152448291 758013547
152448291 833409988
535115577 152713047
535115577 65469600
271767640 152475369
271767640 534753004
271767640 534751452
271767640 534758775
271767640 152713047
271767640 127348443
271767640 152619393
271767640 833321058
271767640 382349803
271767640 65469600
271767640 501147879
271767640 212387778
271767640 591867546
271767640 152566538
271767640 52570076
271767640 298856715
271767640 38758480
271767640 57651865
271767640 152662164
271767640 92489388
58261485 65469600
58261485 534751452
58261485 152713047
298856715 152713047
298856715 152600650
298856715 65469600
298856715 501147879
298856715 271767640
298856715 62301372
298856715 152566538
298856715 95357277
298856715 38758480
298856715 152448291
127524458 38758480
152519364 152475369
152519364 534751452
152519364 152713047
152519364 152784957
152519364 230562605
152519364 65469600
152519364 223840818
152519364 591867546
152519364 57651865
152600650 152713047
152600650 65469600
152600650 62301372
152600650 298856715
152600650 38758480
223840818 152519364
223840818 127348443
152695652 152713047
152695652 127348443
152695652 501147879
152929168 152784957
152929168 152818347
152929168 52570076
152929168 152713047
152929168 65469600
152475369 152519364
152475369 534758775
152475369 152713047
152475369 65469600
152475369 52570076
152475369 38758480
152475369 501147879
152475369 152566538
152475369 152448291
152475369 57651865
152475369 833409988
152713047 152475369
152713047 145458505
152713047 534753004
152713047 534751452
152713047 534758775
152713047 152600650
152713047 382349803
152713047 501147879
152713047 212387778
152713047 271767640
152713047 591867546
152713047 152695652
152713047 152566538
152713047 52570076
152713047 298856715
152713047 535115577
152713047 38758480
152713047 152619393
152713047 65469600
152713047 265400685
152713047 72587274
52570076 145458505
52570076 152713047
52570076 152818347
52570076 324473484
52570076 38758480
52570076 57651865
152818347 152713047
152818347 65469600
152818347 501147879
152818347 38758480
49817756 534751452
49817756 152713047
49817756 65469600
49817756 152566538
152595734 57651865
591867546 152713047
591867546 127348443
591867546 833321058
591867546 152733756
591867546 152448291
591867546 57651865
591867546 72587274
57651865 52570076
57651865 145458505
57651865 591867546
57651865 152713047
57651865 152475369
57651865 152566538
57651865 152519364
57651865 152595734
57651865 261967916
57651865 152619393
57651865 152784957
57651865 271767640
57651865 758013547
535010112 152713047
152785435 534751452
152785435 152713047
534753004 152713047
534753004 152784957
534753004 52570076
501147879 152713047
501147879 634130458
501147879 152818347
501147879 65469600
501147879 271767640
501147879 152695652
501147879 298856715
501147879 38758480
501147879 152475369
501147879 152566538
501147879 152448291
501147879 72587274
382349803 152713047
152619393 534751452
152619393 152785435
152619393 38758480
152619393 152713047
152619393 65469600
152619393 152475369
152619393 152566538
152619393 152784957
152619393 57651865
152619393 758013547
145458505 152713047
145458505 52570076
145458505 57651865
152566538 534751452
152566538 152713047
152566538 152818347
152566538 127348443
152566538 65469600
152566538 152733756
152566538 271767640
152566538 591867546
152566538 62301372
152566538 298856715
152566538 49817756
152566538 501147879
152566538 152475369
152566538 230562605
152566538 152619393
152566538 152448291
152566538 57651865
72587274 65469600
72587274 152784957
72587274 534751452
72587274 152713047
72587274 52570076
72587274 152600650
72587274 501147879
72587274 591867546
72587274 38758480
152564520 152713047
152564520 152448291
634130458 152713047
634130458 534757261
634130458 501147879
634130458 591867546
634130458 152448291
634130458 58261485
634130458 833409988
261967916 152784957
261967916 65469600
261967916 758013547
261967916 833409988
261967916 57651865
534758775 152475369
534758775 152713047
534758775 65469600
534758775 271767640
534758775 591867546
38758480 152475369
38758480 152519364
38758480 152713047
38758480 152600650
38758480 501147879
38758480 127524458
38758480 265400685
38758480 52570076
38758480 298856715
38758480 72587274
38758480 152662164
38758480 92489388
