109465280 127337317
835926327 127337317
65419864 300209954
65419864 127337317
58327631 127337317
234030668 127337317
9472581 127337317
9472581 36004802
142747059 127337317
97273490 127337317
42150186 127337317
13868731 127337317
130034554 127337317
300209954 65419864
300209954 127337317
184632402 58327631
184632402 127337317
177213248 127337317
57482192 127337317
150701536 127337317
60425455 127337317
131049570 35137108
131049570 127337317
34994272 127337317
58054298 132532404
58054298 11486682
58054298 127337317
58054298 129630373
56578763 127337317
11486682 58054298
11486682 127337317
67020459 127337317
142483242 127337317
83915194 127337317
129630373 127337317
129630373 85715413
129630373 58054298
60933667 127337317
62350486 127337317
673569348 127337317
6897463 127337317
569380627 127337317
41025336 127337317
85715413 127337317
85715413 129630373
734079257 127337317
36004802 9472581
36004802 127337317
37579814 127337317
