10463670 58110699
10463670 107665614
10463670 83518329
10463670 642477464
10463670 130262911
10463670 286078177
10463670 8441627
130262911 133051108
130262911 107665614
130262911 107666484
130262911 8441627
130262911 83434917
130262911 297473226
130262911 14515014
58110699 21395057
58110699 50641145
58110699 130262911
58110699 286078177
58110699 249170841
58110699 10463670
58110699 8441627
58110699 107665614
107658945 130262911
21395057 58110699
21395057 286078177
21395057 107665614
21395057 287044504
21395057 16118232
21395057 15267338
787806355 50641145
107666484 107665614
107666484 50641145
107666484 130262911
107666484 14515014
107666484 286078177
107666484 8441627
98572318 130262911
260117602 107665614
260117602 286078177
133051108 130262911
133051108 286078177
133051108 83434917
133051108 107666484
133051108 107665614
83434917 107665614
83434917 287044504
83434917 152217445
83434917 642477464
83434917 8441627
83434917 286078177
83434917 130262911
83434917 50641145
83434917 21395057
226653062 8441627
226653062 130262911
128095214 130262911
140116866 239163552
140116866 130262911
103590444 107665614
103590444 10463670
103590444 286078177
103590444 130262911
107665614 107666484
107665614 8441627
107665614 83434917
107665614 15267338
107665614 10463670
107665614 249170841
107665614 286078177
107665614 712195810
107665614 130262911
107665614 16118232
107665614 52561988
107665614 21395057
16118232 107665614
16118232 21395057
145679625 642477464
50641145 231906463
50641145 58110699
50641145 296407817
50641145 107665614
50641145 107666484
50641145 287044504
50641145 787806355
50641145 642477464
50641145 8441627
50641145 83434917
50641145 286078177
50641145 234798719
50641145 21395057
107667530 107665614
107667530 286078177
107667530 130262911
425588303 107665614
425588303 287044504
425588303 642477464
425588303 286078177
297473226 130262911
298692815 107665614
298692815 642477464
298692815 286078177
15267338 16118232
15267338 21395057
286399907 286078177
152217445 107665614
152217445 8441627
152217445 83434917
152217445 249170841
152217445 286078177
152217445 130262911
152217445 52561988
152217445 21395057
249170841 107665614
271845422 107665614
58289371 107665614
58289371 642477464
58289371 286078177
58289371 130262911
58289371 16118232
129622574 107665614
129622574 287044504
129622574 286078177
129622574 21395057
723622887 130262911
285650747 130262911
148035943 107665614
148035943 130262911
130494125 107665614
130494125 16118232
285139098 107665614
285139098 286078177
712195810 107665614
244511274 107665614
244511274 642477464
244511274 8441627
244511274 286078177
244511274 130262911
244511274 21395057
287044504 239047116
287044504 239163552
287044504 296407817
287044504 107665614
287044504 425588303
287044504 145679625
287044504 8441627
287044504 129622574
287044504 286078177
287044504 130494125
287044504 50641145
287044504 21395057
107664356 107665614
107664356 8441627
107664356 130262911
239163552 130262911
239163552 140116866
239163552 287044504
229321385 107665614
229321385 8441627
229321385 286078177
14515014 107665614
14515014 107666484
14515014 130262911
152788183 57649904
243617219 130262911
50901652 107665614
286078177 239047116
286078177 58110699
286078177 260117602
286078177 107665614
286078177 107666484
286078177 287044504
286078177 152217445
286078177 642477464
286078177 8441627
286078177 129622574
286078177 83434917
286078177 107667530
286078177 21395057
234798719 107665614
234798719 642477464
234798719 286078177
148021001 107665614
148021001 286078177
26411455 8441627
26411455 286078177
26411455 130262911
26411455 50641145
65474341 58001297
297402840 286078177
239047116 287044504
239047116 286078177
239047116 130262911
90345751 107665614
90345751 642477464
90345751 286078177
296407817 107665614
296407817 8441627
296407817 26411455
296407817 130262911
296407817 50641145
296407817 21395057
642477464 107665614
642477464 286078177
172541744 107665614
172541744 642477464
172541744 8441627
172541744 237660985
172541744 130262911
172541744 21395057
295331947 107665614
295331947 8441627
295331947 130262911
107661770 107665614
52561988 107665614
3716489 107665614
3716489 287044504
3716489 52561988
3716489 130262911
3716489 130494125
3716489 286078177
3716489 83434917
3716489 8441627
3716489 642477464
3716489 83518329
77571538 130262911
247915828 130262911
8441627 107665614
8441627 107666484
8441627 83434917
8441627 15267338
8441627 130262911
8441627 50641145
298163146 130262911
231906463 50641145
231906463 130262911
58001297 65474341
