152685315 58148057
152685315 152595612
152566935 152595612
152573352 57653402
152573352 152483042
152573352 152595612
152927549 32972680
152927549 152595612
633989543 57653402
633989543 152483042
633989543 44758931
633989543 152595612
633989543 44759586
633989543 152564217
58167935 58148057
58167935 32972680
58167935 152595612
210281941 152934005
210281941 32972680
298830478 152595612
152621820 152595612
152930231 152681426
152930231 152595612
152735446 24688281
152735446 142525142
152735446 152595612
152735446 49465080
152735446 152812653
152900305 152595612
152601931 152595612
152680593 152595612
152921307 152595612
152798171 152595612
24688281 152681426
24688281 152934005
24688281 45544676
24688281 152713480
24688281 57653402
24688281 152483042
24688281 128946707
24688281 152735446
24688281 142525142
24688281 152477831
24688281 152595612
24688281 57646632
24688281 210263567
24688281 44759586
24688281 136559386
24688281 110964338
152879842 152595612
152662415 152595612
152847645 152928743
152847645 152924109
152847645 152595612
517012636 152595612
152677395 152595612
32972680 152927549
32972680 210281941
32972680 58167935
32972680 152595612
130228443 152595612
152578282 152595612
152474233 152595612
45544676 24688281
45544676 582236172
45544676 152595612
45544676 44759586
45544676 152564217
152691307 152595612
44757760 152858321
44757760 45544676
44757760 152681426
44757760 152595612
44757760 58148057
152483042 24688281
152483042 633989543
152483042 152573352
152483042 152595612
152483042 152564217
152483042 136559386
44754952 152595612
580965356 152595612
128946707 152928743
128946707 24688281
128946707 58148057
128946707 57653402
128946707 16229689
128946707 152674018
128946707 210199674
128946707 152735446
128946707 41548248
128946707 152595612
128946707 57646632
128946707 152733888
128946707 110964338
210199674 45544676
210199674 128946707
210199674 57646632
44758931 633989543
152733888 152681426
152733888 152595612
9070931 152595612
58106949 152934005
58106949 16229689
136559386 152934005
136559386 24688281
136559386 152812653
136559386 152595612
72523086 152595612
32681513 152595612
152913806 152595612
152812653 152595612
152812653 152681426
152812653 58167935
152812653 152731109
152812653 152927549
152812653 152798171
152812653 152799723
152812653 136559386
73643951 152595612
152927761 58148057
152927761 152734422
152927761 152595612
152928743 58148057
152928743 152847645
152928743 128946707
152928743 152674018
152928743 152595612
152928743 57646632
152928743 49465080
152797821 58148057
152797821 152595612
58155724 152595612
152631461 152595612
152564217 152595612
152564217 633989543
152564217 45544676
152564217 152483042
298839129 152595612
152713480 24688281
152713480 152595612
152713480 110964338
152595612 152928743
152595612 152681426
152595612 633989543
152595612 45544676
152595612 152713480
152595612 57653402
152595612 152924109
152595612 152847645
152595612 16229689
152595612 152566935
152595612 152483042
152595612 152631461
152595612 152858321
152595612 128946707
152595612 32972680
152595612 152784825
152595612 152900305
152595612 152621820
152595612 152477831
152595612 152685315
152595612 73643951
152595612 152685523
152595612 49465080
152595612 152733888
152595612 152677395
152595612 152564217
152595612 92522798
152595612 136559386
152595612 44757760
152734422 152927761
152734422 152595612
152734422 210263567
152734422 58155724
152731109 152595612
152731109 152812653
152579361 152595612
57653402 24688281
57653402 633989543
57653402 128946707
57653402 152573352
57653402 152799723
57653402 152595612
57653402 57652358
57653402 210263567
57653402 110964338
44753208 152927549
44753208 16229689
44753208 152685315
44753208 152595612
44753208 44759586
57646632 44753208
57646632 152928743
57646632 24688281
57646632 128946707
57646632 152674018
57646632 152798171
57646632 210199674
57646632 57652358
582236172 45544676
582236172 110964338
152620635 298830478
152620635 758047932
210263567 152928743
210263567 24688281
210263567 152734422
210263567 152595612
41548248 152595612
41548248 110964338
152905095 152595612
152573133 152595612
152674018 152928743
152674018 152934005
152674018 582236172
152674018 128946707
152674018 142525142
152674018 152595612
152674018 57646632
152674018 58155724
152784825 152595612
44759586 44753208
44759586 24688281
44759586 45544676
44759586 152595612
49465080 152928743
49465080 152735446
49465080 152799723
49465080 152595612
49465080 57652358
57652358 152685523
57652358 152595612
57652358 49465080
152815768 152595612
152815768 58148057
152934353 152912654
152934353 110964338
152934353 152595612
152912654 152595612
152912654 152934353
152954389 152595612
152858321 152595612
152858321 136559386
152858321 44757760
758047932 152595612
16229689 44753208
16229689 128946707
16229689 152595612
16229689 58106949
152572769 152595612
110964338 128946707
110964338 24688281
110964338 58148057
110964338 152713480
110964338 142525142
110964338 152934353
92522798 152595612
152912745 152595612
758025367 152595612
152477831 24688281
152477831 152595612
152799723 152595612
152799723 49465080
152924109 152595612
152934005 24688281
152934005 210281941
152934005 152674018
152934005 142525142
152934005 152595612
152934005 58106949
152934005 72523086
152934005 136559386
58148057 58167935
58148057 128946707
58148057 152927761
58148057 152685315
58148057 152595612
58148057 44757760
58148057 152815768
58148057 110964338
152727046 152595612
152681426 24688281
152681426 152930231
152681426 152595612
152681426 152733888
152681426 152812653
152681426 44757760
7486439 152595612
142525142 24688281
142525142 152934005
142525142 152595612
142525142 110964338
