50636270 52200610
50636270 19652276
21219212 51962218
21219212 19652276
60685432 19652276
51962218 21219212
51962218 19652276
15131675 14381623
15131675 52200610
15131675 19652276
14381623 15131675
14381623 19652276
3945904 52200610
3945904 19652276
52200610 15131675
52200610 3945904
52200610 14381623
52200610 19652276
14279889 19652276
19652276 50636270
19652276 21219212
19652276 15131675
19652276 60685432
19652276 14381623
19652276 3945904
19652276 14279889
19652276 52200610
19652276 96750450
300147199 96750450
96750450 19652276
