57652372 152432286
57652372 79437577
57652372 57646634
57652372 57651435
57652372 133767389
57652372 149529166
57652372 57994009
57652372 121878500
57652372 57566174
57652372 57645810
57652372 36841345
57652372 152481013
57652372 44758756
57652372 57650788
57652372 57589812
57652372 57650442
57652372 130455639
57652372 82128169
57652372 152527507
152930619 8505406
152930619 7012581
152930619 57588039
152930619 152931563
152930619 57994009
133767389 57645810
133767389 57646634
133767389 57566174
133767389 152527507
133767389 130455639
133767389 152954277
133767389 57651435
133767389 79437577
133767389 57589812
133767389 44758756
133767389 152432286
133767389 57588039
133767389 57645691
133767389 82650723
133767389 36841345
133767389 57646504
133767389 152931563
133767389 57647863
133767389 8505406
133767389 121878500
133767389 149529166
133767389 82128169
133767389 107496221
133767389 86116943
133767389 57994009
133767389 57644430
133767389 57652372
149529166 121878500
149529166 36841345
149529166 7012581
149529166 44758756
149529166 40322605
149529166 57645810
149529166 806321390
149529166 301982754
149529166 152835092
149529166 57645691
149529166 79437577
149529166 57589812
149529166 130455639
149529166 152912312
149529166 57650442
149529166 8505406
149529166 57647863
149529166 57651435
149529166 131065027
149529166 57588039
149529166 57645802
149529166 57646634
149529166 133767389
149529166 152432286
149529166 57646504
149529166 82650723
149529166 57566174
149529166 152670795
149529166 582665196
149529166 82128169
149529166 107496221
149529166 152481013
149529166 22612799
149529166 581238179
149529166 57994009
149529166 57644430
149529166 57652372
49520781 65354630
49520781 57645810
49520781 8505406
49520781 79437577
49520781 58154810
49520781 57588039
49520781 121878500
49520781 149529166
152481013 82128169
152481013 57645810
152481013 57588039
152481013 130455639
152481013 57651435
152481013 152432286
152481013 152527507
152481013 8505406
152481013 149529166
152481013 57650788
152481013 36841345
152481013 44758756
152481013 57650442
152481013 7012581
152481013 121878500
152481013 57613246
152481013 57994009
152481013 57652372
152481013 123730553
128314248 65354630
128314248 57645810
128314248 8505406
128314248 152527507
128314248 57651435
128314248 79437577
128314248 57589812
128314248 44758756
128314248 57588039
128314248 152835092
128314248 121878500
128314248 57650442
8505406 65354630
8505406 57645810
8505406 57646634
8505406 74870977
8505406 57566174
8505406 152527507
8505406 40322605
8505406 130455639
8505406 7012581
8505406 152930619
8505406 128314248
8505406 79437577
8505406 57589812
8505406 44758756
8505406 152432286
8505406 57588039
8505406 131065027
8505406 57645691
8505406 57645802
8505406 82650723
8505406 36841345
8505406 16005807
8505406 57646504
8505406 57647863
8505406 582618600
8505406 49520781
8505406 301982754
8505406 121878500
8505406 133767389
8505406 149529166
8505406 82128169
8505406 107496221
8505406 152481013
8505406 57994009
8505406 57644430
152520044 57646634
152520044 57994009
152520044 149529166
152920909 57645810
152920909 57645691
152920909 58154810
152920909 57588039
57613246 57588039
57613246 36841345
57613246 57650788
57613246 152432286
57613246 57651435
57613246 152481013
57613246 57994009
57566174 57645810
57566174 57646634
57566174 8505406
57566174 130455639
57566174 7012581
57566174 57651435
57566174 79437577
57566174 44758756
57566174 57588039
57566174 152835092
57566174 131065027
57566174 121878500
57566174 133767389
57566174 36841345
57566174 57646504
57566174 301982754
57566174 149529166
57566174 82128169
57566174 107496221
57566174 22612799
57566174 86116943
57566174 152920909
57566174 57652372
57566174 123730553
7012581 57645810
7012581 8505406
7012581 57566174
7012581 130455639
7012581 152930619
7012581 79437577
7012581 44758756
7012581 152432286
7012581 131065027
7012581 57645691
7012581 57645802
7012581 121878500
7012581 82650723
7012581 36841345
7012581 57646504
7012581 152688030
7012581 301982754
7012581 149529166
7012581 82128169
7012581 107496221
7012581 152481013
7012581 57994009
7012581 57644430
57644430 65354630
57644430 57645810
57644430 152953891
57644430 57588039
57644430 57651435
57644430 79437577
57644430 57646634
57644430 57647863
57644430 131065027
57644430 82128169
57644430 121878500
57644430 44758756
57644430 36841345
57644430 57645691
57644430 149529166
57644430 57994009
57644430 82650723
57644430 8505406
57644430 57646504
57644430 57589812
57644430 133767389
57644430 57650788
57644430 7012581
57644430 152912312
57644430 152432286
57644430 22612799
57644430 57650442
57644430 301982754
152688030 7012581
152688030 152432286
57646634 65354630
57646634 57645810
57646634 8505406
57646634 57566174
57646634 152527507
57646634 130455639
57646634 79437577
57646634 25744424
57646634 57589812
57646634 44758756
57646634 133767389
57646634 36841345
57646634 114026782
57646634 57646504
57646634 152912312
57646634 57647863
57646634 152432286
57646634 57651435
57646634 121878500
57646634 57650442
57646634 149529166
57646634 82128169
57646634 107496221
57646634 57994009
57646634 57644430
57646634 57652372
57646634 123730553
152577239 57646634
152577239 152432286
40322605 8505406
40322605 57651435
40322605 152432286
40322605 152603898
40322605 149529166
24800689 65354630
24800689 36841345
24800689 57994009
582665196 107496221
582665196 149529166
130455639 65354630
130455639 57645810
130455639 57646634
130455639 8505406
130455639 57566174
130455639 7012581
130455639 57651435
130455639 79437577
130455639 25744424
130455639 57589812
130455639 58154810
130455639 44758756
130455639 57588039
130455639 152835092
130455639 131065027
130455639 57645691
130455639 57645802
130455639 121878500
130455639 82650723
130455639 133767389
130455639 36841345
130455639 57646504
130455639 44755051
130455639 152931563
130455639 57647863
130455639 301982754
130455639 149529166
130455639 82128169
130455639 107496221
130455639 152481013
130455639 22612799
130455639 86116943
130455639 57994009
130455639 57652372
130455639 123730553
57646504 57645810
57646504 57646634
57646504 8505406
57646504 57566174
57646504 130455639
57646504 7012581
57646504 57651435
57646504 79437577
57646504 57589812
57646504 58154810
57646504 44758756
57646504 152432286
57646504 131065027
57646504 57645691
57646504 57645802
57646504 121878500
57646504 82650723
57646504 133767389
57646504 36841345
57646504 57993943
57646504 44755051
57646504 57650788
57646504 57647863
57646504 49520781
57646504 301982754
57646504 57650442
57646504 149529166
57646504 82128169
57646504 22612799
57646504 152687139
57646504 57994009
57646504 57644430
57646504 123730553
74870977 8505406
74870977 152432286
74870977 57645802
74870977 57650788
74870977 57994009
155818974 57645810
155818974 57589812
155818974 301982754
155818974 82128169
155818974 57994009
152931563 36841345
152931563 581238179
152603898 40322605
152603898 57589812
152603898 58154810
152603898 152432286
152603898 57588039
152603898 36841345
152603898 16005807
152603898 114026782
152603898 44755051
57994009 24800689
57994009 57993943
57994009 121878500
57994009 57589812
57994009 57645810
57994009 8505406
57994009 57646634
57994009 57651435
57994009 152432286
57994009 7012581
57994009 152930619
57994009 133767389
57994009 152527507
57994009 152481013
57994009 152954277
57994009 44758756
57994009 130455639
57994009 82650723
57994009 57647863
57994009 580932931
57994009 149529166
57994009 152593699
57994009 57646504
57994009 79437577
57994009 22612799
57994009 82128169
57994009 36841345
57994009 301982754
57994009 155818974
57994009 152520044
57994009 582618600
57994009 74870977
57994009 44755051
57994009 57613246
57994009 57644430
57994009 57652372
57994009 123730553
86116943 133767389
86116943 130455639
86116943 57588039
86116943 152432286
86116943 57646634
86116943 57566174
86116943 57651435
86116943 36841345
153034395 79437577
153034395 57993943
153034395 57650442
153034395 82128169
152432286 57645810
152432286 8505406
152432286 74870977
152432286 57566174
152432286 152527507
152432286 40322605
152432286 7012581
152432286 25744424
152432286 57589812
152432286 58154810
152432286 44758756
152432286 57588039
152432286 131065027
152432286 57645691
152432286 152593699
152432286 152603898
152432286 152577239
152432286 82650723
152432286 133767389
152432286 36841345
152432286 57993943
152432286 57646504
152432286 44755051
152432286 57650788
152432286 152688030
152432286 301982754
152432286 57646634
152432286 57613246
152432286 57651435
152432286 121878500
152432286 57650442
152432286 149529166
152432286 82128169
152432286 107496221
152432286 152481013
152432286 22612799
152432286 86116943
152432286 57994009
152432286 57644430
152432286 57652372
152432286 123730553
806321390 149529166
152927757 57588039
301982754 57645810
301982754 8505406
301982754 57566174
301982754 130455639
301982754 7012581
301982754 57651435
301982754 79437577
301982754 57589812
301982754 44758756
301982754 152432286
301982754 131065027
301982754 57645691
301982754 57645802
301982754 121878500
301982754 155818974
301982754 82650723
301982754 36841345
301982754 57646504
301982754 57647863
301982754 57650442
301982754 149529166
301982754 82128169
301982754 57994009
301982754 57644430
22612799 65354630
22612799 57588039
22612799 130455639
22612799 152432286
22612799 57589812
22612799 57646504
22612799 57645810
22612799 149529166
22612799 79437577
22612799 131065027
22612799 57566174
22612799 57994009
22612799 57644430
152670795 149529166
152912312 57646634
152912312 57588039
152912312 36841345
152912312 149529166
152912312 57644430
58154810 152527507
58154810 130455639
58154810 79437577
58154810 44758756
58154810 152432286
58154810 152603898
58154810 36841345
58154810 114026782
58154810 57646504
58154810 49520781
58154810 152920909
58154810 123730553
580932931 57994009
580932931 149529166
82128169 57588039
82128169 57645810
82128169 57650442
82128169 57566174
82128169 131065027
82128169 152527507
82128169 153034395
82128169 133767389
82128169 57645802
82128169 36841345
82128169 44758756
82128169 130455639
82128169 57645691
82128169 121878500
82128169 57647863
82128169 57646504
82128169 8505406
82128169 149529166
82128169 57589812
82128169 79437577
82128169 152432286
82128169 301982754
82128169 82650723
82128169 7012581
82128169 57651435
82128169 25744424
82128169 155818974
82128169 57646634
82128169 57613246
82128169 57994009
82128169 57644430
82128169 57652372
82128169 123730553
65354630 57645810
65354630 57646634
65354630 8505406
65354630 130455639
65354630 57651435
65354630 128314248
65354630 79437577
65354630 152953891
65354630 44758756
65354630 57588039
65354630 24800689
65354630 49520781
65354630 22612799
65354630 57644430
57645691 57646634
57645691 8505406
57645691 130455639
57645691 7012581
57645691 57651435
57645691 44758756
57645691 152432286
57645691 57588039
57645691 131065027
57645691 57645802
57645691 121878500
57645691 82650723
57645691 133767389
57645691 36841345
57645691 57646504
57645691 57647863
57645691 301982754
57645691 149529166
57645691 82128169
57645691 107496221
57645691 152920909
57645691 57644430
103253871 57650442
57650788 65354630
57650788 57645810
57650788 74870977
57650788 57651435
57650788 79437577
57650788 57589812
57650788 44758756
57650788 152432286
57650788 57588039
57650788 36841345
57650788 57650442
57650788 152481013
57650788 57652372
57645810 65354630
57645810 57646634
57645810 8505406
57645810 57566174
57645810 152527507
57645810 7012581
57645810 152954277
57645810 57651435
57645810 128314248
57645810 79437577
57645810 152953891
57645810 57589812
57645810 58154810
57645810 44758756
57645810 152432286
57645810 57588039
57645810 152835092
57645810 131065027
57645810 121878500
57645810 152593699
57645810 133767389
57645810 36841345
57645810 57646504
57645810 57650788
57645810 57647863
57645810 49520781
57645810 301982754
57645810 149529166
57645810 82128169
57645810 107496221
57645810 152481013
57645810 22612799
57645810 152920909
57645810 57994009
57645810 57644430
57645810 57652372
152836071 57588039
57651435 65354630
57651435 57645810
57651435 57566174
57651435 152527507
57651435 40322605
57651435 130455639
57651435 128314248
57651435 79437577
57651435 57589812
57651435 44758756
57651435 57588039
57651435 131065027
57651435 57645691
57651435 82650723
57651435 133767389
57651435 36841345
57651435 57646504
57651435 44755051
57651435 57650788
57651435 57647863
57651435 582618600
57651435 301982754
57651435 57646634
57651435 57613246
57651435 152432286
57651435 121878500
57651435 57650442
57651435 149529166
57651435 82128169
57651435 152481013
57651435 22612799
57651435 86116943
57651435 57994009
57651435 57644430
57651435 57652372
57651435 123730553
582618600 8505406
582618600 7012581
582618600 57651435
582618600 79437577
582618600 57588039
582618600 57994009
57589812 57645810
57589812 57646634
57589812 8505406
57589812 152527507
57589812 57651435
57589812 128314248
57589812 44758756
57589812 152432286
57589812 57588039
57589812 131065027
57589812 121878500
57589812 152603898
57589812 82650723
57589812 133767389
57589812 36841345
57589812 57993943
57589812 57646504
57589812 44755051
57589812 57650788
57589812 301982754
57589812 57650442
57589812 149529166
57589812 82128169
57589812 22612799
57589812 57994009
57589812 57644430
57589812 57652372
36841345 57645810
36841345 57646634
36841345 8505406
36841345 57613246
36841345 57566174
36841345 130455639
36841345 7012581
36841345 57651435
36841345 79437577
36841345 25744424
36841345 57589812
36841345 58154810
36841345 44758756
36841345 152432286
36841345 57588039
36841345 131065027
36841345 57645691
36841345 57645802
36841345 121878500
36841345 152603898
36841345 82650723
36841345 133767389
36841345 57993943
36841345 114026782
36841345 57646504
36841345 44755051
36841345 57650788
36841345 24800689
36841345 57647863
36841345 301982754
36841345 57650442
36841345 149529166
36841345 82128169
36841345 152481013
36841345 86116943
36841345 152920909
36841345 57994009
36841345 57644430
36841345 57652372
36841345 123730553
57645802 8505406
57645802 74870977
57645802 130455639
57645802 7012581
57645802 44758756
57645802 57588039
57645802 131065027
57645802 57645691
57645802 121878500
57645802 82650723
57645802 36841345
57645802 57646504
57645802 57647863
57645802 301982754
57645802 149529166
57645802 82128169
10857787 140116378
581238179 149529166
581238179 152931563
581238179 86116943
114026782 57646634
114026782 36841345
57993943 152953891
57993943 57589812
57993943 152432286
57993943 36841345
57993943 57646504
57993943 153034395
57993943 57994009
123730553 57588039
123730553 152835092
123730553 152527507
123730553 57651435
123730553 82128169
123730553 57646504
123730553 57646634
123730553 57566174
123730553 36841345
123730553 57650442
123730553 107496221
123730553 57994009
123730553 44755051
123730553 130455639
123730553 152432286
123730553 152481013
79437577 65354630
79437577 57645810
79437577 57646634
79437577 8505406
79437577 57566174
79437577 130455639
79437577 7012581
79437577 57651435
79437577 128314248
79437577 58154810
79437577 44758756
79437577 57588039
79437577 131065027
79437577 121878500
79437577 82650723
79437577 133767389
79437577 36841345
79437577 57646504
79437577 57650788
79437577 582618600
79437577 49520781
79437577 301982754
79437577 149529166
79437577 82128169
79437577 22612799
79437577 57994009
79437577 57644430
79437577 57652372
152835092 57645810
152835092 130455639
152835092 128314248
152835092 79437577
152835092 44758756
152835092 149529166
152835092 123730553
152527507 57645810
152527507 57646634
152527507 8505406
152527507 57651435
152527507 128314248
152527507 57589812
152527507 58154810
152527507 44758756
152527507 152432286
152527507 121878500
152527507 133767389
152527507 152931563
152527507 57650442
152527507 82128169
152527507 107496221
152527507 152481013
152527507 57994009
152527507 57652372
152527507 123730553
44755051 57651435
44755051 57589812
44755051 44758756
44755051 152432286
44755051 36841345
44755051 57650442
44755051 57994009
44758756 65354630
44758756 57645810
44758756 57646634
44758756 8505406
44758756 57566174
44758756 152527507
44758756 130455639
44758756 7012581
44758756 57651435
44758756 128314248
44758756 79437577
44758756 57589812
44758756 58154810
44758756 152432286
44758756 57588039
44758756 152835092
44758756 131065027
44758756 57645691
44758756 57645802
44758756 121878500
44758756 82650723
44758756 133767389
44758756 36841345
44758756 57646504
44758756 44755051
44758756 57650788
44758756 57647863
44758756 301982754
44758756 57650442
44758756 149529166
44758756 82128169
44758756 107496221
44758756 152481013
44758756 22612799
44758756 57994009
44758756 57644430
44758756 57652372
121878500 57645810
121878500 57566174
121878500 152527507
121878500 130455639
121878500 7012581
121878500 128314248
121878500 79437577
121878500 57589812
121878500 44758756
121878500 57588039
121878500 131065027
121878500 57645691
121878500 57645802
121878500 82650723
121878500 36841345
121878500 57646504
121878500 57647863
121878500 301982754
121878500 8505406
121878500 133767389
121878500 57646634
121878500 152432286
121878500 57651435
121878500 57650442
121878500 149529166
121878500 82128169
121878500 152481013
121878500 57994009
121878500 57644430
121878500 57652372
25744424 57646634
25744424 130455639
25744424 152432286
25744424 57588039
25744424 57645691
25744424 36841345
25744424 82128169
152851188 57566174
152593699 57645810
152593699 57589812
152593699 152432286
152593699 149529166
152593699 57994009
152954277 57645810
152954277 133767389
152954277 57994009
16005807 8505406
16005807 140116378
16005807 152603898
107496221 133767389
107496221 57646634
107496221 152527507
107496221 57645810
107496221 8505406
107496221 44758756
107496221 582665196
107496221 152432286
107496221 149529166
107496221 7012581
107496221 57566174
107496221 57650442
107496221 123730553
152953891 65354630
152953891 57645810
152953891 57588039
152953891 57993943
152953891 57644430
57588039 65354630
57588039 57645810
57588039 8505406
57588039 57613246
57588039 57566174
57588039 152836071
57588039 130455639
57588039 152930619
57588039 57651435
57588039 128314248
57588039 79437577
57588039 152953891
57588039 25744424
57588039 152927757
57588039 57589812
57588039 44758756
57588039 152432286
57588039 131065027
57588039 57645691
57588039 57645802
57588039 121878500
57588039 152603898
57588039 133767389
57588039 36841345
57588039 152912312
57588039 57650788
57588039 582618600
57588039 49520781
57588039 57650442
57588039 149529166
57588039 82128169
57588039 152481013
57588039 22612799
57588039 86116943
57588039 152920909
57588039 57644430
57588039 123730553
57650442 57588039
57650442 57646634
57650442 152527507
57650442 301982754
57650442 103253871
57650442 57589812
57650442 152432286
57650442 44758756
57650442 57646504
57650442 121878500
57650442 153034395
57650442 82650723
57650442 36841345
57650442 57651435
57650442 57650788
57650442 128314248
57650442 44755051
57650442 149529166
57650442 82128169
57650442 107496221
57650442 152481013
57650442 57644430
57650442 57652372
57650442 123730553
57647863 57645810
57647863 57646634
57647863 8505406
57647863 130455639
57647863 57651435
57647863 44758756
57647863 152432286
57647863 131065027
57647863 57645691
57647863 57645802
57647863 121878500
57647863 82650723
57647863 133767389
57647863 36841345
57647863 57646504
57647863 149529166
57647863 82128169
57647863 57994009
57647863 57644430
131065027 57645810
131065027 8505406
131065027 57566174
131065027 130455639
131065027 7012581
131065027 57651435
131065027 79437577
131065027 57589812
131065027 44758756
131065027 152432286
131065027 57588039
131065027 57645691
131065027 57645802
131065027 121878500
131065027 82650723
131065027 36841345
131065027 57646504
131065027 57647863
131065027 301982754
131065027 149529166
131065027 82128169
131065027 22612799
131065027 57644430
82650723 8505406
82650723 130455639
82650723 7012581
82650723 57651435
82650723 79437577
82650723 57589812
82650723 44758756
82650723 152432286
82650723 131065027
82650723 57645691
82650723 57645802
82650723 121878500
82650723 133767389
82650723 36841345
82650723 57646504
82650723 57647863
82650723 301982754
82650723 57650442
82650723 149529166
82650723 82128169
82650723 57994009
82650723 57644430
