124064297 124087500
124064297 189496096
152502040 13789716
350590559 19285426
350590559 124087500
184789535 189496096
184789535 57609551
184789535 81379139
184789535 124087500
575625835 189496096
81379139 124087500
81379139 184789535
132109509 189496096
132109509 57609551
132109509 152688259
42118163 73602742
10540646 189496096
10540646 13789716
81377665 124087500
152726881 189496096
540767399 124087500
152926174 13789716
152926174 19285426
152926174 215747976
152926174 184789535
363817858 57609551
215747976 124087500
215747976 189496096
116052459 189496096
357564097 88644641
88644641 357564097
88644641 189496096
24664149 57609551
24664149 38499737
24664149 189496096
24664149 13789716
24664149 163543991
454537695 189496096
152914844 38012724
45063984 132109509
45063984 421466263
45063984 124087500
45063984 124064297
45063984 13789716
45063984 575625835
130311088 13789716
130311088 124087500
19285426 19080997
19285426 21926415
19285426 13789716
19285426 350590559
19285426 72458665
19285426 442167698
19285426 421466263
19285426 124087500
19285426 215747976
19285426 184789535
19285426 163543991
138332738 124087500
138332738 38012724
138332738 189496096
772327954 124087500
152940558 189496096
421466263 124087500
421466263 19285426
285382232 124087500
73602742 152566276
73602742 42118163
73602742 152572564
214991797 124087500
214991797 442167698
38499737 152926174
38499737 24664149
38499737 124087500
38499737 189496096
38499737 13789716
38499737 19285426
38499737 163543991
80759689 189496096
80759689 124087500
152694809 13789716
152694809 189496096
152688259 132109509
152688259 189496096
189496096 152898574
189496096 13337309
189496096 24664149
189496096 10540646
189496096 27731971
189496096 57609551
189496096 132109509
189496096 833310955
189496096 124064297
189496096 454537695
189496096 764446528
189496096 49204477
189496096 210276196
189496096 214274754
189496096 138332738
189496096 152694809
189496096 124087500
189496096 116052459
189496096 13789716
189496096 152572564
189496096 575625835
189496096 826092702
189496096 152940558
189496096 421461555
189496096 38012724
189496096 215747976
189496096 184789535
189496096 163543991
421461555 79112612
421461555 189496096
421461555 57609551
421461555 163543991
162749727 48726876
162749727 38012724
38012724 152914844
38012724 189496096
214274754 189496096
13337309 833310955
13337309 57609551
13337309 189496096
173834384 189496096
15178513 124087500
124087500 15178513
124087500 45063984
124087500 130311088
124087500 48726876
124087500 350590559
124087500 442167698
124087500 57609551
124087500 33560451
124087500 643624755
124087500 81379139
124087500 189496096
124087500 13789716
124087500 49294869
124087500 19285426
124087500 214991797
124087500 285382232
124087500 81377665
124087500 772327954
124087500 215747976
124087500 184789535
643624755 124087500
744824300 162749727
744824300 48726876
744824300 38012724
152572564 189496096
152572564 73602742
152898574 189496096
58337967 49294869
49294869 58337967
49294869 57609551
49294869 189496096
49294869 124087500
49294869 13789716
49294869 38499737
49294869 442167698
49294869 19285426
49294869 421461555
13789716 21926415
13789716 10540646
13789716 124087500
13789716 189496096
13789716 130311088
13789716 19080997
13789716 49294869
13789716 19285426
13789716 215747976
48726876 162749727
48726876 744824300
48726876 124087500
48726876 189496096
48726876 38012724
152566276 73602742
152566276 189496096
163543991 19285426
163543991 421461555
163543991 189496096
163543991 24664149
764446528 189496096
49204477 189496096
833310955 13337309
833310955 57609551
833310955 189496096
57609551 210276196
57609551 363817858
57609551 132109509
57609551 13337309
57609551 833310955
57609551 24664149
57609551 27731971
57609551 124087500
57609551 189496096
57609551 49294869
57609551 421461555
57609551 184789535
210276196 57609551
19080997 13789716
19080997 19285426
72458665 19285426
27731971 57609551
27731971 124087500
27731971 189496096
21926415 189496096
21926415 13789716
21926415 19285426
442167698 124087500
442167698 772327954
442167698 49294869
