58470736 152732294
58470736 49465076
58470736 152529948
49465076 421527704
49465076 421483594
49465076 57712153
49465076 152732294
49465076 34190360
49465076 152726622
49465076 58470736
49465076 152529948
49465076 152681753
152529948 421483594
152529948 152595624
152529948 152732294
152529948 152726622
152529948 49465076
152529948 421527704
152529948 152681753
152595624 152681753
421469006 34190360
152726622 49465076
421483594 421527704
421483594 49465076
421483594 152732294
421483594 152529948
421527704 421483594
421527704 152732294
421527704 152529948
152681753 152529948
152681753 49465076
152681753 152732294
57712153 49465076
34190360 49465076
34190360 421469006
34190360 152732294
152732294 49465076
152732294 421527704
152732294 421483594
152732294 34190360
152732294 58470736
152732294 152681753
152732294 152529948
