298832583 130742844
57650598 57644943
57650598 152731621
57650598 13483095
57650598 3559936
57650598 152938549
152594883 152788243
29161996 130742844
152567109 57646389
152567109 152731621
152567109 32972680
152567109 130742844
152699999 152938650
152699999 152801707
152699999 57995658
152699999 58363399
152699999 152788720
152699999 130742844
25480995 57644943
25480995 58183352
25480995 130742844
152662675 130742844
152620069 130742844
152620069 152801707
152941498 152938650
152941498 155456092
152941498 130742844
152940986 130742844
65428177 130742844
152595179 152681448
152595179 57644943
152595179 130742844
152728189 130742844
152714965 152702221
152714965 130742844
57611980 32972680
57611980 57645340
57611980 152931945
57611980 57643578
57611980 57646389
57611980 130742844
57645340 57611980
57645340 130742844
57645340 57769540
58183352 57848932
58183352 152850272
58183352 25480995
58183352 152801707
58183352 130742844
58183352 152788243
58183352 152596166
32972680 152567109
32972680 57611980
32972680 130742844
152856889 130742844
152919732 130742844
34124750 130742844
3559936 130742844
122067946 130742844
57643578 57646389
57643578 57644943
57643578 152897046
57643578 57848932
57643578 57611980
57643578 13483095
57643578 152801707
57643578 58363399
57643578 130742844
83901545 130742844
152602903 130742844
152602903 58363399
152602903 57646389
152602903 152801707
155456092 130228776
155456092 152941498
155456092 13483095
155456092 57644480
155456092 58363399
155456092 57848932
155456092 57644943
155456092 130742844
152702221 152938650
152702221 152714965
152702221 152580419
152702221 130742844
57646389 152681448
57646389 57644943
57646389 152897046
57646389 152906617
57646389 57611980
57646389 130742844
57646389 57769540
152801707 152620069
152801707 57644480
152801707 152699999
152801707 152954616
152801707 57643578
152801707 152848651
152801707 152602903
58037574 13483095
58037574 152941237
58037574 130742844
60897001 58363399
60897001 130742844
152931945 57611980
152931945 13483095
152931945 130742844
152621309 152954616
152621309 130742844
152621309 152788720
152580419 130742844
152580419 152938549
57653453 13483095
57847096 152906617
57847096 57644943
57847096 13483095
57847096 152850272
152876435 130742844
57848932 57644943
57848932 72130980
57848932 13483095
57848932 57643578
57848932 57611980
57848932 152911990
57848932 130228776
57848932 155456092
57848932 58183352
57848932 130742844
57848932 57769540
152919212 130742844
833310299 152938650
833310299 130742844
58363399 130742844
58363399 152602903
152911990 152728459
152911990 130742844
72130980 57848932
72130980 130742844
152731621 152567109
152731621 152938650
152731621 57650598
152731621 58363399
152731621 130742844
33944323 152938650
33944323 130742844
57644943 57644480
57644943 57646389
57644943 57611068
57644943 152595179
57644943 152938650
57644943 57847096
57644943 57650598
57644943 57848932
57644943 13483095
57644943 152931945
57644943 25480995
57644943 152801707
57644943 57643578
57644943 3559936
57644943 155456092
57644943 130742844
57644943 57769540
152937334 130742844
57611068 152681448
57611068 57646389
57611068 152938650
57611068 152941237
57611068 3559936
57611068 130742844
75354662 130742844
130742844 29161996
152573102 130742844
152900123 152897046
152900123 130742844
152850272 57847096
152850272 152848651
152850272 152906617
152850272 152788720
152850272 58183352
152850272 130742844
152850272 57769540
101639963 130742844
101639963 152788243
152929168 152938650
152929168 75354662
152929168 152801707
152929168 57848932
152929168 58363399
152929168 130228776
152929168 130742844
152660392 130742844
57644480 57644943
57644480 57848932
57644480 13483095
57644480 148255581
57644480 152801707
57644480 155456092
57644480 58183352
57644480 130742844
57644480 152788243
152687486 130742844
152566870 130742844
152941237 58037574
152941237 57611980
152941237 130742844
152906617 130742844
152905317 130742844
57769540 130742844
57769540 57646389
57769540 57848932
57769540 57644943
152788720 152699999
152788720 152897046
152788720 152850272
152788720 152938650
152788720 57646389
152788720 130742844
152938650 57644943
152938650 13483095
152938650 152699999
152938650 152891597
152938650 833310299
152938650 152788720
152938650 152938549
152938650 130742844
152934951 130742844
57995658 130742844
152788243 130742844
152788243 152938650
152788243 13483095
152788243 57644480
13483095 58037574
13483095 57644480
13483095 57644943
13483095 152897046
13483095 152938650
13483095 57847096
13483095 57650598
13483095 57848932
13483095 148255581
13483095 152931945
13483095 57653453
13483095 57643578
13483095 155456092
13483095 130742844
13483095 152788243
152673897 152681448
152673897 130742844
152728459 152567109
152728459 152911990
152728459 152848651
152728459 130742844
152848651 152801707
152848651 130742844
581196552 130742844
152681448 57646389
152681448 130742844
152596166 130742844
152596166 58183352
148255581 57644480
148255581 13483095
148255581 130742844
152897046 57646389
152897046 57847096
152897046 13483095
152897046 57995658
152897046 3559936
152897046 152900123
152897046 152788720
152897046 65428177
152897046 130742844
152954616 152681448
152954616 152801707
152954616 130742844
152954616 152788243
131196390 130742844
152938549 3559936
152938549 152580419
152938549 152681448
152938549 152938650
152938549 130742844
224355446 130742844
152928280 152938650
152928280 130742844
