34767418 25373951
836611757 302887572
836611757 127858401
152503221 25373951
152503221 31468787
58153989 302887572
58153989 31468787
58153989 152921491
152921491 127858401
152921491 302887572
152921491 31468787
58417282 39240270
221190547 31468787
166489430 302887572
166489430 127858401
166489430 152921491
166489430 25373951
166489430 31468787
25373951 302887572
25373951 31468787
25373951 34767418
25373951 152921491
25373951 152503221
25373951 127858401
127858401 31468787
39240270 127858401
39240270 302887572
39240270 58417282
39240270 152921491
39240270 31468787
39240270 25373951
39240270 10498615
31468787 166489430
31468787 152503221
31468787 302887572
31468787 152921491
31468787 127858401
31468787 39240270
31468787 58153989
31468787 221190547
31468787 25373951
302887572 836611757
302887572 127858401
302887572 152921491
302887572 31468787
10498615 39240270
