75340086 210230496
15948916 50634850
15948916 210230496
15948916 212626348
15948916 34235421
642211257 210230496
5871219 152956826
5871219 101697505
5871219 75340086
5871219 152955508
5871219 298839199
5871219 210230496
5871219 130228776
5871219 115741321
5871219 34235421
5871219 75191505
5871219 152934159
152820097 210230496
152848587 210230496
72125153 15963570
4440823 152955508
4440823 210230496
4440823 93327536
152631267 210230496
152631267 130228776
152631267 152714883
152631267 152934159
39186492 152714883
39186492 152955508
39186492 22036577
39186492 210230496
39186492 130228776
39186492 75191505
99771765 39186492
99771765 210230496
99771765 189496107
99771765 34235421
99771765 215747976
35852703 152714883
35852703 75191505
58183352 210230496
58183352 152955508
181294898 212626348
29413618 130228776
540767399 210230496
154929697 60326944
48701061 129606952
39687749 210230496
58421777 210230496
215747976 210230496
215747976 129606952
38386864 39186492
38386864 212626348
38386864 18131883
38386864 210230496
38386864 15948916
93327536 210230496
178763644 210230496
50634850 210230496
50634850 15948916
298857546 49294869
4437067 210230496
4437067 152956826
4437067 212626348
4437067 60326944
4437067 129606952
4437067 71408836
224594215 210230496
101697505 152955508
101697505 5871219
101697505 210230496
15963570 152714883
15963570 210230496
152882650 210230496
152622715 152714883
152622715 152797378
152622715 152955508
152622715 210230496
18131883 212626348
18131883 38386864
34235421 15948916
34235421 152784729
189496107 99771765
189496107 152956826
189496107 18442239
189496107 210230496
189496107 152934159
22036577 152714883
22036577 33332834
22036577 210230496
22036577 129606952
122856602 34235421
298834453 210230496
152784729 210230496
152784729 152955508
152784729 152714883
152784729 32898294
152784729 15948916
152784729 152883695
152784729 219804835
152784729 72125153
152784729 152934159
152784729 75191505
152784729 215747976
152784729 52450086
152784729 34235421
210230496 38386864
210230496 152956826
210230496 212626348
210230496 75340086
210230496 152955508
210230496 152937214
210230496 39186492
210230496 33332834
210230496 152622715
210230496 99771765
210230496 152883695
210230496 642211257
210230496 18442239
210230496 224594215
210230496 5871219
210230496 58412556
210230496 152797378
210230496 298839199
210230496 22036577
210230496 152700292
210230496 152848587
210230496 540767399
210230496 101697505
210230496 39687749
210230496 50634850
210230496 26550318
210230496 4440823
210230496 58183352
210230496 152819387
210230496 189496107
210230496 4437067
210230496 129606952
210230496 115741321
210230496 32898294
210230496 152784729
210230496 129985323
210230496 71408836
210230496 152934159
210230496 75191505
210230496 215747976
210230496 52450086
57591276 22036577
57591276 210230496
58260042 210230496
152808419 15948916
152700292 152883695
152819387 210230496
152819387 75191505
60326944 210230496
152937214 210230496
152937214 15948916
152937214 34235421
298838230 210230496
152929168 152937214
152929168 22036577
152929168 130228776
152929168 115741321
152714883 15963570
152714883 39186492
152714883 58412556
152714883 35852703
152714883 152622715
152714883 210230496
152714883 152631267
152714883 152784729
58175589 210230496
18442239 298839199
18442239 210230496
18442239 189496107
58136458 129985323
152956826 152937214
152956826 152883177
152956826 5871219
152956826 210230496
152956826 189496107
152956826 4437067
152956826 115741321
26550318 210230496
52450086 152934159
52450086 152784729
52450086 32898294
52450086 49294869
52450086 129606952
52450086 15948916
52450086 210230496
58412556 152714883
58412556 210230496
152934159 152955508
152934159 33332834
152934159 129985323
152934159 152784729
152934159 27361782
152934159 5871219
152934159 39186492
152934159 115741321
152934159 189496107
152934159 210230496
152934159 152956826
152934159 15948916
152934159 75191505
152934159 52450086
152631496 210230496
33332834 22036577
33332834 210230496
130228776 210230496
71408836 210230496
129985323 210230496
129985323 58136458
129985323 152934159
129985323 215747976
129985323 34235421
152955508 101697505
152955508 152622715
152955508 5871219
152955508 210230496
152955508 115741321
152955508 152784729
152955508 152934159
152955508 75191505
152797378 152622715
152797378 33332834
152797378 189496107
152797378 210230496
49294869 210230496
49294869 298857546
49294869 52450086
49294869 34235421
152883177 152956826
152883177 210230496
298839199 5871219
298839199 152956826
298839199 18442239
298839199 210230496
115741321 152955508
115741321 33332834
115741321 210230496
115741321 152934159
212626348 38386864
152700030 212626348
75191505 39186492
75191505 210230496
75191505 152955508
75191505 5871219
75191505 35852703
75191505 152784729
75191505 152819387
75191505 152934159
152579589 210230496
152883695 152700292
152883695 210230496
152883695 152784729
152531843 29413618
129606952 210230496
129606952 22036577
129606952 215747976
129606952 52450086
129606952 48701061
32898294 210230496
32898294 52450086
32898294 34235421
