557946795 453866093
557946795 210981796
557946795 368896273
742749816 529012118
390671990 833299894
390671990 68572828
390671990 455796244
390671990 528777703
390671990 281323734
390671990 154977574
390671990 421461262
390671990 201368698
390671990 529012118
390671990 162761489
390671990 497836682
201368698 210981796
201368698 529380555
201368698 421461262
201368698 368896273
453866093 833299894
453866093 68572828
453866093 557946795
453866093 455796244
453866093 528777703
453866093 281323734
453866093 528856426
453866093 154977574
453866093 19680727
453866093 529380555
453866093 368896273
453866093 529012118
453866093 450186744
453866093 210981796
160327345 184162852
142730086 455796244
142730086 281323734
497836682 833299894
497836682 35131690
497836682 455796244
497836682 528856426
497836682 421461262
497836682 390671990
497836682 529380555
497836682 368896273
497836682 529012118
497836682 210981796
528777703 833299894
528777703 421461262
528777703 68572828
528777703 455796244
528777703 368896273
528777703 529012118
528777703 450186744
528777703 281323734
528777703 453866093
19680727 455796244
19680727 281323734
19680727 453866093
19680727 529012118
688766891 421461262
688766891 455796244
688766891 528777703
688766891 210981796
688766891 368896273
528222316 281323734
528222316 529012118
528222316 368896273
529012118 19680727
529012118 210981796
529012118 450186744
529012118 68572828
529012118 223632157
529012118 528856426
529012118 453866093
529012118 528777703
529012118 162761489
529012118 390671990
529012118 455796244
529012118 281323734
529012118 201368698
529012118 742749816
529012118 368896273
154977574 833299894
154977574 455796244
154977574 281323734
154977574 390671990
154977574 453866093
154977574 368896273
154977574 742749816
298809222 528856426
298809222 210981796
108082594 368896273
162761489 455796244
162761489 281323734
162761489 154977574
162761489 421461262
162761489 368896273
162761489 529012118
162761489 210981796
455796244 154977574
455796244 833299894
455796244 421461262
455796244 210985289
455796244 223632157
455796244 390671990
455796244 68572828
455796244 162761489
455796244 528777703
455796244 453866093
455796244 688766891
455796244 281323734
455796244 210981796
455796244 528856426
455796244 529012118
455796244 368896273
529380555 201368698
368896273 421461262
368896273 455796244
368896273 390671990
368896273 281323734
368896273 529012118
368896273 68572828
368896273 108082594
368896273 210981796
368896273 453866093
368896273 528856426
368896273 201368698
210981796 833299894
210981796 35131690
210981796 298809222
210981796 557946795
210981796 455796244
210981796 688766891
210981796 281323734
210981796 528856426
210981796 421461262
210981796 390671990
210981796 497836682
210981796 453866093
210981796 450186744
210981796 529012118
210981796 368896273
210981796 201368698
210981796 529380555
450100101 368896273
833299894 368896273
833299894 450186744
833299894 528856426
833299894 281323734
833299894 453866093
833299894 528777703
833299894 455796244
833299894 497836682
833299894 390671990
833299894 19680727
833299894 421461262
528856426 833299894
528856426 421461262
528856426 19680727
528856426 298809222
528856426 390671990
528856426 68572828
528856426 497836682
528856426 455796244
528856426 453866093
528856426 281323734
528856426 201368698
528856426 742749816
528856426 368896273
528856426 529012118
528856426 450186744
35131690 833299894
35131690 368896273
450186744 453866093
450186744 421461262
450186744 281323734
450186744 529012118
281323734 154977574
281323734 833299894
281323734 421461262
281323734 35131690
281323734 19680727
281323734 390671990
281323734 557946795
281323734 162761489
281323734 455796244
281323734 528777703
281323734 453866093
281323734 210981796
281323734 528856426
281323734 450186744
281323734 529012118
281323734 368896273
184162852 160327345
421461262 833299894
421461262 68572828
421461262 455796244
421461262 281323734
421461262 223632157
421461262 390671990
421461262 210981796
421461262 201368698
421461262 368896273
210985289 455796244
223632157 455796244
223632157 529012118
223632157 421461262
499810949 368896273
