9724224 207741869
9724224 124087500
9724224 251846224
9724224 58381306
536484672 82112642
68953631 16523641
68953631 12415559
38968210 124087500
38968210 16523641
38968210 65499074
38968210 58381306
207741869 55245851
207741869 124087500
207741869 58381306
12415559 16523641
163886668 207741869
163886668 58381306
38463131 64664580
38463131 9724224
38463131 124087500
38463131 16523641
38463131 58381306
38463131 34235421
349438648 34235421
212625997 124087500
5492689 207741869
5492689 124087500
5492689 58381306
64664580 124087500
64664580 16523641
64664580 65499074
64664580 58381306
359400352 58381306
55245851 207741869
34235421 124087500
34235421 58381306
34235421 25740619
82112642 9724224
167808259 16523641
772327954 124087500
772327954 16523641
772327954 58381306
251846224 9724224
251846224 58381306
251846224 5492689
65499074 38968210
65499074 16523641
65499074 806293696
65499074 64664580
65499074 58381306
38327186 64664580
38327186 124087500
38327186 16523641
38327186 58381306
152919500 57652265
152919500 58381306
152623235 58381306
152623235 124087500
14042739 82112642
421537603 124087500
421537603 58381306
57652265 152919500
124087500 38327186
124087500 212625997
124087500 64664580
124087500 9724224
124087500 25740619
124087500 152623235
124087500 38968210
124087500 207741869
124087500 421537603
124087500 16523641
124087500 5492689
124087500 772327954
124087500 58381306
124087500 34235421
124087500 5467493
58381306 65499074
58381306 772327954
58381306 10981712
58381306 25740619
58381306 421537603
58381306 38327186
58381306 207741869
58381306 64664580
58381306 9724224
58381306 124087500
58381306 38968210
58381306 16523641
58381306 5492689
58381306 251846224
58381306 34235421
58381306 5467493
5467493 124087500
5467493 58381306
5467493 64664580
5467493 5492689
16523641 25740619
16523641 38968210
16523641 10981712
16523641 68953631
16523641 167808259
16523641 124087500
16523641 64664580
16523641 806293696
16523641 38463131
16523641 65499074
16523641 12415559
16523641 772327954
16523641 58381306
25740619 124087500
25740619 16523641
25740619 58381306
25740619 34235421
10981712 207741869
10981712 124087500
10981712 58381306
9917729 207741869
9917729 58381306
806293696 58381306
806293696 65499074
806293696 16523641
