14031463 57648008
14031463 58422602
14031463 38683300
14031463 65273792
14031463 298833178
14031463 39577061
14031463 127166025
14031463 25507087
14031463 134069416
14031463 152896671
14031463 58379468
14031463 65372723
14031463 58143652
14031463 120646160
14031463 152929282
14031463 154997683
163536957 127166025
582021554 65273792
582021554 127166025
71867570 58422602
71867570 127166025
57648008 58422602
57648008 65273792
57648008 39577061
57648008 127166025
57648008 25507087
57648008 152934557
57648008 58143652
152593874 58422602
152593874 127166025
152728648 127166025
581318689 127166025
25507087 57648008
25507087 14031463
25507087 58422602
25507087 65273792
25507087 39577061
25507087 127166025
25507087 155864230
25507087 65372723
25507087 44759221
155849477 127166025
155849477 4812031
152929282 13704647
152929282 127166025
152929282 58422602
152924154 58422602
152924154 127166025
298833178 14031463
298833178 58422602
298833178 127166025
152929875 58422602
152929875 152937897
152929875 65273792
152929875 127166025
152929875 152934557
152929875 44759221
152926042 113517409
152926042 127166025
52569395 58422602
52569395 65273792
52569395 127166025
52569395 152934557
152730690 58422602
152730690 127166025
833357738 65273792
833357738 127166025
152905065 58422602
152905065 65273792
152905065 127166025
152905065 210215998
152937897 58422602
152937897 65273792
152937897 127166025
152937897 152929875
292141655 127166025
34196222 113427352
34196222 81509904
34196222 58422602
34196222 65273792
34196222 127166025
34196222 44759221
581629614 127166025
128095313 127166025
65273792 113427352
65273792 113517409
65273792 57648008
65273792 582021554
65273792 81509904
65273792 14031463
65273792 34196222
65273792 152927558
65273792 58422602
65273792 152937897
65273792 127166025
65273792 25507087
65273792 833357738
65273792 152929875
65273792 210261456
65273792 155864230
65273792 65372723
65273792 52569395
65273792 44759221
65273792 154997683
57478379 58422602
57478379 132787453
57478379 127166025
57643488 14031463
57643488 58422602
57643488 127166025
57643488 58156485
44759221 61422557
44759221 127166025
44759221 58422602
44759221 38981384
44759221 65273792
44759221 152934557
44759221 152929875
44759221 25507087
44759221 210215998
44759221 13704647
44759221 34196222
298857252 58422602
298857252 127166025
152655747 58422602
152655747 127166025
152655747 210261456
152620756 127166025
152620756 152934557
152840243 58422602
152840243 127166025
58422602 113427352
58422602 113517409
58422602 57648008
58422602 97136387
58422602 81509904
58422602 14031463
58422602 152905065
58422602 34196222
58422602 152927558
58422602 152937897
58422602 152593874
58422602 40725439
58422602 65273792
58422602 298833178
58422602 38981384
58422602 58026518
58422602 71867570
58422602 152840243
58422602 223888708
58422602 39577061
58422602 127166025
58422602 25507087
58422602 302478409
58422602 152924154
58422602 134069416
58422602 61422557
58422602 152929875
58422602 210261456
58422602 152896671
58422602 57478379
58422602 152934557
58422602 132922361
58422602 4812031
58422602 155864230
58422602 65372723
58422602 58156485
58422602 152655747
58422602 52569395
58422602 58143652
58422602 152678471
58422602 210215998
58422602 152929282
58422602 44759221
58422602 154997683
58135409 127166025
152896671 14031463
152896671 58422602
152896671 39577061
152896671 127166025
152896671 65372723
152896671 154997683
132922361 58422602
132922361 64366613
132922361 127166025
4812031 58422602
4812031 39577061
4812031 127166025
4812031 155849477
154997683 65273792
154997683 152896671
154997683 127166025
154997683 14031463
154997683 61422557
154997683 58422602
154997683 155864230
210215998 127166025
210215998 65372723
210215998 13704647
210215998 58422602
210215998 152905065
210215998 44759221
120646160 61422557
120646160 13704647
120646160 58422602
120646160 127166025
120646160 152934557
581496192 127166025
61422557 58422602
61422557 127166025
302478409 58422602
302478409 132787453
302478409 127166025
302478409 152934557
155836162 581731371
155836162 127166025
13704647 58143652
13704647 120646160
13704647 210215998
13704647 44759221
152678471 127166025
152678471 39577061
152678471 58422602
152678471 113517409
58156485 113517409
58156485 58422602
58156485 57643488
58156485 127166025
210187985 127166025
210261456 58422602
210261456 65273792
210261456 127166025
210261456 152655747
65372723 14031463
65372723 58422602
65372723 65273792
65372723 127166025
65372723 25507087
65372723 152934557
65372723 210215998
152907489 152937897
152907489 127166025
64366613 127166025
64366613 132922361
223888708 58422602
223888708 127166025
58143652 13704647
58143652 127166025
58143652 58422602
58143652 39577061
97136387 127166025
58379468 127166025
113427352 34196222
113427352 58422602
113427352 65273792
113427352 127166025
21384177 127166025
58088492 127166025
152929115 127166025
58026518 81509904
58026518 58422602
58026518 127166025
253923755 127166025
253923755 643628911
13043136 127166025
81509904 34196222
81509904 58422602
81509904 152937897
81509904 65273792
81509904 58026518
81509904 39577061
81509904 127166025
72125330 127166025
120238531 127166025
38981384 58422602
38981384 39577061
38981384 127166025
38981384 44759221
152733041 58422602
152733041 127166025
152927558 58422602
152927558 65273792
152927558 127166025
152927558 134069416
132787453 127166025
132787453 302478409
132787453 57478379
134069416 14031463
134069416 152927558
134069416 58422602
134069416 127166025
581731371 155836162
581731371 127166025
152934557 57648008
152934557 58422602
152934557 152620756
152934557 39577061
152934557 127166025
152934557 302478409
152934557 152929875
152934557 65372723
152934557 52569395
152934557 120646160
152934557 44759221
643628911 253923755
38683300 14031463
38683300 127166025
806338974 127166025
58040118 127166025
47298314 127166025
97954242 127166025
298832837 127166025
298832837 58422602
39725038 127166025
152897087 58422602
152897087 65273792
152897087 127166025
113517409 58422602
113517409 65273792
113517409 127166025
113517409 152926042
113517409 58156485
113517409 152678471
39577061 57648008
39577061 81509904
39577061 14031463
39577061 58422602
39577061 38981384
39577061 127166025
39577061 25507087
39577061 152896671
39577061 152934557
39577061 4812031
39577061 58143652
39577061 152678471
40725439 58422602
40725439 127166025
155864230 14031463
155864230 58422602
155864230 40725439
155864230 65273792
155864230 127166025
155864230 25507087
155864230 154997683
