57606674 205884966
57606674 82652744
57606674 54387653
57606674 58304914
57606674 127261426
57606674 5581510
530585184 58304914
530585184 127261426
54388804 45808437
54388804 127261426
124846015 128502646
124846015 127261426
124846015 677449485
124846015 45162026
52575409 5444298
52575409 533136394
52575409 45808437
52575409 205884966
52575409 23261119
52575409 24054529
52575409 54387653
52575409 127261426
52575409 45163655
52575409 58173239
52575409 45161208
52575409 45162026
581315372 127261426
212359559 127261426
6031759 127261426
128502646 5444298
128502646 130506811
128502646 533136394
128502646 24054529
128502646 82652744
128502646 127261426
128502646 45163655
128502646 58396148
128502646 81968494
128502646 5581510
58045313 299164321
58045313 17142730
58045313 205884966
58045313 127261426
10849707 24054529
54387653 5444298
54387653 52575409
54387653 17142730
54387653 45808437
54387653 24054529
54387653 57606674
54387653 127261426
54387653 45163655
54387653 57770797
58422167 127261426
58422167 56532609
45808437 58045313
45808437 52575409
45808437 102271693
45808437 17142730
45808437 205884966
45808437 24054529
45808437 54387653
45808437 54388804
45808437 52538592
45808437 127261426
45808437 45163655
45808437 81968494
45808437 45162026
57770797 50614647
57770797 54387653
57770797 152596395
57770797 45163655
57770797 58022460
45161208 56647395
45161208 127261426
58022460 45808437
58022460 57770797
541451757 127261426
601653948 127261426
56478485 127261426
17142730 58045313
17142730 130506811
17142730 45808437
17142730 24054529
17142730 82652744
17142730 54387653
17142730 58304914
17142730 127261426
17142730 81968494
20562944 130506811
20562944 299164321
20562944 205884966
20562944 24054529
20562944 127261426
5444298 52575409
5444298 128502646
5444298 45808437
5444298 23261119
5444298 24054529
5444298 82652744
5444298 127261426
5444298 677449485
5444298 93641412
5444298 81968494
5444298 45162026
644062878 127261426
113486827 127261426
82652744 5444298
82652744 128502646
82652744 17142730
82652744 24054529
82652744 60280190
82652744 57606674
82652744 52538592
82652744 127261426
82652744 5581510
58435821 127261426
5581510 24054529
5581510 127261426
5581510 45163655
5581510 541465609
5581510 58396148
5581510 128502646
5581510 57606674
5581510 127279065
5581510 82652744
422933097 127261426
54377292 127261426
50614647 57770797
23261119 45808437
23261119 24054529
23261119 127261426
23261119 81968494
123056604 127261426
123056604 102271693
24054529 58396148
24054529 6031759
24054529 20562944
24054529 5444298
24054529 130506811
24054529 52575409
24054529 128502646
24054529 17142730
24054529 45808437
24054529 205884966
24054529 23261119
24054529 82652744
24054529 54387653
24054529 58304914
24054529 127279065
24054529 127261426
24054529 58035385
24054529 81968494
24054529 45161208
24054529 5581510
24054529 45162026
24054529 10849707
541465609 127261426
541465609 56532609
541465609 5581510
152594130 127261426
205884894 81968494
205884894 127261426
130506811 128502646
130506811 17142730
130506811 205884966
130506811 24054529
130506811 127261426
130506811 45163655
130506811 81968494
31542441 58422167
103250055 58173239
58035385 421476495
58035385 24054529
58035385 58173239
52538592 45808437
52538592 205884966
52538592 82652744
52538592 127261426
45163655 5444298
45163655 130506811
45163655 52575409
45163655 128502646
45163655 299164321
45163655 102271693
45163655 45808437
45163655 205884966
45163655 24054529
45163655 54387653
45163655 54388804
45163655 127261426
45163655 45161208
45163655 5581510
45163655 57770797
205884966 58396148
205884966 58045313
205884966 58281175
205884966 20562944
205884966 56647395
205884966 541465609
205884966 533136394
205884966 45808437
205884966 24054529
205884966 57606674
205884966 127261426
205884966 677449485
205884966 58173239
205884966 81968494
205884966 57606465
205884966 59190086
58177054 56532609
58177054 45161208
58173239 205884966
58173239 60280190
58173239 127261426
58173239 58035385
58173239 103250055
40041351 205884966
40041351 127279065
40041351 127261426
58090792 127261426
45162026 128502646
45162026 24054529
45162026 45808437
45162026 124846015
45162026 127261426
45162026 45163655
45162026 52575409
45162026 5444298
45162026 45161208
152596395 205884966
152596395 57770797
93641412 127261426
81968494 127261426
81968494 24054529
81968494 58045313
81968494 17142730
81968494 6031759
81968494 128502646
81968494 45808437
81968494 23261119
81968494 130506811
81968494 5581510
81968494 58177054
60280190 82652744
35137894 127261426
58300595 127261426
421520356 127261426
58015960 127261426
58015960 45808437
152602332 127261426
57606465 127261426
57606465 205884966
57606465 6031759
58304914 127261426
677449485 5444298
677449485 127261426
55243852 127261426
58169027 60249623
58169027 127261426
58169027 58304914
298832003 127261426
299164321 58045313
299164321 20562944
299164321 103250055
299164321 421476495
299164321 102271693
299164321 127261426
58444021 127261426
677189348 205884966
677189348 127261426
102271693 299164321
102271693 45808437
102271693 127279065
102271693 127261426
102271693 45163655
102271693 123056604
46943495 45163655
333309823 127261426
533136394 52575409
533136394 128502646
533136394 205884966
533136394 127261426
56647395 205884966
56647395 127261426
56647395 45161208
56532609 541465609
56532609 58422167
56532609 127261426
56532609 58177054
677204008 58396148
677204008 128502646
677204008 24054529
677204008 127261426
127279065 102271693
127279065 205884966
127279065 24054529
127279065 58304914
127279065 127261426
127279065 40041351
127279065 81968494
127279065 5581510
152629206 127261426
152932719 127261426
60249623 127261426
60249623 58169027
421476495 299164321
421476495 127261426
421476495 58035385
58281175 45808437
58281175 205884966
58281175 127261426
58396148 5444298
58396148 205884966
58396148 24054529
58396148 58304914
58396148 127261426
58396148 677204008
58396148 45163655
58396148 677449485
58396148 128502646
58396148 5581510
566558511 127261426
59190086 127261426
59190086 205884966
59190086 58304914
127261426 5444298
127261426 128502646
127261426 45808437
127261426 205884966
127261426 24054529
127261426 58304914
127261426 81968494
