116408235 52571523
211001805 195184503
211001805 49210273
211001805 217337625
211001805 49210008
211001805 52571523
211001805 48074654
538715030 52571523
701072369 52571523
166899678 52571523
51661408 52571523
51661408 538715030
51661408 638753896
51661408 49210273
167848628 49210273
167848628 48074654
167848628 52571523
167848628 302406569
167848628 195186453
167848628 166899678
11744515 302406569
11744515 29135847
64390832 195184503
64390832 52571523
210982067 195184503
210982067 52571523
302406569 195184503
302406569 52571523
302406569 49210273
302406569 11744515
638753896 51661408
685424404 52571523
4107249 29135847
49210008 211001805
49210008 52571523
49210008 528939531
528516552 49210273
528516552 29135847
528516552 52571523
195184503 64390832
195184503 195186453
195184503 211001805
195184503 52571523
195184503 210982067
195184503 528939531
215926895 52571523
195186453 195184503
195186453 49210273
533597906 52571523
239058243 49210273
29135847 302406569
29135847 45810214
29135847 52571523
29135847 528516552
29135847 166899678
29135847 49210273
29135847 11744515
29135847 4107249
217337625 211001805
217337625 52571523
701078511 52571523
45810214 29135847
685399461 52571523
215716358 302406569
215716358 685424404
215716358 52571523
215716358 4107249
48074654 211001805
48074654 52571523
48074654 49210273
48074654 167848628
383163915 52571523
685431335 52571523
528939531 49210008
528939531 195184503
528939531 52571523
528939531 49210273
50723882 52571523
49210273 51661408
49210273 195186453
49210273 302406569
49210273 211001805
49210273 48074654
49210273 685424404
49210273 239058243
49210273 52571523
49210273 29135847
49210273 528516552
49210273 215926895
49210273 167848628
49210273 528939531
210983442 52571523
52571523 64390832
52571523 195186453
52571523 302406569
52571523 50723882
52571523 195184503
52571523 211001805
52571523 48074654
52571523 685424404
52571523 383163915
52571523 116408235
52571523 685399461
52571523 701078511
52571523 49210008
52571523 528516552
52571523 538715030
52571523 217337625
52571523 701072369
52571523 199974944
52571523 215926895
52571523 49210273
52571523 210983442
52571523 533597906
52571523 210982067
52571523 167848628
52571523 528939531
199974944 52571523
