95145779 166181378
835884045 50608344
129394394 162824428
162750110 163328658
162750110 50608344
162750110 39404393
694144499 165065232
163328658 162750110
163328658 162824428
163328658 50608344
230917561 49401226
181935908 212621746
181935908 44865824
181935908 50608344
10406357 50608344
48603121 50608344
39404393 162750110
39404393 50608344
39404393 44728575
39404393 774063768
165065232 694144499
78363542 7907726
78363542 50608344
83792991 50608344
83792991 162801222
164939583 166181378
77526604 50608344
155072231 162824428
164461150 162824428
44728575 50608344
44728575 39404393
774063768 50608344
774063768 39404393
138861054 50608344
138861054 162801222
834486262 50608344
82632257 50608344
165005932 50608344
162739735 164979453
162739735 50608344
162801222 50608344
347076360 50608344
836611411 50608344
701499525 50608344
34595209 297121501
34595209 50608344
183579463 50608344
519335946 50608344
44126539 50608344
163942787 50608344
153723924 834901208
50608344 836611841
50608344 161409270
50608344 234204904
50608344 165005932
50608344 834901208
50608344 181935908
50608344 297121501
50608344 183579463
50608344 50626511
50608344 162824428
50608344 359491545
50608344 347076360
50608344 163328658
50608344 164429686
50608344 138861054
50608344 135642626
50608344 78363542
50608344 39404393
50608344 10406357
50608344 774063768
50608344 163942787
50608344 82632257
50608344 519335946
637899015 50608344
90945964 50608344
297121501 50608344
164979453 162739735
161409270 50608344
166181378 162824428
49401226 230917561
836611841 50608344
359491545 50608344
162824428 155072231
162824428 164461150
162824428 129394394
162824428 50608344
162824428 166181378
580932708 50608344
50626511 50608344
164429686 50608344
135642626 50608344
44865824 181935908
44865824 50608344
234204904 50608344
834901208 153723924
834901208 50608344
