500766647 57648217
534757218 52518386
421532461 57770797
152927829 57648217
152927829 298858733
152927829 57770797
152927829 152856406
152927829 57650955
152927829 282566264
152927829 58308454
282566264 73633445
282566264 535182769
282566264 44952448
282566264 607291958
282566264 456058665
282566264 220482247
282566264 668722571
282566264 152911923
282566264 298858733
282566264 534745638
282566264 535207997
282566264 58324134
282566264 57648217
282566264 58308454
282566264 61632009
282566264 696100048
282566264 52518386
282566264 152927829
298858733 73633445
298858733 152856406
298858733 44952448
298858733 282566264
298858733 534781390
298858733 456058665
298858733 57648217
298858733 58308454
298858733 152911923
298858733 61632009
298858733 52518386
298858733 152927829
73633445 282566264
73633445 57648217
73633445 152911923
73633445 298858733
73633445 52518386
57770797 638131039
57770797 52518386
57770797 421532461
57770797 155841287
57770797 152531401
57770797 152927829
607291958 282566264
535207997 535182769
535207997 282566264
535207997 58324134
535207997 58308454
535207997 52518386
58324134 57650955
58324134 535182769
58324134 582278245
58324134 44952448
58324134 534757218
58324134 534781390
58324134 456058665
58324134 220482247
58324134 500766647
58324134 152911923
58324134 298858733
58324134 535207997
58324134 57648217
58324134 58308454
58324134 61632009
58324134 52518386
535182769 535207997
535182769 282566264
535182769 61632009
3468858 52518386
534745638 52518386
534781390 44952448
534781390 61632009
534781390 298858733
534781390 57648217
58308454 500766647
58308454 152911923
58308454 298858733
58308454 535207997
58308454 282566264
58308454 58324134
58308454 57648217
58308454 61632009
58308454 52518386
58308454 152927829
152531401 456058665
152531401 61632009
152531401 57770797
155841287 115384450
155841287 57770797
220482247 282566264
220482247 152911923
21941822 152856406
52518386 44952448
52518386 298858733
52518386 57648217
52518386 534781390
52518386 58324134
52518386 152911923
52518386 61632009
52518386 535207997
52518386 282566264
52518386 456058665
52518386 73633445
52518386 696100048
52518386 3468858
52518386 152819095
52518386 582278245
52518386 534745638
52518386 668722571
52518386 58308454
52518386 152856406
52518386 175162513
52518386 57770797
456058665 152531401
456058665 282566264
456058665 58324134
456058665 152911923
456058665 298858733
456058665 52518386
44952448 57650955
44952448 282566264
44952448 58324134
44952448 534781390
44952448 57648217
44952448 298858733
44952448 52518386
61632009 298858733
61632009 535182769
61632009 534781390
61632009 152856406
61632009 282566264
61632009 152911923
61632009 152531401
61632009 58308454
61632009 52518386
57648217 73633445
57648217 44952448
57648217 534781390
57648217 456058665
57648217 500766647
57648217 152911923
57648217 298858733
57648217 282566264
57648217 58308454
57648217 175162513
57648217 152927829
668722571 282566264
668722571 52518386
57650955 44952448
57650955 58324134
57650955 152927829
115384450 155841287
152856406 21941822
152856406 298858733
152856406 61632009
152856406 52518386
152856406 152927829
638131039 57770797
152911923 456058665
152911923 57648217
152911923 220482247
152911923 298858733
