601677558 823769687
823769687 833311835
823769687 19057645
823769687 812464938
823769687 38047586
823769687 22036645
823769687 58377911
823769687 32898294
823769687 638099087
823769687 49253401
836611600 6579930
152621620 6579930
152621620 37396612
152621620 57652330
37396612 57650568
37396612 152817479
37396612 6579930
37396612 823769687
87490152 6579930
99934791 6579930
172437815 152817479
172437815 49253401
298832766 61269810
298832766 6579930
833311835 823769687
152579542 57652330
58124890 6579930
58053009 6579930
152785290 6579930
152785290 823769687
152785290 49253401
22036645 823769687
22036645 38326651
22036645 6579930
22036645 6642330
31021849 19057645
123939580 6579930
38562999 152817479
38562999 6579930
25297058 152817479
25297058 36914249
25297058 128948037
25297058 38047586
25297058 57652330
38326651 22036645
696915847 6579930
54241020 6579930
54241020 58377911
541455873 6579930
91700175 6579930
305773549 6579930
581185276 6579930
128948037 25297058
128948037 6579930
152817479 25297058
152817479 172437815
152817479 6579930
152817479 38562999
152817479 57650568
152817479 15321464
152817479 37396612
152817479 58419253
152817479 57652330
114837199 6579930
114837199 49253401
114837199 38326651
149552157 6579930
149552157 49253401
638099087 6579930
638099087 19057645
638099087 823769687
421461215 6579930
215374780 49253401
132156609 823769687
223766371 758003968
223766371 6579930
223766371 57652330
18658915 823769687
18658915 49253401
758003968 223766371
758003968 6579930
581160766 36914249
581160766 6579930
49253401 215374780
49253401 20663072
49253401 114837199
728419714 6579930
192282021 6579930
477887193 6579930
152926338 6579930
298854910 6579930
58372888 6579930
58372888 49253401
58419253 6579930
58419253 152817479
58419253 57652330
152924613 6579930
49056335 6579930
36914249 25297058
36914249 6579930
36914249 581160766
36914249 57652330
114392334 6579930
906707 6579930
49180838 6579930
20663072 6579930
20663072 49253401
28582697 6579930
6642330 22036645
57650568 152817479
57650568 6579930
57650568 37396612
57650568 57652330
32645679 6579930
32645679 57652330
168227594 6579930
58377911 823769687
812464938 823769687
57652330 36914249
57652330 57650568
57652330 32645679
57652330 58419253
57652330 152817479
57652330 25297058
57652330 152621620
57652330 152579542
57652330 223766371
155859309 6579930
86346713 6579930
19057645 823769687
19057645 31021849
19057645 638099087
84862981 6579930
362997109 6579930
61269810 6579930
61269810 298832766
61269810 38047586
38047586 823769687
38047586 25297058
38047586 61269810
38047586 6579930
58106783 6579930
58106783 152621620
32898294 13318785
32898294 823769687
