113080803 127228844
690986238 127228844
196499824 127228844
750418426 127228844
364081470 127228844
297588165 127228844
57335116 127228844
170222708 127228844
27106305 127228844
134999600 127228844
84177420 127228844
40112218 127228844
528277127 127228844
185494891 127228844
309611689 127228844
684961545 20454681
51728417 127228844
365027842 127228844
384684291 127228844
659887305 127228844
135960681 141343521
166377913 127228844
750446398 127228844
198001155 127228844
296689117 127228844
274410236 127228844
26928600 127228844
634727128 127228844
201125268 127228844
164478262 127228844
23573874 127228844
512446480 127228844
15971589 127228844
141343521 135960681
141343521 127228844
26067380 127228844
14714554 127228844
529534673 127228844
20454681 684961545
20454681 127228844
186609120 127228844
750429064 127228844
119781083 127228844
134892583 127228844
684362406 127228844
447989260 127228844
131624114 127228844
507000161 127228844
56173777 127228844
750839061 127228844
136013162 127228844
61884888 127228844
568763454 127228844
