155822494 12930430
85051604 132288985
122658459 85051604
122658459 8040059
152929050 39430771
152929050 121515053
90003711 8040059
90003711 39430771
152566090 581120705
57069253 602510667
57069253 166569788
445772480 12930430
299669873 12930430
299669873 166569788
39430771 90003711
39430771 6167199
39430771 132288985
39430771 58362159
39430771 57426168
39430771 152929050
84464165 12930430
313389083 12930430
107674258 723518037
101175296 12930430
187519957 12930430
723518037 58478571
50854222 298835150
50854222 12930430
92477741 12930430
166569788 301957774
166569788 57069253
166569788 299669873
128097902 12930430
132532764 57426168
132532764 12930430
57426168 39430771
57426168 132532764
57426168 121515053
58478571 241495516
58478571 723518037
152816745 12930430
152816745 121515053
58398963 12930430
58026455 12930430
58093695 12930430
58362159 39430771
298836831 12930430
793299661 602514506
132288985 12930430
132288985 85051604
298835150 50854222
301957774 166569788
301957774 602514506
6167199 39430771
6167199 12930430
581120705 152566090
602514506 793299661
241495516 58478571
8040059 90003711
8040059 122658459
279016525 723518037
58479008 12930430
58018191 12930430
107660421 107665808
39405460 12930430
56970473 12930430
45038429 12930430
