57648452 82854010
57648452 64545408
60711169 61123825
60711169 152899407
60711169 64545408
38364873 11273647
38364873 36529571
38364873 210192281
38364873 64545408
152920912 36529571
152920912 64545408
132798137 36529571
132798137 210192281
132798137 152815952
132798137 64545408
581982678 64545408
84210406 64545408
548859092 64545408
47243252 64545408
582225525 560647056
582225525 64545408
298859108 64545408
147975795 64545408
152621737 64545408
128242491 64545408
28341486 64545408
58292255 152819684
58292255 64545408
152520152 64545408
152619415 36529571
152619415 64545408
165789499 64545408
582295413 64545408
58001291 64545408
581802862 64545408
298832001 64545408
581303395 64545408
57645573 57652978
57645573 36529571
57645573 64545408
11273647 31988743
11273647 60711169
11273647 36529571
11273647 38364873
11273647 152927656
11273647 64545408
11273647 128242491
581494716 64545408
152700456 11273647
152700456 64545408
152927656 36529571
152927656 64545408
152880414 64545408
806384126 64545408
581757037 64545408
44600943 64545408
71590914 64545408
298856378 64545408
44759385 36529571
44759385 152927656
44759385 57644609
44759385 64545408
580938583 64545408
560647056 582225525
560647056 64545408
581693294 64545408
152832908 64545408
152925640 64545408
24791711 64545408
49271366 64545408
130257125 36529571
130257125 64545408
61123825 60711169
61123825 36529571
61123825 64545408
31988743 36529571
31988743 64545408
152601004 36529571
152601004 64545408
581536267 64545408
298836481 64545408
539793155 64545408
582082151 64545408
112551545 36529571
112551545 82854010
112551545 64545408
103047187 64545408
581751421 64545408
25248655 64545408
36529571 130257125
36529571 132798137
36529571 31988743
36529571 57652978
36529571 61123825
36529571 11273647
36529571 44759385
36529571 152920912
36529571 57645573
36529571 152619415
36529571 112551545
36529571 152701761
36529571 152899407
36529571 210192281
36529571 152602298
36529571 38364873
36529571 152815952
36529571 152601004
36529571 82854010
36529571 152927656
36529571 57644609
36529571 64545408
58156674 64545408
581804911 64545408
152818067 11273647
152818067 64545408
152818067 57644609
152478384 152602298
152478384 64545408
210192281 112551545
210192281 36529571
210192281 38364873
581666504 64545408
152602298 152478384
152602298 36529571
152602298 152880414
152602298 64545408
57644609 112551545
57644609 152818067
57644609 36529571
57644609 44759385
57644609 152815952
57644609 64545408
582048622 64545408
549941609 64545408
57652978 57645573
57652978 36529571
57652978 64545408
7173357 64545408
581655852 64545408
152819684 64545408
152819684 58292255
580979172 64545408
82854010 112551545
82854010 57648452
82854010 36529571
83653757 36529571
83653757 64545408
806308118 64545408
152899407 60711169
152899407 36529571
152899407 64545408
169255530 64545408
582089431 64545408
298863048 64545408
152815952 36529571
152815952 64545408
152815952 57644609
134515257 64545408
939454 64545408
152701761 36529571
152701761 64545408
152833541 64545408
581187645 64545408
128798888 128242491
128798888 64545408
