15085845 152567107
15085845 11375154
15085845 84303402
15085845 57847346
15085845 152689012
15085845 370971710
15085845 152621636
15085845 58467848
152734959 58467848
152797704 58467848
833546626 58467848
152567107 58467848
57650647 58154263
57650647 58467848
57650647 152735017
57650647 57847346
57650647 85837666
57650647 57650568
834024079 58467848
152689012 15085845
152689012 833548653
152689012 58467848
835459250 58467848
13102685 58467848
57649121 58467848
172386520 58467848
728408165 756498071
728408165 58467848
758009929 58467848
758009929 84303402
58352084 152524203
58352084 58467848
129991953 12816511
129991953 57847346
129991953 85837666
129991953 58467848
152735017 57650647
152735017 58467848
57649139 12816511
57649139 57650568
57649139 152542092
57649139 58467848
833304569 58467848
152848245 58467848
74883688 58467848
833315762 58467848
50822775 58467848
64498004 58467848
152621636 15085845
152621636 57847346
152621636 58467848
152524203 58467848
152524203 58352084
11375154 15085845
11375154 58467848
152542092 57649139
152542092 58467848
152596710 58467848
223766839 58467848
152956445 58467848
54379822 58467848
58467848 758009929
58467848 152734959
58467848 152688618
58467848 57759732
58467848 152528510
58467848 152545849
58467848 100897404
58467848 15085845
58467848 152524203
58467848 152567107
58467848 833548653
58467848 175235153
58467848 85837666
58467848 581012470
58467848 134394227
58467848 833304569
58467848 84303402
58467848 152596710
58467848 833548842
58467848 152956445
58467848 58352084
58467848 152532146
152930097 58467848
152930097 152893214
537492080 58467848
833349369 15085845
694793159 58467848
12816511 129991953
12816511 84303402
12816511 57847346
12816511 57650568
12816511 57649139
152688618 58467848
100897404 58467848
833299666 58467848
152567315 58467848
152545849 58467848
58418902 58467848
85837666 129991953
85837666 580950539
85837666 57650647
85837666 58467848
57847346 12816511
57847346 129991953
57847346 15085845
57847346 57650647
57847346 152621636
57847346 57650568
57847346 58467848
152532146 58467848
833548653 58467848
806252452 54379822
806252452 58467848
581012470 58467848
581012470 57650568
69081349 58467848
152620635 58154263
152620635 58467848
152898504 58467848
152566157 64498004
152566157 58467848
152713016 58467848
57650568 57847346
57650568 581012470
57650568 57649139
152893214 152930097
97363046 58467848
58154263 57650647
57759732 58467848
82642787 58467848
134394227 152524203
134394227 58467848
833548842 58467848
370971710 15085845
84303402 12816511
84303402 152898504
84303402 15085845
84303402 758009929
84303402 474908163
84303402 152524203
84303402 58467848
580950539 85837666
43722830 58467848
421471015 152532146
152889642 58467848
756498071 728408165
175235153 58467848
581665065 58467848
152571300 58467848
152921913 58467848
474908163 58467848
152528510 58467848
