298837493 127354619
101696263 127354619
340472651 127354619
581408310 127354619
82668627 127354619
581134132 127354619
152693521 127354619
152693521 210251745
152693521 39601250
127509715 127354619
127509715 152693521
189714895 127354619
152899315 127354619
130158481 127354619
130158481 580885746
581464397 127354619
107926475 127354619
168914673 127354619
582405972 127354619
831845488 127354619
581692145 127354619
582721296 127354619
581781171 127354619
317019700 127354619
152906319 127354619
25332054 127354619
39601250 74870929
39601250 127354619
39601250 152693521
39601250 58493046
39601250 582481915
39601250 45226227
132190025 127354619
836611434 127354619
169713136 127354619
129495269 127354619
225688329 127354619
581107406 127354619
210228283 127354619
98767626 127354619
45226227 152935066
45226227 127354619
45226227 210251745
45226227 39601250
139708827 127354619
80349859 127354619
74870929 127354619
74870929 39601250
58148525 127354619
58148525 39601250
541873802 127354619
58493046 127354619
58493046 39601250
240383704 127354619
601946150 127354619
582263030 127354619
298851478 127354619
152850642 127354619
152850642 189714895
220089191 127354619
21535960 127354619
152728643 127354619
581813241 127354619
210251745 127354619
210251745 152693521
210251745 45226227
582874579 127354619
834034826 127354619
684606433 127354619
152953902 127354619
152953902 479460900
152660771 127354619
311268325 127354619
345808111 127354619
155817983 127354619
479460900 127354619
479460900 152953902
581655852 127354619
152602449 127354619
458363794 127354619
132049184 127354619
58294711 127354619
413542781 127354619
566675747 127354619
581388858 127354619
582801399 127354619
830760113 127354619
152935066 127354619
152935066 45226227
582389053 127354619
35059328 127354619
317082995 127354619
152918950 127354619
581804146 127354619
601767349 127354619
806265899 127354619
582481915 127354619
582481915 39601250
