215766605 129891229
581267707 129891229
152574119 129891229
644322521 129891229
582842237 129891229
154861513 57646727
154861513 39623599
44787439 19702393
44787439 11895164
44787439 57645710
54261947 129891229
57587974 13214278
57587974 57645710
57587974 49520670
180888748 129891229
582771074 129891229
109347699 129891229
109347699 39623599
134468999 601671556
134468999 93826244
134468999 210257408
152713318 57646727
152713318 57587974
152713318 581387326
152713318 57645710
152713318 39623599
152713318 85867026
302454743 129891229
302454743 107477952
118947936 129891229
601671556 134468999
601671556 210257408
581841387 39623599
13214278 57587974
13214278 57645710
582848400 129891229
152577263 129891229
37713220 31685564
37713220 101698203
37713220 298833298
37713220 129891229
37713220 144707919
37713220 39623599
133788657 306568958
133788657 3357207
133788657 93826244
133788657 19702393
133788657 57645710
144707919 129891229
85867026 152858110
85867026 152713318
85867026 57646727
85867026 57645710
39623599 154861513
39623599 37713220
39623599 19702393
39623599 109347699
39623599 152713318
39623599 13214278
39623599 11895164
39623599 11046610
39623599 144707919
39623599 3357207
39623599 581841387
39623599 57645710
39623599 175162197
39623599 93826244
39623599 27019571
107477952 129891229
107477952 302454743
107477952 57645710
90422546 129891229
45498519 129891229
210257408 134468999
210257408 601671556
210257408 57645710
31685564 129891229
31685564 37713220
558993177 129891229
167829581 129891229
484672632 129891229
3357207 19702393
3357207 11895164
3357207 49520670
3357207 39623599
3357207 133788657
306568958 129891229
306568958 133788657
58383923 129891229
58046613 129891229
19702393 129891229
19702393 44787439
19702393 3357207
19702393 57645710
19702393 39623599
32079002 129891229
32079002 57645710
57646727 154861513
57646727 152713318
57646727 11895164
57646727 11046610
57646727 85867026
558428634 129891229
443507051 129891229
581972302 129891229
551875400 129891229
548790486 129891229
101698203 37713220
101698203 11895164
298833298 129891229
298833298 37713220
152924124 152620360
57645710 129891229
57645710 44787439
57645710 152677034
57645710 32079002
57645710 19702393
57645710 152713318
57645710 57587974
57645710 13214278
57645710 386539444
57645710 11046610
57645710 107477952
57645710 39623599
57645710 85867026
57645710 210257408
57645710 133788657
386539444 129891229
386539444 57645710
540742421 129891229
728838237 129891229
152858110 129891229
806278547 129891229
152504236 152924124
11895164 101698203
11895164 44787439
11895164 57646727
11895164 11046610
11895164 3357207
11895164 39623599
11895164 93826244
11895164 27019571
269053783 129891229
152620360 175162197
152620360 152924124
93826244 39623599
93826244 11895164
93826244 11046610
93826244 134468999
93826244 27019571
152677034 129891229
152677034 57645710
581387326 129891229
581387326 152713318
175162197 129891229
175162197 152620360
175162197 39623599
49520670 57587974
49520670 3357207
27019571 11895164
27019571 129891229
27019571 93826244
11046610 101698203
11046610 129891229
11046610 57646727
11046610 11895164
11046610 57645710
11046610 107477952
11046610 39623599
11046610 93826244
