14107945 609813390
39316651 26707431
39316651 124087500
39316651 21009196
39316651 32484016
109264914 134983362
109264914 26707431
109264914 124087500
109264914 609813390
109264914 65474998
109264914 18108921
109264914 84590489
109264914 55048290
476657641 26707431
131450592 124087500
131450592 26707431
131450592 97137345
131450592 13139115
15948916 26707431
15948916 124087500
15948916 65474998
15948916 13139115
15948916 32484016
134305316 635187436
26707431 28708595
26707431 109264914
26707431 476657641
26707431 54314740
26707431 223851279
26707431 481513366
26707431 82512084
26707431 134983362
26707431 66965957
26707431 24436018
26707431 421466263
26707431 349417096
26707431 152596998
26707431 58424220
26707431 152595875
26707431 58163798
26707431 5871219
26707431 58378134
26707431 69817538
26707431 82113883
26707431 49159472
26707431 835781697
26707431 152688069
26707431 210256990
26707431 54320796
26707431 39316651
26707431 14248729
26707431 58294711
26707431 15948916
26707431 61296472
26707431 421182293
26707431 69748230
26707431 29149856
26707431 609813390
26707431 81379139
26707431 65474998
26707431 21009196
26707431 18108921
26707431 364191578
26707431 298850857
26707431 127423669
26707431 581417704
26707431 83920561
26707431 4242392
26707431 131450592
26707431 13139115
26707431 199922648
26707431 58089535
26707431 32484016
26707431 97137345
26707431 40478727
26707431 253933660
5871219 26707431
5871219 127423669
5871219 581417704
421479557 124087500
257127841 833310311
152715143 124087500
58378134 26707431
4660774 124087500
81379139 26707431
81379139 124087500
81379139 65474998
40478727 26707431
40478727 15948916
40478727 58424220
40478727 124087500
152595875 26707431
152595875 756501371
152595875 28708595
152595875 152733232
152595875 124087500
152595875 357564177
152595875 18108921
152595875 298850857
152595875 127423669
152595875 581417704
152595875 83920561
152595875 371024169
152595875 387171620
152595875 32484016
152596998 26707431
152596998 199922648
421182293 26707431
49159472 58089535
49159472 298856574
49159472 26707431
49159472 124087500
49159472 18108921
49159472 253933660
152573184 124087500
387171620 152595875
387171620 124087500
14248729 26707431
357564177 152595875
357564177 124087500
357564177 253933660
357564177 152477462
18108921 26707431
18108921 152595875
18108921 124087500
18108921 127423669
223851279 26707431
223851279 18108921
223851279 609813390
223851279 97137345
83920561 152595875
83920561 18108921
83920561 124087500
83920561 28708595
83920561 69748230
83920561 26707431
83920561 609813390
83920561 134983362
83920561 15948916
83920561 55048290
83920561 13139115
83920561 97137345
83920561 32484016
349417096 26707431
21009196 39316651
21009196 26707431
21009196 18108921
105142372 124087500
756501371 55048290
69817538 26707431
28708595 26707431
28708595 152595875
28708595 83920561
253933660 32484016
253933660 15948916
253933660 13139115
253933660 421479878
253933660 152595875
253933660 97137345
253933660 83920561
253933660 357564177
253933660 18108921
253933660 49159472
253933660 124087500
253933660 609813390
253933660 109264914
253933660 26707431
253933660 58089535
253933660 58294711
253933660 581417704
21444571 61296472
481513366 26707431
69748230 58424220
69748230 15948916
69748230 26707431
69748230 83920561
69748230 13139115
210256990 26707431
210256990 58424220
210256990 124087500
210256990 84590489
609813390 26707431
609813390 223851279
609813390 97137345
58089535 49159472
58089535 4242392
58089535 127423669
58089535 298850857
58089535 833305244
58089535 124087500
58089535 26707431
58089535 58294711
58089535 253933660
58089535 97137345
58089535 421479878
833305244 58089535
581417704 609813390
581417704 152595875
581417704 124087500
581417704 5871219
581417704 26707431
581417704 253933660
581417704 97137345
581417704 13139115
66965957 26707431
134983362 58424220
134983362 83920561
700627551 26707431
700627551 18108921
700627551 609813390
82512084 26707431
371024169 152595875
371024169 124087500
32484016 127423669
32484016 152595875
32484016 83920561
32484016 82113883
32484016 15948916
32484016 124087500
32484016 357564177
32484016 39316651
32484016 26707431
32484016 253933660
54314740 26707431
152733232 152595875
152733232 124087500
421466263 124087500
58424220 513982323
58424220 134983362
58424220 26707431
58424220 210256990
58424220 69748230
58424220 224335787
58424220 40478727
13139115 15948916
13139115 609813390
13139115 26707431
13139115 124087500
13139115 97137345
24436018 26707431
24436018 152595875
24436018 124087500
127423669 18108921
127423669 26707431
127423669 152595875
127423669 124087500
127423669 55048290
199922648 26707431
199922648 152477462
199922648 13139115
199922648 609813390
199922648 124087500
601667466 3486740
635187436 134305316
421479878 127423669
421479878 609813390
421479878 58089535
421479878 109264914
421479878 371024169
421479878 13139115
421479878 253933660
421479878 97137345
224335787 124087500
57644999 18108921
97137345 223851279
97137345 26707431
97137345 65474998
97137345 124087500
97137345 58089535
97137345 609813390
61296472 26707431
61296472 21444571
67284086 3486740
3486740 67284086
3486740 601667466
58163798 26707431
58163798 152595875
58163798 124087500
124087500 210256990
124087500 82113883
124087500 152715143
124087500 15948916
124087500 109264914
124087500 39316651
124087500 152733232
124087500 58163798
124087500 152595875
124087500 421479557
124087500 105142372
124087500 49159472
124087500 4660774
124087500 58294711
124087500 81379139
124087500 357564177
124087500 18108921
124087500 298850857
124087500 127423669
124087500 152477462
124087500 581417704
124087500 83920561
124087500 371024169
124087500 25447833
124087500 4242392
124087500 131450592
124087500 55048290
124087500 387171620
124087500 13139115
124087500 58089535
124087500 32484016
124087500 224335787
124087500 97137345
124087500 40478727
124087500 253933660
298856574 49159472
58294711 26707431
58294711 15948916
58294711 124087500
58294711 609813390
58294711 357564177
58294711 18108921
58294711 58089535
58294711 253933660
29149856 26707431
29149856 609813390
152855937 152477462
152855937 124087500
54320796 26707431
54320796 124087500
152688069 26707431
25447833 124087500
160280205 224335787
513982323 58424220
82113883 26707431
82113883 15948916
82113883 124087500
82113883 65474998
82113883 32484016
82113883 97137345
212626011 26707431
364191578 124087500
364191578 152595875
364191578 26707431
364191578 18108921
364191578 83920561
364191578 55048290
65474998 26707431
65474998 97137345
298850857 124087500
298850857 26707431
298850857 152595875
298850857 58089535
152477462 152855937
152477462 357564177
152477462 124087500
152477462 199922648
55048290 127423669
55048290 83920561
55048290 18108921
55048290 756501371
55048290 109264914
55048290 14107945
55048290 364191578
55048290 124087500
55048290 97137345
55048290 421479878
55048290 32484016
4242392 15948916
4242392 26707431
4242392 124087500
4242392 58089535
