186570191 39329421
186570191 289171396
672252195 162523724
322986679 39329421
322986679 637163922
72050665 187956089
72050665 39329421
741695007 162523724
578826267 39329421
5620233 39329421
5620233 162523724
173559252 39329421
199940895 39329421
323007619 39329421
836611751 39329421
173928666 39329421
64535355 39329421
129103347 39329421
6722638 39329421
39329421 3880671
39329421 17421247
809431149 39329421
579239303 39329421
299712611 39329421
299712611 36530343
745724962 39329421
836611767 39329421
46975245 39329421
579024768 39329421
323022226 39329421
108259250 39329421
836611549 653989302
268889462 39329421
329451076 39329421
427851127 39329421
174333495 39329421
434657930 39329421
538444944 39329421
289193274 216070923
289193274 39329421
289193274 25573161
322790596 39329421
72052049 39329421
167499864 39329421
60093483 39329421
303450361 39329421
653989302 836611549
579327971 39329421
225291765 39329421
14753418 39329421
555449468 39329421
36530343 299712611
36530343 130000599
108885614 203632846
187956089 39329421
187956089 72050665
25573161 39329421
25573161 289193274
233813642 39329421
17421247 39329421
17421247 97380958
17421247 130000599
16688356 39329421
203632846 108885614
203632846 130628397
97380958 39329421
3880671 39329421
73405684 39329421
33917873 39329421
33917873 131336543
199974052 39329421
300453032 39329421
16271034 39329421
16271034 836611751
130000599 39329421
130000599 17421247
130000599 36530343
130000599 16271034
700920940 39329421
689839904 39329421
106493716 39329421
447367783 39329421
162523724 39329421
162523724 741695007
162523724 5620233
162523724 672252195
217124959 39329421
114393927 39329421
134946378 39329421
630479234 39329421
148167761 39329421
31265845 39329421
131336543 39329421
131336543 106493716
836554449 39329421
833801861 39329421
299100398 39329421
54522223 39329421
160305503 39329421
216070923 289193274
637163922 322986679
12817131 39329421
579131156 39329421
130628397 203632846
130628397 39329421
33915775 39329421
33915775 173928666
137283050 39329421
