57659707 57648470
152629331 581958138
152629331 152663332
152629331 65264907
152629331 57648470
57652208 68221417
57652208 54912254
57652208 7012581
57652208 57650829
57652208 57645607
57652208 57648470
581243788 57648470
210196544 152730109
210196544 57650829
210196544 57648470
833358881 57648470
581704835 57648470
666399881 57648470
130465787 57648470
358078257 57648470
57650877 7012581
57650877 68221417
57650877 57648470
57650877 57647249
57648470 333148545
57648470 18515614
57648470 57645607
57648470 57647892
57648470 152858394
57648470 152674799
57648470 7012581
57648470 58105523
57648470 68221417
57648470 582846555
57648470 601660007
57648470 65264907
57648470 54912254
57648470 57649623
57648470 32681895
57648470 36309247
57648470 29653245
57648470 581704835
57648470 152931891
57648470 175152098
57648470 22307002
57648470 152629331
57648470 152663332
57648470 40129607
57648470 57652067
57648470 210222863
57648470 210243816
57648470 50610290
57648470 152812397
57648470 485533828
57648470 302481877
57648470 581958138
57648470 152834896
57648470 130465787
57648470 152578866
57648470 54240865
57648470 57659707
57648470 43699922
57648470 44759946
57648470 240138320
57648470 58445282
57648470 65271789
57648470 322661552
57648470 580893528
57648470 44754932
57648470 57652208
57648470 5177038
57648470 37661273
57648470 582399231
57648470 152730109
57648470 152619948
57648470 152900172
57648470 580878840
57648470 147916837
57648470 580910232
57648470 581243788
57648470 666399881
57648470 833480632
57648470 210196544
57648470 659078959
57648470 152478699
57648470 27019571
57648470 57647249
57648470 152693925
58445282 7012581
58445282 57648470
29653245 57648470
57645607 582846555
57645607 68221417
57645607 54912254
57645607 5177038
57645607 152931891
57645607 7012581
57645607 57652208
57645607 18515614
57645607 44759946
57645607 57650829
57645607 36309247
57645607 40129607
57645607 210243816
57645607 58105523
57645607 57647892
57645607 65264907
57645607 32681895
57645607 12145202
57645607 57648470
57645607 27019571
57645607 57647249
57645607 152693925
57649623 68221417
57649623 54912254
57649623 44759946
57649623 57650829
57649623 57647892
57649623 65264907
57649623 32681895
57649623 57648470
57649623 57647249
40129607 18515614
40129607 57645607
40129607 65264907
40129607 65271789
40129607 57648470
40129607 27019571
152578866 54912254
152578866 147916837
152578866 580893528
152578866 65264907
152578866 57648470
152578866 57647249
12145202 18515614
12145202 57645607
7012581 580893528
7012581 68221417
7012581 152931891
7012581 57652208
7012581 57645607
7012581 57647892
7012581 58445282
7012581 57648470
7012581 27019571
65264907 580893528
65264907 152730109
65264907 54912254
65264907 580878840
65264907 175152098
65264907 50610290
65264907 18515614
65264907 44759946
65264907 36309247
65264907 40129607
65264907 152629331
65264907 240138320
65264907 210243816
65264907 58105523
65264907 57645607
65264907 57647892
65264907 57649623
65264907 65271789
65264907 152578866
65264907 57648470
65264907 27019571
65264907 57647249
152730109 18515614
152730109 65264907
152730109 57648470
54912254 44759946
54912254 36309247
54912254 57645607
54912254 57647892
54912254 57649623
54912254 65264907
54912254 32681895
54912254 18515614
54912254 152578866
54912254 57648470
54912254 57647249
333148545 57648470
580910232 57648470
302481877 57648470
302481877 58105523
5177038 57645607
5177038 152858394
5177038 57648470
806259970 57648470
152931891 7012581
152931891 57645607
152931891 65271789
152931891 57648470
152931891 27019571
22307002 57647892
22307002 57648470
22307002 57647249
37661273 57648470
147916837 152578866
147916837 57648470
147916837 57647249
4865166 57648470
240138320 65264907
240138320 57648470
68221417 580893528
68221417 7012581
68221417 57652208
68221417 175152098
68221417 18515614
68221417 44759946
68221417 36309247
68221417 58105523
68221417 57645607
68221417 57647892
68221417 57649623
68221417 57648470
68221417 57647249
68221417 57650877
68221417 152693925
601660007 57648470
582399231 57648470
659078959 57648470
36309247 68221417
36309247 54912254
36309247 18515614
36309247 57645607
36309247 65264907
36309247 57648470
152834896 44759946
152834896 57648470
32681895 54912254
32681895 50610290
32681895 44759946
32681895 40129607
32681895 58105523
32681895 57645607
32681895 57647892
32681895 57649623
32681895 210222863
32681895 57648470
32681895 57647249
580893528 68221417
580893528 581958138
580893528 7012581
580893528 18515614
580893528 57650829
580893528 152578866
580893528 57648470
580893528 57647249
152619948 57648470
57650829 580893528
57650829 57652208
57650829 210196544
57650829 18515614
57650829 210243816
57650829 57645607
57650829 57647892
57650829 57649623
57650829 57648470
152693925 68221417
152693925 57648470
152693925 57645607
152674799 57648470
152924375 57648470
152478699 57648470
322661552 57648470
210243816 18515614
210243816 44759946
210243816 57650829
210243816 57645607
210243816 65264907
210243816 57648470
582846555 57645607
582846555 57648470
65271789 152931891
65271789 40129607
65271789 65264907
65271789 57648470
220118701 18515614
175152098 68221417
175152098 65264907
175152098 152858394
175152098 57648470
50610290 7012581
50610290 65264907
44754932 57648470
58105523 68221417
58105523 152931891
58105523 302481877
58105523 18515614
58105523 40129607
58105523 231023028
58105523 57645607
58105523 65264907
58105523 32681895
58105523 152858394
58105523 57648470
812448728 152730109
812448728 44759946
812448728 57648470
57647249 57645607
57647249 18515614
57647249 22307002
57647249 68221417
57647249 57648470
57647249 57649623
57647249 65264907
57647249 147916837
57647249 152578866
57647249 54912254
57647249 40129607
57647249 580893528
57647249 32681895
57647249 57650877
485533828 57648470
43699922 54912254
43699922 57648470
231023028 44759946
231023028 58105523
231023028 57647892
231023028 57648470
57647892 68221417
57647892 54912254
57647892 7012581
57647892 18515614
57647892 44759946
57647892 57652067
57647892 57650829
57647892 231023028
57647892 57645607
57647892 57649623
57647892 22307002
57647892 65264907
57647892 32681895
57647892 57648470
57647892 27019571
152663332 18515614
152663332 152629331
152663332 57648470
210222863 32681895
210222863 57648470
152858394 5177038
152858394 175152098
152858394 58105523
152858394 57648470
152900172 57648470
44759946 68221417
44759946 54912254
44759946 152834896
44759946 210243816
44759946 57645607
44759946 57647892
44759946 812448728
44759946 57649623
44759946 65264907
44759946 32681895
44759946 57648470
57652067 68221417
57652067 58105523
57652067 57647892
57652067 57649623
57652067 57648470
152812397 57648470
833480632 57648470
18515614 580893528
18515614 68221417
18515614 152730109
18515614 152663332
18515614 220118701
18515614 57650829
18515614 36309247
18515614 40129607
18515614 210243816
18515614 58105523
18515614 57645607
18515614 57647892
18515614 65264907
18515614 65271789
18515614 12145202
18515614 54912254
18515614 57648470
18515614 27019571
18515614 57647249
54240865 57648470
27019571 65264907
27019571 57645607
27019571 18515614
27019571 57648470
27019571 57647892
27019571 40129607
27019571 7012581
581958138 580893528
581958138 54912254
581958138 152629331
581958138 57648470
580878840 57647892
580878840 65264907
580878840 57648470
