374506106 73885402
52112193 73885402
269389984 73885402
529091574 160300874
529091574 73885402
390671990 685399196
390671990 207666860
390671990 201368698
390671990 73885402
181935812 73885402
201368698 73885402
462983442 73885402
14378882 160300874
14378882 603192272
14378882 73885402
185277298 73885402
211011765 73885402
187959009 185277298
187959009 73885402
457810784 73885402
202046057 73885402
199810361 73885402
661032250 73885402
219703558 73885402
15379517 73885402
164663306 528344611
164663306 73885402
371204922 73885402
207666860 73885402
207666860 390671990
528380832 316401641
528380832 73885402
211001179 24244105
211001179 73885402
603192272 14378882
603192272 73885402
528344611 164663306
74225890 73885402
654170958 73885402
86271772 73885402
751271257 73885402
225558879 73885402
24244105 211001179
24244105 73885402
24244105 201368698
499813650 223632157
499813650 73885402
13644589 73885402
316401641 73885402
316401641 528380832
73885402 211001179
73885402 24244105
73885402 390671990
73885402 499813650
73885402 52112193
73885402 654170958
73885402 223632157
741603394 73885402
160300874 73885402
160300874 529091574
160300874 14378882
223632157 499813650
223632157 73885402
814603427 73885402
86273345 73885402
453564272 73885402
