152601775 93085925
152601775 189496101
152601775 152937447
152601775 15860763
152601775 152940725
152601775 152924657
17707485 65387449
17707485 128395867
17707485 25384444
17707485 152838279
17707485 152728366
17707485 2539139
17707485 152937726
17707485 175152275
17707485 75230997
17707485 58147852
17707485 152941300
17707485 93085925
17707485 152906659
17707485 137968781
17707485 152940725
17707485 57607138
17707485 15860763
17707485 152821498
17707485 152926445
17707485 530154744
17707485 11803068
17707485 152924657
148536184 152940904
152632064 152515858
152632064 152876433
152632064 530154744
128395867 65387449
128395867 25384444
128395867 60711597
128395867 57607138
128395867 152937726
128395867 152941300
128395867 15860763
128395867 152808045
128395867 152940725
128395867 152728366
128395867 537078607
128395867 17707485
128395867 11803068
21818209 152821498
152821498 17707485
152821498 57649307
152821498 21818209
152821498 175152275
152821498 152940725
152821498 152941300
224647188 530154744
152481470 104300955
152481470 298851444
152481470 152940725
152940725 189496101
152940725 152937560
152940725 530154744
152808045 97088515
152808045 82643989
152808045 58147852
152808045 25384444
152808045 128395867
152808045 104300955
152808045 152858158
152876433 152632064
152876433 57607138
152876433 152940725
152883797 152940725
152788978 15860763
634025004 152940725
634025004 530154744
152926445 17707485
152926445 175152275
152926445 25384444
152926445 298851444
152926445 57649307
152926445 152858158
97088515 152808045
32555912 137968781
32555912 2539139
32555912 152838279
32555912 93085925
32555912 17953670
32555912 60711597
32555912 128395867
32555912 152931789
32555912 15860763
32555912 152940725
32555912 152728366
152904562 25384444
152904562 530154744
152924657 17707485
152924657 152674397
152924657 152601775
58548121 129153619
152957430 152941300
152957430 152858158
57636591 152940725
530154744 152940725
54291206 152940904
54291206 152940725
152940904 2539139
152940904 189496101
152940904 148536184
152858158 75230997
152858158 25384444
152858158 152957430
152858158 152937447
152858158 82643989
152858158 152926445
152858158 58147852
152858158 152808045
152858158 152941300
152858158 152940725
152941300 2539139
152941300 152858158
152928043 2539139
152928043 152601775
152928043 152940725
2539139 152940904
2539139 32555912
2539139 152928043
2539139 25384444
2539139 75230997
2539139 152941300
2539139 152940725
2539139 17707485
2539139 530154744
2539139 152956889
152937447 152940904
152937447 25384444
152937447 152601775
152937447 152924883
152937447 152941300
152937447 15860763
152937447 57649307
152937447 152940725
152937447 152728366
152937447 530154744
152937447 152858158
152937447 152956889
152929774 152940725
152931789 93085925
57607138 152876433
57607138 137968781
57607138 152838279
57607138 128395867
57607138 152937726
57607138 152728366
57607138 17707485
152846495 32555912
152846495 25384444
152846495 60711597
152846495 152674397
152846495 15860763
152846495 152940725
152924883 57588128
152924883 152937447
152924883 152940725
152924883 152956889
11803068 152940725
11803068 128395867
11803068 152937726
11803068 298851444
11803068 82643989
11803068 152906659
11803068 129153619
152674397 152846495
152674397 93085925
152674397 189496101
152674397 152877785
152674397 152940725
152674397 152924657
129153619 25384444
129153619 58548121
129153619 11803068
152937560 25384444
152937560 228962609
152937560 530154744
152914634 189496101
152834535 152940725
152809222 60711597
152809222 152876433
812532204 530154744
111222230 530154744
113070860 152838279
113070860 104300955
113070860 152821498
75230997 2539139
75230997 152937726
75230997 57649307
75230997 17707485
75230997 152858158
75230997 152956889
104300955 152932380
104300955 113070860
104300955 152808045
298851444 25384444
298851444 152481470
298851444 152940725
298851444 152926445
298851444 11803068
152877785 152931059
152877785 152674397
152877785 152940725
152877785 530154744
58023425 152940725
58023425 93085925
58023425 530154744
152928063 152940725
152928063 530154744
152857238 58147852
152857238 93085925
152857238 530154744
152913452 530154744
175152275 25384444
175152275 57607138
175152275 17707485
175152275 152821498
175152275 152926445
175152275 11803068
175152275 152956889
152906659 152632064
152906659 152940725
152906659 17707485
152906659 11803068
152937726 25384444
152937726 128395867
152937726 75230997
152937726 57607138
152937726 152728366
152937726 11803068
57588128 25384444
57588128 152924883
60711597 152846495
60711597 32555912
60711597 25384444
60711597 128395867
60711597 152809222
124477328 152940725
93085925 32555912
93085925 25384444
93085925 152857238
93085925 152601775
93085925 152931789
93085925 152674397
93085925 189496101
93085925 15860763
93085925 57649307
93085925 152728366
93085925 58023425
93085925 17707485
52773152 530154744
189496101 152914634
189496101 152940904
189496101 93085925
189496101 25384444
189496101 152601775
189496101 152674397
189496101 152940725
152956889 2539139
152956889 152937447
152956889 11803068
152956889 15860763
152956889 152924883
152956889 75230997
152956889 152941300
152956889 152940725
152956889 137968781
152956889 25384444
25384444 152846495
25384444 152876433
25384444 175152275
25384444 57588128
25384444 58147852
25384444 2539139
25384444 152838279
25384444 93085925
25384444 129153619
25384444 152857238
25384444 60711597
25384444 128395867
25384444 152937726
25384444 189496101
25384444 152937447
25384444 298851444
25384444 15860763
25384444 152808045
25384444 152940725
25384444 152904562
25384444 17707485
25384444 152926445
25384444 11803068
25384444 152858158
25384444 152956889
537078607 128395867
228962609 152940725
58147852 25384444
58147852 152808045
58147852 57649307
58147852 152940725
58147852 17707485
58147852 530154744
58147852 152858158
57649307 58147852
57649307 93085925
57649307 75230997
57649307 152937447
57649307 163817196
57649307 152725967
57649307 15860763
57649307 152821498
57649307 152926445
152931059 152877785
152931059 152940725
152728366 137968781
152728366 93085925
152728366 152940725
152515858 152632064
152515858 152940725
152725967 57649307
152725967 11803068
17953670 137968781
17953670 152940725
17953670 152926445
17953670 530154744
137968781 17953670
137968781 152940725
137968781 530154744
82643989 152940725
82643989 152858158
15860763 137968781
15860763 32555912
15860763 93085925
15860763 25384444
15860763 152601775
15860763 128395867
15860763 124477328
15860763 152937447
15860763 57649307
15860763 152940725
15860763 17707485
15860763 530154744
15860763 152956889
