2328176 152581741
2328176 39762199
62417314 39762199
62417314 57646012
10040113 462206262
10040113 298849323
10040113 49778778
10040113 217143611
58410026 32122102
50583474 39762199
50583474 39706182
172143436 58180458
21576960 32564891
39762199 4422263
39762199 39706182
39762199 57650259
39762199 58371009
39762199 62417314
39762199 11310713
39762199 152674843
39762199 49778778
39762199 748333983
39762199 72690477
39762199 2328176
39762199 32564891
39762199 50753643
39762199 26148034
39762199 50634850
39762199 152812216
39762199 50583474
39762199 58085043
152581741 52553302
152581741 152619210
152581741 2328176
152581741 169668329
152581741 160503264
152581741 58085043
58180458 172143436
58180458 13969437
72690477 109129301
72690477 39762199
72690477 152812216
72690477 30053109
30053109 72690477
39706182 39762199
39706182 50583474
217143611 10040113
50634850 753894340
50634850 75371259
50634850 39762199
152622915 152619687
164082903 33385855
164082903 152619687
164082903 543913045
26148034 39762199
54622179 10040113
50753643 39762199
50753643 30053109
462206262 10040113
501147996 152812216
160503264 152581741
160503264 10040113
160503264 298849323
152619210 107472275
152619210 152581741
4422263 39762199
58371009 39762199
57650259 39762199
57650259 152812216
57650259 32122102
58085043 39762199
58085043 152581741
58085043 421485712
58085043 753894340
58085043 297785804
57646012 62417314
57646012 152812216
624259833 54317043
756533833 58180458
756533833 25301660
756533833 13969437
32564891 21576960
32564891 39762199
32564891 3617634
152674843 39762199
44979472 152848135
25301660 756533833
50839981 152581741
33385855 152619687
33385855 164082903
297785804 58085043
109129301 72690477
152812216 72690477
152812216 39762199
152812216 58410026
152812216 57650259
152812216 501147996
152812216 57646012
152812216 32122102
152619687 164082903
298849323 10040113
3617634 32564891
32122102 58410026
32122102 152812216
32122102 57650259
49778778 39762199
49778778 298849323
49778778 10040113
75371259 50634850
11310713 39762199
543913045 152619687
543913045 164082903
169668329 152581741
421485712 58085043
107472275 152619210
