58351594 127167744
58103742 11675063
58103742 127167744
58330112 58254932
152680931 6156931
152680931 58404319
152680931 15559173
152680931 127167744
152680931 45162148
152680931 298852631
152680931 11675063
152680931 128732330
152680931 57648767
152680931 126191432
58254932 54971945
58254932 677274711
58254932 58059311
58254932 677193430
58254932 6156931
58254932 58404319
58254932 754976729
58254932 58320483
58254932 15559173
58254932 607105854
58254932 127167744
58254932 58330112
58254932 54405248
58254932 45161830
58254932 57638733
58254932 668794805
58254932 11675063
58254932 56937114
58254932 126191432
152934942 11675063
152934942 127167744
607105854 54971945
607105854 58352306
607105854 58059311
607105854 127167744
607105854 26885824
605005087 15559173
605005087 127167744
605005087 599246559
605005087 152523615
57651253 6156931
378161193 126191432
378161193 11675063
378161193 127167744
55045913 54971945
55045913 127167744
58296738 58352306
58296738 58404319
58296738 754976729
58296738 127167744
58296738 668794805
15559173 152680931
15559173 58352306
15559173 91245499
15559173 756612681
15559173 299743510
15559173 57648124
15559173 6156931
15559173 58404319
15559173 45820532
15559173 127167744
15559173 57646380
15559173 4282591
15559173 39456216
15559173 106412631
15559173 58254932
15559173 599246559
15559173 52584264
15559173 45161830
15559173 57638733
15559173 21555542
15559173 605005087
15559173 58175581
15559173 11675063
15559173 26885824
15559173 56937114
15559173 128732330
15559173 92196675
15559173 29599526
106412631 58059311
106412631 152934942
106412631 57648767
54405248 58352306
54405248 299743510
54405248 127167744
54405248 152523615
54405248 220594216
169130261 126191432
57648124 9287257
57648124 54971945
57648124 58352306
57648124 6156931
57648124 15559173
57648124 127167744
57648124 45162148
57648124 11675063
57648124 26885824
57648124 56937114
57648124 128732330
57648124 29599526
677274711 127167744
677274711 58254932
677274711 11675063
754976729 54971945
754976729 152817957
754976729 58352306
754976729 299743510
754976729 6156931
754976729 127167744
754976729 58254932
754976729 52584264
754976729 35749013
34489089 127167744
34489089 27438606
34489089 11675063
5046917 127167744
5046917 11675063
54971945 9287257
54971945 58352306
54971945 57648124
54971945 6156931
54971945 58320483
54971945 45820532
54971945 127167744
54971945 57646380
54971945 4282591
54971945 152579695
54971945 33837086
54971945 45162148
54971945 220594216
54971945 58254932
54971945 52584264
54971945 298852631
54971945 55045913
54971945 35261756
54971945 299597202
54971945 668794805
54971945 11675063
54971945 35749013
54971945 677319102
54971945 29599526
449604595 54971945
449604595 58352306
449604595 57648124
449604595 127167744
449604595 668794805
449604595 11675063
449604595 35749013
57646380 54971945
57646380 756612681
57646380 6156931
57646380 15559173
57646380 127167744
57646380 4282591
57646380 152579695
57646380 45162148
57646380 58175581
57646380 11675063
57646380 56937114
57646380 57648767
57646380 126191432
756612681 54971945
756612681 152817957
756612681 91245499
756612681 15559173
756612681 127167744
756612681 57646380
756612681 4282591
756612681 39456216
756612681 45162148
756612681 142700268
756612681 45161830
756612681 11675063
756612681 92196675
756612681 29599526
26885824 9287257
26885824 58352306
26885824 58059311
26885824 58320483
26885824 15559173
26885824 607105854
26885824 127167744
26885824 4282591
26885824 45162148
26885824 11675063
26885824 56937114
26885824 92196675
26885824 29599526
152712708 58059311
152712708 127167744
152712708 56937114
668794805 54971945
668794805 127167744
668794805 52584264
668794805 298852631
126191432 92196675
126191432 169130261
126191432 35749013
126191432 6156931
126191432 128732330
126191432 152680931
126191432 58404319
126191432 11675063
126191432 9287257
126191432 58059311
126191432 378161193
126191432 126587696
126191432 57646380
126191432 57648124
126191432 58254932
126191432 299743510
126191432 58016000
126191432 27438606
126191432 668794805
126191432 58320483
126191432 45161830
126191432 677193430
126191432 4282591
126191432 541460331
126191432 31000931
126191432 29599526
58404319 9287257
58404319 152680931
58404319 58059311
58404319 15559173
58404319 127167744
58404319 45162148
58404319 58254932
58404319 45161830
58404319 11675063
58404319 58296738
58404319 128732330
58404319 126191432
58404319 29599526
421462313 127167744
152523615 54971945
152523615 58320483
152523615 127167744
152523615 605005087
302505150 599246559
302505150 11675063
57648767 45162148
57648767 57646380
57648767 9287257
57648767 152680931
57648767 56937114
57648767 106412631
57648767 58320483
57648767 655719521
57648767 31000931
152579969 45162148
299743510 9287257
299743510 58016000
299743510 54971945
299743510 58352306
299743510 655719521
299743510 754976729
299743510 58320483
299743510 15559173
299743510 127167744
299743510 4282591
299743510 54405248
299743510 220594216
299743510 599246559
299743510 52584264
299743510 298851078
299743510 128732330
299743510 126191432
128732330 9287257
128732330 35261756
128732330 127167744
128732330 58404319
11675063 9287257
11675063 152680931
11675063 58016000
11675063 34489089
11675063 54971945
11675063 58352306
11675063 5046917
11675063 677274711
11675063 756612681
11675063 58059311
11675063 57648124
11675063 302505150
11675063 6156931
11675063 126587696
11675063 58404319
11675063 58320483
11675063 15559173
11675063 127167744
11675063 57646380
11675063 4282591
11675063 58330112
11675063 33837086
11675063 39456216
11675063 45162148
11675063 58103742
11675063 220594216
11675063 58254932
11675063 378161193
11675063 45161830
11675063 271400229
11675063 64639931
11675063 57638733
11675063 21555542
11675063 605005087
11675063 298852631
11675063 27438606
11675063 58175581
11675063 35749013
11675063 449604595
11675063 26885824
11675063 56937114
11675063 298851078
11675063 677319102
11675063 128732330
11675063 92196675
11675063 152934942
11675063 126191432
11675063 31000931
11675063 29599526
57638733 58352306
57638733 15559173
57638733 127167744
57638733 58254932
57638733 11675063
57638733 449604595
57638733 128732330
220594216 152680931
220594216 58352306
220594216 127167744
220594216 54405248
220594216 52584264
220594216 11675063
152817957 756612681
152817957 754976729
152817957 127167744
152817957 45162148
152817957 35749013
152817957 26885824
152817957 56937114
152817957 128732330
83495930 127167744
29599526 127167744
29599526 58059311
29599526 126191432
29599526 4282591
29599526 11675063
29599526 58404319
29599526 57648124
29599526 142700268
29599526 15559173
29599526 45162148
29599526 9287257
29599526 54971945
29599526 56937114
29599526 26885824
29599526 45161830
29599526 756612681
29599526 58352306
29599526 599246559
52584264 58059311
52584264 754976729
52584264 15559173
52584264 127167744
52584264 220594216
52584264 45161830
52584264 64639931
52584264 55045913
52584264 668794805
52584264 58352306
52584264 35749013
27438606 34489089
27438606 58059311
27438606 4282591
27438606 152579695
27438606 11675063
45161830 9287257
45161830 54971945
45161830 152817957
45161830 756612681
45161830 58059311
45161830 677193430
45161830 299743510
45161830 6156931
45161830 58404319
45161830 754976729
45161830 15559173
45161830 127167744
45161830 45162148
45161830 677334214
45161830 58254932
45161830 21555542
45161830 55045913
45161830 152676972
45161830 668794805
45161830 11675063
45161830 26885824
45161830 298851078
45161830 128732330
45161830 92196675
45161830 126191432
45161830 29599526
677334214 205885541
677334214 58320483
677334214 127167744
677334214 4282591
677334214 45162148
677334214 220594216
677334214 56937114
142700268 756612681
142700268 127167744
142700268 29599526
35261756 127167744
35261756 668794805
35261756 128732330
299597202 54971945
299597202 127167744
299597202 11675063
58059311 9287257
58059311 58352306
58059311 152712708
58059311 6156931
58059311 58404319
58059311 607105854
58059311 127167744
58059311 4282591
58059311 152579695
58059311 106412631
58059311 58254932
58059311 52584264
58059311 45161830
58059311 298852631
58059311 27438606
58059311 58175581
58059311 11675063
58059311 26885824
58059311 126191432
58059311 541460331
58059311 31000931
58059311 29599526
39456216 756612681
39456216 15559173
39456216 127167744
39456216 4282591
39456216 11675063
599246559 54971945
599246559 58352306
599246559 299743510
599246559 57648124
599246559 302505150
599246559 126587696
599246559 58320483
599246559 15559173
599246559 45820532
599246559 127167744
599246559 4282591
599246559 45161830
599246559 605005087
599246559 35261756
599246559 35749013
599246559 26885824
599246559 128732330
599246559 541460331
599246559 29599526
4282591 54971945
4282591 58352306
4282591 91245499
4282591 58059311
4282591 299743510
4282591 205890996
4282591 15559173
4282591 127167744
4282591 57646380
4282591 39456216
4282591 45162148
4282591 677334214
4282591 599246559
4282591 298852631
4282591 55045913
4282591 27438606
4282591 668794805
4282591 11675063
4282591 152523615
4282591 26885824
4282591 92196675
4282591 29599526
45162148 9287257
45162148 152680931
45162148 152579969
45162148 54971945
45162148 152817957
45162148 58352306
45162148 152712708
45162148 756612681
45162148 57648124
45162148 58404319
45162148 205890996
45162148 15559173
45162148 127167744
45162148 57646380
45162148 4282591
45162148 677334214
45162148 45161830
45162148 21555542
45162148 152676972
45162148 11675063
45162148 35749013
45162148 26885824
45162148 56937114
45162148 298851078
45162148 57648767
45162148 29599526
6156931 152680931
6156931 54971945
6156931 58352306
6156931 58059311
6156931 655719521
6156931 15559173
6156931 127167744
6156931 57651253
6156931 45161830
6156931 11675063
6156931 26885824
205885541 11675063
205885541 677334214
205885541 127167744
677319102 45161830
677319102 11675063
677319102 54971945
677319102 127167744
33837086 9287257
33837086 58016000
33837086 54971945
33837086 6156931
33837086 127167744
33837086 11675063
655719521 91245499
655719521 299743510
655719521 58320483
655719521 127167744
655719521 45161830
655719521 56937114
655719521 57648767
541460331 126191432
541460331 58059311
541460331 127167744
541460331 599246559
64639931 127167744
64639931 11675063
58016000 127167744
58016000 33837086
58016000 11675063
58016000 126191432
298852631 152680931
298852631 54971945
298852631 58059311
298852631 127167744
298852631 4282591
298852631 668794805
298852631 11675063
56937114 9287257
56937114 54971945
56937114 152817957
56937114 58352306
56937114 152712708
56937114 57648124
56937114 655719521
56937114 58320483
56937114 15559173
56937114 45820532
56937114 127167744
56937114 57646380
56937114 39456216
56937114 45162148
56937114 677334214
56937114 58254932
56937114 52584264
56937114 21555542
56937114 11675063
56937114 35749013
56937114 26885824
56937114 298851078
56937114 677319102
56937114 92196675
56937114 152934942
56937114 57648767
56937114 29599526
28202763 127167744
91245499 756612681
91245499 655719521
91245499 15559173
91245499 127167744
91245499 4282591
57579594 58352306
57579594 127167744
45820532 58352306
45820532 15559173
45820532 127167744
45820532 599246559
45820532 668794805
45820532 35749013
45820532 56937114
31000931 11675063
31000931 127167744
31000931 58059311
31000931 126191432
31000931 57648767
58175581 54971945
58175581 58059311
58175581 15559173
58175581 127167744
58175581 57646380
58175581 668794805
58175581 11675063
10307646 127167744
126587696 127167744
126587696 599246559
126587696 11675063
9287257 54971945
9287257 58059311
9287257 299743510
9287257 58404319
9287257 127167744
9287257 33837086
9287257 45162148
9287257 45161830
9287257 11675063
9287257 26885824
9287257 58352306
9287257 57648767
9287257 126191432
9287257 29599526
21555542 58352306
21555542 15559173
21555542 127167744
21555542 45162148
21555542 45161830
21555542 11675063
152676972 127167744
152676972 45162148
271400229 127167744
271400229 11675063
152629206 127167744
205890996 45162148
205890996 127167744
677193430 127167744
677193430 126191432
677193430 668794805
677193430 64639931
677193430 58254932
35749013 152680931
35749013 54971945
35749013 299743510
35749013 57648124
35749013 754976729
35749013 45820532
35749013 127167744
35749013 39456216
35749013 54405248
35749013 45162148
35749013 220594216
35749013 599246559
35749013 668794805
35749013 11675063
35749013 56937114
35749013 58352306
35749013 58320483
35749013 52584264
35749013 128732330
35749013 92196675
58302262 54405248
298851078 11675063
298851078 127167744
58352306 54971945
58352306 58059311
58352306 57648124
58352306 6156931
58352306 655719521
58352306 754976729
58352306 15559173
58352306 45820532
58352306 4282591
58352306 152579695
58352306 54405248
58352306 45162148
58352306 21555542
58352306 57579594
58352306 11675063
58352306 26885824
58352306 56937114
58352306 58320483
58352306 52584264
58352306 35749013
58352306 677319102
58352306 128732330
58352306 29599526
92196675 45161830
92196675 58352306
92196675 15559173
92196675 26885824
92196675 54971945
92196675 4282591
92196675 35749013
92196675 52584264
92196675 11675063
92196675 127167744
92196675 57648124
92196675 756612681
92196675 126191432
152579695 54971945
152579695 58352306
152579695 58059311
152579695 127167744
152579695 27438606
58320483 299743510
58320483 655719521
58320483 677334214
58320483 58254932
58320483 11675063
58320483 449604595
58320483 26885824
58320483 56937114
58320483 35749013
58320483 57648767
