25012223 152571980
25012223 534485222
25012223 27847268
25012223 130514411
25012223 302804816
25012223 528458867
25012223 56952007
25012223 44965591
25012223 233564395
25012223 152519821
25012223 525565855
25012223 58166710
25012223 685400587
25012223 299333601
25012223 298858689
25012223 195186445
25012223 65432530
25012223 33235657
25012223 52579526
25012223 757300609
25012223 545028287
25012223 142525140
58056244 350403155
58056244 477847025
58056244 33235657
25858287 209005500
25858287 582080147
25858287 57645595
25858287 152571980
25858287 33235657
582080147 25858287
118249472 27847268
118249472 58150993
118249472 56025753
118249472 540080
118249472 58049591
118249472 142525140
118249472 33235657
58309826 33235657
138958176 350403155
138958176 58300710
138958176 57645595
138958176 233564395
138958176 685400587
138958176 477847025
138958176 58150993
138958176 58095172
138958176 195186445
138958176 65432530
138958176 33235657
138958176 757300609
142525140 25012223
142525140 152857525
142525140 118249472
142525140 130514411
142525140 310591413
142525140 528458867
142525140 195186445
142525140 540080
142525140 534485222
142525140 528401733
142525140 69840057
350155416 350403155
350155416 57645595
350155416 310591413
142765040 128834989
142765040 195186445
142765040 33235657
58049591 25012223
58049591 528401733
58049591 78905646
58049591 97088788
168651450 310591413
168651450 233564395
168651450 540080
168651450 56025753
168651450 311238256
168651450 25012223
168651450 152571980
168651450 138958176
168651450 757300609
168651450 33235657
168651450 58049591
152571980 152833263
152571980 540080
152571980 25012223
152571980 477847025
152571980 25858287
152571980 58150993
152571980 528401733
152571980 195186445
477847025 350403155
477847025 58300710
477847025 25012223
477847025 33235657
477847025 58049591
477847025 163956815
477847025 168651450
56952007 350403155
56952007 114476215
56952007 457883733
56952007 477847025
56952007 298858689
56952007 227190711
299333601 350403155
299333601 25012223
310591413 534485222
310591413 350403155
310591413 58300710
310591413 528573304
310591413 130514411
310591413 114476215
310591413 528458867
310591413 457883733
310591413 44965591
310591413 302585711
310591413 233564395
310591413 92027015
310591413 138560652
310591413 525565855
310591413 58166710
310591413 540080
310591413 25012223
310591413 685400587
310591413 155418922
310591413 302804816
310591413 350155416
310591413 128834989
310591413 58150993
310591413 56025753
310591413 168651450
310591413 528401733
310591413 58049591
310591413 227190711
310591413 58095172
310591413 195186445
310591413 142525140
310591413 545028287
310591413 757300609
310591413 52579526
310591413 65432530
830487789 424518058
830487789 56025753
299171469 44965591
299171469 457883733
56025753 114476215
56025753 457883733
56025753 233564395
56025753 540080
56025753 25012223
56025753 830487789
56025753 310591413
56025753 138958176
56025753 58150993
56025753 168651450
56025753 528401733
56025753 58049591
56025753 69840057
56025753 195186445
56025753 33235657
791742991 540080
233564395 52579526
233564395 195186445
233564395 227190711
233564395 168651450
233564395 25012223
233564395 540080
233564395 56025753
58095172 457883733
58095172 138958176
474951834 195186445
474951834 65432530
474951834 33235657
210981414 114476215
210981414 457883733
210981414 33235657
210981414 168651450
300235371 540080
300235371 195186445
69840057 56025753
69840057 138560652
69840057 540080
69840057 538715030
69840057 83559631
69840057 58049591
69840057 302804816
69840057 534485222
69840057 195186445
69840057 142525140
69840057 33235657
58166710 310591413
58166710 130514411
58166710 25012223
78905646 58309826
78905646 58049591
78905646 33235657
78905646 195186445
65432530 138958176
65432530 474951834
65432530 195186445
65432530 310591413
65432530 25012223
65432530 33235657
33235657 118249472
33235657 128834989
33235657 152857525
33235657 78905646
33235657 302804816
33235657 534485222
33235657 302585711
33235657 540080
33235657 662296312
33235657 65432530
33235657 130514411
33235657 56025753
33235657 298858689
33235657 138958176
33235657 298849096
33235657 69840057
33235657 474951834
33235657 25012223
33235657 58309826
33235657 195186445
33235657 528458867
33235657 457883733
33235657 163956815
33235657 82902769
33235657 168651450
33235657 58056244
33235657 142765040
33235657 25858287
33235657 152519821
33235657 58150993
33235657 685400587
33235657 57645595
33235657 35237377
33235657 227190711
33235657 477847025
33235657 52579526
33235657 97088788
114476215 350403155
114476215 58300710
114476215 310591413
114476215 210981414
114476215 138958176
114476215 457883733
114476215 56952007
114476215 534485329
114476215 56025753
114476215 540080
114476215 35237377
114476215 163956815
114476215 528401733
114476215 58049591
114476215 227190711
114476215 33235657
83559631 195186445
128834989 534485222
128834989 142765040
128834989 540080
128834989 310591413
128834989 195186445
128834989 33235657
128834989 52579526
128834989 545028287
27847268 118249472
27847268 540080
27847268 25012223
525565855 534485222
525565855 350403155
525565855 302804816
525565855 540080
525565855 528401733
525565855 195186445
528458867 310591413
528458867 540080
528458867 25012223
528458867 33235657
528458867 142525140
298858689 56952007
298858689 525565855
298858689 25012223
298858689 33235657
662296312 92027015
662296312 540080
662296312 35237377
662296312 33235657
662296312 52579526
209005500 25858287
302804816 350403155
302804816 58300710
302804816 457883733
302804816 525565855
302804816 540080
302804816 25012223
302804816 152571980
302804816 310591413
302804816 138958176
302804816 58150993
302804816 163956815
302804816 757300609
302804816 33235657
302804816 195186445
302804816 69840057
302804816 58049591
152519821 757300609
152519821 33235657
152519821 195186445
152519821 25012223
152519821 540080
152833263 152571980
534485222 58300710
534485222 528573304
534485222 130514411
534485222 138958176
534485222 457883733
534485222 233564395
534485222 92027015
534485222 525565855
534485222 128834989
534485222 540080
534485222 25012223
534485222 477847025
534485222 142525140
534485222 757300609
534485222 33235657
534485222 195186445
534485222 227190711
534485222 69840057
52579526 662296312
52579526 33235657
52579526 233564395
52579526 138958176
52579526 128834989
52579526 457883733
52579526 528401733
52579526 152571980
52579526 310591413
52579526 195186445
52579526 25012223
52579526 757300609
57645595 130514411
57645595 138958176
57645595 350155416
57645595 25858287
57645595 33235657
457883733 534485222
457883733 58300710
457883733 310591413
457883733 210981414
457883733 130514411
457883733 302804816
457883733 114476215
457883733 56025753
457883733 540080
457883733 299171469
457883733 52579526
457883733 33235657
457883733 195186445
457883733 58095172
457883733 227190711
457883733 58049591
457883733 528401733
103087635 58049591
44965591 540080
227190711 457883733
227190711 233564395
227190711 757300609
227190711 33235657
227190711 195186445
61937296 58049591
58150993 118249472
58150993 138958176
58150993 298849096
58150993 33235657
685400587 152571980
685400587 33235657
685400587 195186445
685400587 58049591
685400587 477847025
685400587 25012223
685400587 540080
685400587 138958176
163956815 302804816
163956815 528573304
163956815 424518058
163956815 155418922
163956815 114476215
163956815 477847025
163956815 227190711
163956815 33235657
424518058 83559631
424518058 830487789
424518058 163956815
424518058 195186445
302585711 350403155
302585711 540080
302585711 33235657
302585711 757300609
534485329 350403155
534485329 210981414
534485329 114476215
92027015 350403155
92027015 130514411
130514411 534485222
130514411 350403155
130514411 310591413
130514411 57645595
130514411 457883733
130514411 92027015
130514411 58166710
130514411 25012223
130514411 477847025
130514411 528401733
130514411 195186445
130514411 33235657
130514411 757300609
130514411 545028287
130514411 142525140
528401733 540080
528401733 56025753
528401733 525565855
528401733 128834989
528401733 310591413
528401733 114476215
528401733 457883733
528401733 58300710
528401733 130514411
528401733 25012223
528401733 58049591
528401733 142525140
528401733 545028287
528401733 33235657
528401733 195186445
311238256 477847025
311238256 58049591
82902769 33235657
152857525 58150993
152857525 142525140
152857525 757300609
152857525 33235657
152857525 195186445
152857525 69840057
195186445 457883733
195186445 152571980
195186445 168651450
195186445 685400587
195186445 25012223
195186445 227190711
195186445 310591413
195186445 83559631
195186445 302804816
195186445 78905646
195186445 128834989
195186445 474951834
195186445 424518058
195186445 233564395
195186445 300235371
195186445 58049591
195186445 138560652
195186445 152857525
195186445 540080
195186445 298858689
195186445 836482982
195186445 35237377
195186445 528401733
195186445 525565855
195186445 142765040
195186445 69840057
195186445 58150993
195186445 152519821
195186445 534485222
195186445 56025753
195186445 130514411
195186445 58300710
195186445 138958176
195186445 155418922
195186445 56952007
195186445 65432530
195186445 33235657
195186445 52579526
195186445 142525140
195186445 545028287
195186445 97088788
195186445 757300609
97088788 195186445
97088788 540080
97088788 33235657
97088788 58049591
757300609 534485222
757300609 195186445
757300609 302804816
757300609 138958176
757300609 310591413
757300609 152519821
757300609 227190711
757300609 540080
757300609 52579526
545028287 58049591
545028287 130514411
545028287 33235657
545028287 25012223
545028287 528401733
545028287 128834989
545028287 195186445
545028287 540080
545028287 310591413
35237377 114476215
35237377 138958176
35237377 662296312
35237377 33235657
35237377 195186445
836482982 195186445
540080 152571980
540080 534485222
540080 27847268
540080 56194130
540080 302804816
540080 152857525
540080 44965591
540080 302585711
540080 233564395
540080 92027015
540080 138560652
540080 152519821
540080 525565855
540080 128834989
540080 83559631
540080 662296312
540080 56025753
540080 25012223
540080 35237377
540080 69840057
540080 195186445
540080 298849096
540080 33235657
540080 757300609
540080 97088788
540080 545028287
540080 142525140
199974944 350403155
199974944 58049591
298849096 350403155
