16369344 58334653
152680931 57650210
152680931 40396607
152680931 25383677
38600884 58334653
58034001 57650210
58034001 58334653
298850753 40396607
177130220 25383677
177130220 58334653
642499853 58334653
368761100 58334653
58177853 4755791
58177853 60285836
58177853 58334653
58177853 57608010
58177853 25383677
58177853 57650210
25383677 152680931
25383677 4755791
25383677 58177853
25383677 177130220
25383677 58334653
25383677 57650210
57608010 58334653
57608010 58177853
58334653 4755791
58334653 58177853
58334653 25383677
58334653 57650210
40396607 152680931
40396607 298850753
40396607 58174709
40396607 58334653
4755791 58174709
4755791 58177853
4755791 58334653
4755791 25383677
505489438 57650210
58370682 60285836
58370682 58334653
57650210 152680931
57650210 505489438
57650210 58034001
57650210 58174709
57650210 58334653
57650210 25383677
299445761 60285836
299445761 58334653
97748364 58334653
58174709 40396607
58174709 4755791
58370743 58334653
60285836 58370682
60285836 58177853
60285836 58334653
57483460 58334653
