440865981 606488775
440865981 97997072
440865981 3589339
1074897 32578561
388742822 143159507
388742822 32578561
388742822 3589339
136185634 3589339
210995706 30877049
210995706 3589339
183032322 32578561
183032322 3589339
16591532 32578561
132723654 160326954
132723654 3589339
57184626 32578561
57184626 3589339
34656046 32578561
34656046 3589339
54635414 143159507
54635414 367915374
54635414 32578561
54635414 833463945
54635414 3589339
22876911 232694428
449117906 32578561
449117906 3589339
37147489 440787065
37147489 32578561
37147489 138101390
37147489 345980188
37147489 18412978
37147489 232694428
37147489 160307231
37147489 448508109
37147489 211009804
37147489 183032322
37147489 160326954
185562633 32578561
5101887 32578561
5101887 72852657
5101887 34377805
5101887 97997072
5101887 3589339
21424270 32578561
21424270 3589339
820207308 143159507
820207308 32578561
820207308 350165096
820207308 3589339
440890656 32578561
440890656 3589339
143159507 820207308
143159507 367915374
143159507 32578561
143159507 49091949
143159507 440894943
143159507 72852657
143159507 34377805
143159507 731597253
143159507 350165096
143159507 232694428
143159507 130749965
143159507 160307231
143159507 201567522
143159507 160326954
143159507 733477515
143159507 97997072
143159507 606488805
143159507 440799693
143159507 211009804
446061443 32578561
446061443 3589339
440894943 143159507
440894943 32578561
49091949 143159507
49091949 3589339
49091949 215942799
49091949 160326954
49091949 731597253
49091949 32578561
183888478 32578561
183888478 833463954
183888478 7292235
183888478 29976319
183888478 3589339
200315118 143159507
200315118 32578561
200315118 3589339
3589339 49091949
3589339 7292235
3589339 210995706
3589339 166621848
3589339 132723654
3589339 30877049
3589339 232694428
3589339 59609051
3589339 130749965
3589339 97997072
3589339 345980188
3589339 606488775
3589339 34377805
3589339 136185634
3589339 211009804
3589339 49401226
3589339 450334810
3589339 32578561
3589339 5101887
3589339 350165096
3589339 72852657
3589339 440787065
3589339 367915374
3589339 54635414
3589339 138101390
3589339 215942799
138101390 32578561
138101390 3589339
138101390 37147489
138101390 232694428
138101390 18412978
606488775 32578561
606488775 440865981
606488775 3589339
28270958 130749965
218205753 32578561
218205753 97997072
59609051 32578561
59609051 232694428
253606699 32578561
253606699 3589339
345980188 32578561
345980188 18412978
345980188 130749965
345980188 37147489
345980188 97997072
345980188 3589339
160326954 143159507
160326954 32578561
160326954 49091949
160326954 132723654
160326954 37147489
634821145 3589339
32578561 440787065
32578561 820207308
32578561 138101390
32578561 218205753
32578561 345980188
32578561 72852657
32578561 34377805
32578561 18412978
32578561 7292235
32578561 54635414
32578561 731597253
32578561 232694428
32578561 130749965
32578561 37147489
32578561 16591532
32578561 31747945
32578561 97997072
32578561 183032322
32578561 34656046
32578561 5101887
32578561 215942799
32578561 3589339
449545342 31067991
72852657 32578561
72852657 3589339
72852657 5101887
72852657 97997072
72852657 130749965
72852657 232694428
72852657 34377805
160307231 143159507
160307231 833463954
160307231 322123980
160307231 144771052
440782574 3589339
731597253 143159507
731597253 32578561
731597253 49091949
144771052 32578561
144771052 72852657
144771052 160307231
144771052 183032322
215942799 32578561
215942799 49091949
215942799 130749965
215942799 3589339
201567522 143159507
201567522 32578561
201567522 3589339
18412978 32578561
18412978 138101390
18412978 345980188
18412978 232694428
18412978 130749965
18412978 448508109
18412978 37147489
18412978 97997072
34377805 32578561
34377805 72852657
34377805 232694428
34377805 97997072
34377805 5101887
34377805 3589339
7292235 32578561
7292235 183888478
7292235 440866040
7292235 3589339
14067630 143159507
14067630 32578561
14067630 701027883
14067630 29976319
14067630 97997072
14067630 211009804
14067630 3589339
701027883 14067630
701027883 32578561
701027883 3589339
833463954 183888478
833463954 160307231
31067991 449545342
300065412 440787065
300065412 32578561
232694428 32578561
232694428 138101390
232694428 72852657
232694428 34377805
232694428 18412978
232694428 22876911
232694428 97997072
232694428 3589339
367915374 143159507
367915374 218205753
367915374 3589339
155711756 32578561
67931972 32578561
67931972 440866040
67931972 3589339
97997072 32578561
97997072 72852657
97997072 34377805
97997072 130749965
97997072 5101887
97997072 3589339
60477002 49401226
60477002 30877049
60477002 3589339
523274472 32578561
523274472 3589339
448508109 18412978
299142757 32578561
31747945 32578561
31747945 3589339
833552420 32578561
29976319 14067630
29976319 32578561
29976319 183888478
29976319 3589339
820177365 32578561
820177365 3589339
440787065 32578561
440787065 300065412
440787065 3589339
301591297 32578561
601748785 32578561
601748785 3589339
49401226 60477002
49401226 3589339
130749965 32578561
130749965 97997072
130749965 3589339
678976437 30877049
211009804 32578561
211009804 37147489
211009804 3589339
301492345 32578561
606486997 32578561
606486997 3589339
322123980 160307231
350165096 143159507
350165096 32578561
350165096 130749965
350165096 3589339
166621848 820207308
166621848 143159507
166621848 32578561
166621848 18412978
166621848 211009804
166621848 3589339
30877049 678976437
30877049 18412978
30877049 606488775
30877049 3589339
836611566 32578561
440866040 32578561
440866040 7292235
440866040 3589339
450334810 3589339
440799693 143159507
440799693 32578561
440799693 3589339
