18195750 27228910
18195750 78641699
18195750 322901599
31416817 27228910
370840161 27228910
96048497 27228910
22763092 144552803
215864105 27228910
155735905 27228910
384279569 27228910
60912518 27228910
60912518 12661934
86230590 27228910
4725947 27228910
39657063 27228910
26604739 27228910
289186021 27228910
144539437 131923311
13112225 27228910
350315926 27228910
26936479 50633013
26936479 163982977
50607282 27228910
301565884 27228910
58391084 27228910
38492061 27228910
249239742 27228910
249239742 131923311
50633013 27228910
50633013 131923311
32681871 27228910
32681871 29564817
434648329 27228910
745844346 27228910
21917799 27228910
21917799 258128083
206649866 27228910
127978308 27228910
566012303 27228910
45388790 27228910
45388790 155642245
45388790 163951384
78641699 27228910
78641699 18195750
171440228 27228910
322901599 131923311
322901599 18195750
165184502 27228910
104635672 27228910
33090843 27228910
89947875 27228910
477825721 27228910
32677910 27228910
155611548 27228910
549667740 27228910
177514838 27228910
131923311 27228910
131923311 123455557
131923311 50633013
131923311 322901599
131923311 249239742
131923311 12661934
131923311 144539437
692283264 27228910
298803568 27228910
27347760 27228910
27228910 38492061
27228910 60975026
27228910 692283264
27228910 578992083
128068595 27228910
155439709 27228910
231557055 27228910
231557055 50633013
39523750 27228910
60975026 27228910
60975026 39523750
144552803 27228910
144552803 22763092
347346186 27228910
142705325 27228910
185612667 27228910
30711096 27228910
12661934 27228910
12661934 60912518
12661934 131923311
5115830 27228910
36898433 27228910
36898433 22763092
445734294 27228910
836610593 27228910
72228195 27228910
289193007 27228910
131807161 27228910
10976515 27228910
4581547 27228910
836611780 27228910
258128083 27228910
258128083 21917799
59685271 27228910
364085290 27228910
333373111 27228910
546609795 27228910
153614059 27228910
29564817 27228910
299476735 27228910
836611640 27228910
155642245 27228910
155642245 45388790
10504086 27228910
163982977 27228910
29435567 27228910
114404227 27228910
123455557 131923311
578992083 27228910
225291686 27228910
