518862033 73210416
518862033 81500820
518862033 152733117
518862033 130377564
785131603 57346094
81500820 581295694
81500820 58159969
81500820 152733117
81500820 18143157
20614210 582200993
20614210 581295694
20614210 58159969
20614210 73210416
20614210 57346094
20614210 65253509
20614210 18143157
20614210 130377564
130377564 18143157
130377564 57346094
130377564 65253509
130377564 581295694
130377564 20614210
581295694 84882183
581295694 582200993
581295694 73210416
581295694 58159969
581295694 57346094
581295694 56878328
581295694 65253509
581295694 18143157
581295694 130377564
582200993 581295694
582200993 58159969
582200993 57346094
833345008 57346094
73210416 581295694
73210416 534783739
73210416 56878328
73210416 111615175
73210416 20614210
73210416 57346094
73210416 18143157
73210416 130377564
111615175 20614210
111615175 73210416
111615175 58159969
111615175 57346094
111615175 65253509
111615175 18143157
534783739 73210416
534783739 57346094
534783739 18143157
57346094 582200993
57346094 581295694
57346094 534783739
57346094 56878328
57346094 111615175
57346094 20614210
57346094 73210416
57346094 173563522
57346094 65253509
57346094 18143157
57346094 130377564
57346094 833345008
18143157 581295694
18143157 111615175
18143157 20614210
18143157 65253509
18143157 58159969
18143157 173563522
18143157 534783739
18143157 56878328
18143157 73210416
18143157 81500820
18143157 57346094
18143157 84882183
18143157 5813244
18143157 130377564
58159969 582200993
58159969 20614210
58159969 581295694
58159969 81500820
58159969 152733117
58159969 111615175
58159969 18143157
173563522 18143157
56878328 20614210
56878328 73210416
56878328 581295694
56878328 57346094
56878328 18143157
152733117 58159969
152733117 81500820
152733117 518862033
84882183 581295694
84882183 18143157
5813244 18143157
65253509 581295694
65253509 111615175
65253509 20614210
65253509 57346094
65253509 18143157
65253509 130377564
