833377431 134469781
49261222 30902211
49261222 6850003
421480475 134469781
421480475 29235066
29110587 1584817
833347678 582231770
85904386 134469781
85904386 29235066
812521543 134469781
483179095 836611827
85961983 134469781
22769578 18468209
836611827 483179095
152595011 134469781
44832440 134469781
215747976 134469781
13090480 57236990
13090480 6850003
57236990 152934319
57236990 13090480
57236990 6850003
152906562 152934319
582231770 833347678
44911124 152934319
29235066 134469781
29235066 6850003
59847544 134469781
129035362 134469781
78282737 134469781
566322520 134469781
152934319 30902211
210191636 6850003
30902211 152934319
30902211 49261222
30902211 26508154
40225580 71393161
71393161 40225580
6850003 13090480
6850003 29235066
6850003 210191636
6850003 49261222
6850003 57236990
421455363 134469781
421455363 72471441
421455363 215747976
105739701 134469781
26508154 30902211
