132190006 107425099
132190006 40177502
132190006 57644953
152699999 107425099
152699999 151884535
152699999 152921885
152699999 72829579
152482155 107425099
581193901 152679274
581193901 107425099
57651633 107425099
57651633 152728901
152734046 107425099
57652672 107425099
152898182 107425099
152898182 152820892
40177502 152818194
40177502 130338894
40177502 152919732
40177502 151884535
40177502 152856610
40177502 152921885
40177502 152932983
40177502 152620581
40177502 152725750
40177502 152820892
40177502 44754953
152919732 107425099
152919732 40177502
152432582 107425099
107425099 152679274
107425099 58037574
107425099 152919732
107425099 132190006
107425099 152898182
107425099 152899433
107425099 57644953
107425099 152820892
107425099 44754953
152820892 107425099
152820892 58259455
152820892 57644953
58037574 107425099
152727920 107425099
152889001 107425099
581407482 107425099
152818194 107425099
152818194 40177502
177214774 107425099
177214774 152921885
177214774 57644953
152728901 107425099
152728901 152921885
152728901 88588400
152728901 151884535
152728901 57651633
152595135 107425099
44754953 40177502
44754953 107425099
44754953 152856610
57644953 132190006
57644953 177214774
57644953 152820892
58259455 107425099
58259455 152932983
58259455 40177502
58259455 152725750
58259455 152820892
152732364 107425099
459374553 107425099
152856610 107425099
152856610 40177502
152856610 44754953
152932983 107425099
152932983 58259455
152932983 72829579
152932983 40177502
11275875 107425099
11275875 152593149
152839422 107425099
145456335 107425099
145456335 72829579
130338894 107425099
130338894 40177502
152849040 107425099
152725750 107425099
152725750 58259455
152725750 40177502
152725750 72829579
152679274 107425099
152679274 581193901
88588400 107425099
88588400 57644953
88588400 152728901
152620581 107425099
152620581 40177502
152899433 107425099
72829579 107425099
72829579 145456335
72829579 152932983
72829579 152699999
72829579 152725750
151884535 107425099
151884535 152699999
151884535 40177502
151884535 152728901
152921885 107425099
152921885 152728901
152921885 44754953
152695743 107425099
