107218894 58090993
92239242 58352306
92239242 58407829
735765151 58090993
57305917 58090993
57305917 58352306
57305917 659063067
57305917 2371986
57305917 158169517
57305917 57305914
57305917 58425181
57305917 27939919
638440063 2371986
26204967 58090993
26204967 58407829
26204967 2371986
26204967 33758947
26204967 58425181
26204967 27939919
26204967 58352306
307328289 58090993
307328289 37946854
833344916 26204967
833344916 58090993
833344916 58352306
833344916 298830855
833344916 58407829
833344916 57305914
833344916 677267776
833344916 277614826
833344916 27939919
833344916 45163590
58425181 26204967
58425181 58090993
58425181 24865336
58425181 58352306
58425181 56935026
58425181 57341890
58425181 298830855
58425181 58020498
58425181 2371986
58425181 33758947
58425181 158169517
58425181 57305914
58425181 30053710
58425181 57305917
58425181 37454377
58425181 155814469
58425181 210192443
58425181 23261119
58425181 107496427
58425181 15301496
58425181 27939919
58425181 57650556
58425181 82409102
58425181 107496168
58425181 44843235
692807588 24865336
692807588 58352306
56830915 58090993
805298042 57305914
57305914 58090993
57305914 833344916
57305914 58352306
57305914 57341890
57305914 45162009
57305914 33758947
57305914 158169517
57305914 30053710
57305914 833331593
57305914 57305917
57305914 277614826
57305914 23261119
57305914 58425181
57305914 27939919
57305914 45163590
57305914 805298042
833522475 607646600
833522475 29868774
833522475 15301496
44843235 56935026
44843235 27939919
44843235 58425181
194931149 58090993
833331593 58090993
833331593 58352306
833331593 57305914
833331593 107218894
833331593 27939919
425143630 58090993
48970406 58090993
48970406 298830855
48970406 277614826
48970406 27939919
48970406 58395599
11122464 58090993
2371986 26204967
2371986 58090993
2371986 58425181
806229997 58090993
541493266 58090993
541493266 58407829
541493266 29868774
541493266 277614826
24865336 58090993
24865336 692807588
24865336 58425181
24865336 82409102
29868774 58090993
29868774 58352306
29868774 541493266
29868774 33758947
29868774 27939919
29868774 833522475
15301496 58090993
15301496 56935026
15301496 58425181
15301496 833522475
57584544 58090993
57584544 57341890
57584544 58020498
57584544 277614826
57584544 27939919
152815832 58090993
152815832 155814469
58407829 26204967
58407829 58090993
58407829 92239242
58407829 56935026
58407829 298830855
58407829 541493266
58407829 515753038
58407829 33758947
58407829 57305914
58407829 30053710
58407829 27939919
58014585 58090993
107496168 58425181
215743139 58090993
58324529 58090993
155814469 58090993
155814469 210192443
155814469 23261119
155814469 58425181
37946854 58090993
37946854 307328289
23261119 58090993
23261119 33758947
23261119 57305914
23261119 58425181
140308666 58090993
158169517 58090993
158169517 33758947
158169517 57305914
158169517 57305917
158169517 277614826
158169517 27939919
158169517 58425181
82409102 2371986
82409102 58425181
144846418 58090993
144846418 2371986
58390037 2371986
7494975 58090993
57650556 785136952
57650556 210192443
57650556 58425181
56935026 58407829
56935026 277614826
56935026 58425181
56935026 15301496
56935026 58352306
56935026 57341890
56935026 45162009
45163590 833344916
45163590 58352306
45163590 57341890
45163590 33758947
45163590 57305914
45163590 57305917
45163590 27939919
924553 58090993
701499525 58090993
210192443 58090993
210192443 155814469
210192443 58425181
210192443 57650556
659063067 298830855
767815479 58090993
37454377 33758947
37454377 58425181
58090993 2371986
512816742 58090993
607646600 58090993
58020498 58090993
58020498 2371986
58020498 58425181
58020498 57584544
58020498 26204967
58020498 58352306
27939919 26204967
27939919 58090993
27939919 58352306
27939919 33758947
27939919 57305914
27939919 29868774
27939919 58425181
27939919 57584544
27939919 48970406
27939919 58007707
57341890 58090993
57341890 2371986
57341890 57305914
57341890 30053710
57341890 277614826
57341890 58425181
57341890 27939919
57341890 57584544
57341890 45163590
57341890 58352306
57341890 56935026
277614826 58352306
277614826 56935026
277614826 57341890
277614826 298830855
277614826 541493266
277614826 33758947
277614826 158169517
277614826 57305914
277614826 29868774
277614826 27939919
277614826 57584544
277614826 48970406
277614826 58395599
107496427 58425181
58007707 26204967
58007707 58090993
58007707 2371986
58007707 27939919
58007707 57584544
833419438 58090993
45162009 58090993
45162009 33758947
45162009 57305914
45162009 277614826
45162009 27939919
45162009 26204967
45162009 58352306
45162009 56935026
45162009 57341890
515753038 58407829
833297640 58090993
833297640 33758947
833550605 58090993
299893872 58090993
33758947 26204967
33758947 58090993
33758947 58352306
33758947 58407829
33758947 45162009
33758947 158169517
33758947 57305914
33758947 29868774
33758947 37454377
33758947 277614826
33758947 23261119
33758947 58425181
33758947 27939919
33758947 833297640
33758947 45163590
33758947 58395599
58395599 57341890
58395599 57305917
58395599 27939919
58395599 57305914
58395599 58352306
58395599 58090993
58395599 298830855
58395599 33758947
58395599 56935026
58395599 2371986
58395599 48970406
636854711 58090993
298830855 58407829
298830855 659063067
298830855 277614826
298830855 58425181
298830855 27939919
298830855 57584544
298830855 48970406
298830855 58395599
58352306 58090993
58352306 33758947
58352306 57305914
58352306 29868774
58352306 57305917
58352306 58425181
58352306 27939919
58352306 26204967
58352306 56935026
58352306 57341890
58352306 45162009
58352306 58395599
30053710 58090993
30053710 58352306
30053710 57341890
30053710 58407829
30053710 2371986
30053710 57305914
30053710 58425181
30053710 27939919
533473488 58090993
677267776 2371986
