834163760 130217439
836091950 130217439
67857721 36216070
67857721 130217439
155045409 130217439
836098172 130217439
152933107 57644937
152933107 130217439
65398209 30053109
65398209 130217439
152921686 130217439
182714829 130217439
152702882 130217439
57644937 152933736
57644937 152476445
57644937 152933107
57644937 130217439
210192140 130217439
210192140 30053109
47475423 130217439
130426687 130217439
346962205 130217439
5229892 130217439
581467850 130217439
582816451 130217439
528704665 130217439
582026359 130217439
836093149 130217439
30053109 210192140
30053109 130217439
30053109 65398209
581671492 130217439
299503301 130217439
215740084 130217439
830237852 130217439
582443811 130217439
388879898 130217439
581951704 130217439
36216070 67857721
36216070 130217439
152821007 130217439
599674926 130217439
531142789 130217439
152579738 130217439
215744554 130217439
581576669 130217439
152476445 57644937
305679911 130217439
299833682 130217439
539240110 130217439
581574948 130217439
805344840 130217439
812557143 130217439
756773209 130217439
599384609 130217439
669342648 130217439
836097225 130217439
443506340 130217439
581139264 130217439
133531056 130217439
834157076 130217439
806362492 130217439
112853344 107472275
112853344 130217439
112853344 30053109
528216525 130217439
836096189 130217439
214878491 130217439
19877557 130217439
132326713 130217439
62019522 130217439
686198857 130217439
836091697 130217439
581927526 130217439
225247387 130217439
212624941 130217439
252168414 130217439
107472275 112853344
107472275 130217439
102827679 130217439
152933736 57644937
152933736 130217439
695096084 130217439
152785182 130217439
57611249 130217439
601942672 130217439
299207021 130217439
580879314 130217439
687021287 130217439
