77804778 27228910
59547801 27228910
148070856 27228910
148070856 144552035
60912518 27228910
60912518 217197856
60912518 317857093
60912518 16122030
571832726 27228910
289186021 27228910
156153064 27228910
350315926 20965316
350315926 27228910
159839124 27228910
159839124 218247395
71617165 27228910
644486333 27228910
10236878 27228910
64485766 27228910
20965316 27228910
20965316 317857093
20965316 32975017
20965316 350315926
30656846 27228910
114404673 27228910
136229360 27228910
136229360 268476432
136229360 218247395
136229360 29478535
136229360 289193007
136229360 144552035
136229360 75179013
96046955 27228910
267061250 27228910
23387760 27228910
36057610 27228910
16220954 27228910
16220954 125450306
317857093 60912518
317857093 27228910
141298445 27228910
741378869 27228910
4936820 144552035
59665803 27228910
34523696 27228910
34523696 144552035
34523696 132640678
34523696 144551878
21063147 27228910
125450306 16220954
328099475 144551859
328099475 144552035
38187428 27228910
38187428 16122030
711164387 27228910
39669898 27228910
39669898 29478535
833581190 132640678
833389781 27228910
299314115 27228910
16122030 27228910
16122030 60912518
16122030 733950475
16122030 38187428
144551878 144551859
144551878 34523696
144551878 225419904
27228910 216087867
128068595 27228910
144553325 27228910
136656056 27228910
136656056 144551859
136656056 144552035
299439630 27228910
8006095 27228910
32975017 27228910
32975017 20965316
59444431 27228910
59444431 144552035
261303992 27228910
9059584 27228910
217176457 27228910
364802990 27228910
159824093 144552035
15491715 27228910
61984122 144552035
61984122 216087867
61984122 136656056
17447719 27228910
17447719 144552035
733950475 16122030
698691454 27228910
149550422 578723729
289193007 27228910
289193007 136229360
29478535 27228910
503134489 27228910
75179013 27228910
144551859 27228910
144551859 328099475
144551859 144551878
144551859 225419904
144551859 136656056
12263419 27228910
144552035 27228910
144552035 27977943
144552035 218247395
144552035 328099475
144552035 216087867
144552035 59444431
144552035 34523696
144552035 323024972
144552035 61984122
144552035 166114727
144552035 578723729
144552035 149550422
144552035 159824093
144552035 225419904
144552035 148070856
144552035 136656056
144552035 25011726
144552035 136229360
144552035 4936820
302375760 27228910
147995563 27228910
132640678 833581190
579219774 27228910
39005778 27228910
15382630 27228910
289201473 27228910
215952516 27228910
216087867 27228910
216087867 144552035
216087867 61984122
155557961 27228910
453309108 27228910
218247395 27228910
218247395 144552035
218247395 159839124
578723729 27228910
578723729 144552035
578723729 149550422
268476432 27228910
217197856 16122030
217197856 60912518
217197856 27228910
607218277 27228910
27977943 27228910
27977943 144552035
130395575 27228910
35984259 27228910
834698949 27228910
25011726 27228910
25011726 144552035
225419904 144551859
225419904 144552035
225419904 144551878
