84927465 72444095
84927465 175152307
84927465 57646092
84927465 57647194
84927465 57647062
84927465 57566184
84927465 155864695
84927465 18895592
84927465 83108715
84927465 152566159
84927465 27786194
84927465 30376256
84927465 6557757
84927465 57848967
164360360 44869964
164360360 152878097
223889761 18895592
223889761 175164008
223889761 58106972
191205919 18895592
152566159 57652644
152566159 18895592
152566159 150643551
152566159 152878097
152566159 84927465
152566159 57848967
152500687 57646092
210192501 57647194
210192501 20534937
210192501 18895592
210192501 152878097
210192501 44761291
210192501 30376256
210192501 13861473
152856161 18895592
581791487 18895592
9874712 210242220
9874712 20534937
9874712 60691833
9874712 18895592
9874712 57645003
581831243 18895592
83108715 57646092
83108715 79437483
83108715 57647194
83108715 57647062
83108715 85053277
83108715 18895592
83108715 152878097
83108715 84927465
83108715 57651114
83108715 57645003
83108715 13861473
83108715 57848967
442243815 18895592
57602156 18895592
57602156 57651114
57602156 57645003
57602156 57848967
298832389 18895592
128948959 20534937
128948959 18895592
128948959 152878097
128948959 152857317
128948959 27786194
14639753 175152307
14639753 85053277
14639753 60691833
14639753 18895592
18895592 103060305
18895592 57357569
18895592 57646092
18895592 57647062
18895592 298840527
18895592 152878097
18895592 152820455
18895592 223889761
18895592 27786194
18895592 84927465
18895592 19095175
18895592 4422341
18895592 177307470
18895592 44761291
18895592 128948959
18895592 13861473
18895592 6557757
18895592 57848967
18895592 44758749
11001659 18895592
11001659 81968309
58075369 57647194
58075369 18895592
30376256 210192501
30376256 18895592
30376256 27786194
30376256 57645003
30376256 6557757
57647062 175152307
57647062 57646092
57647062 57647194
57647062 20534937
57647062 57566184
57647062 60691833
57647062 152878097
57647062 83108715
57647062 84927465
57647062 57651114
57647062 57645003
57647062 13861473
57647062 57848967
150643551 56930371
150643551 44759542
150643551 8759046
150643551 18895592
150643551 152566159
129642519 57357569
129642519 141347986
129642519 18895592
129642519 210282139
129642519 57645003
152954990 18895592
58037653 18895592
85053277 57646092
85053277 57647194
85053277 31939936
85053277 18895592
85053277 83108715
85053277 14639753
85053277 57651114
85053277 57645003
85053277 57848967
103060305 6978686
103060305 18895592
44758749 18895592
44758749 27786194
44758749 57645003
44758749 57646092
58106972 152712803
58106972 175152307
58106972 57646092
58106972 79437483
58106972 141347986
58106972 57566184
58106972 41568211
58106972 18895592
58106972 210031316
58106972 223889761
58106972 19095175
58106972 210282139
58106972 57645003
58106972 57848967
58106972 152954990
152580749 60691833
152580749 18895592
6978686 103060305
6978686 18895592
44759542 57357569
44759542 18895592
44759542 150643551
44759542 152566159
252360658 18895592
152919044 18895592
27786194 175152307
27786194 152727987
27786194 210242220
27786194 18895592
27786194 152878097
27786194 210031316
27786194 84927465
27786194 81968309
27786194 30376256
27786194 128948959
27786194 57848967
27786194 44758749
79437483 57646092
79437483 8759046
79437483 57566184
79437483 60691833
79437483 18895592
79437483 152878097
79437483 83108715
79437483 57651114
79437483 169134018
79437483 58106972
79437483 210282139
79437483 57645003
79437483 57848967
57652644 57566184
57652644 18895592
57652644 152566159
57652644 57651114
57652644 57645003
152727987 20534937
152727987 18895592
152727987 27786194
229045009 19095175
8759046 45542879
8759046 79437483
8759046 141347986
8759046 18895592
8759046 150643551
8759046 57645003
210282139 152712803
210282139 79437483
210282139 129642519
210282139 57566184
210282139 155864695
210282139 41568211
210282139 18895592
210282139 152656312
210282139 4422341
210282139 58106972
210282139 13861473
210282139 57848967
330692763 175152307
330692763 57646092
330692763 57848967
152820455 60691833
152820455 41568211
152820455 18895592
75871600 57647194
210242220 45542879
210242220 9874712
210242220 57566184
210242220 152857317
210242220 27786194
210242220 175164008
57566184 57646092
57566184 79437483
57566184 57647194
57566184 57652644
57566184 210242220
57566184 141347986
57566184 57647062
57566184 20534937
57566184 155864695
57566184 84927465
57566184 175164008
57566184 58106972
57566184 210282139
57566184 57645003
57566184 13861473
57566184 57848967
298840527 57647194
298840527 18895592
57647194 56930371
57647194 45542879
57647194 175152307
57647194 57646092
57647194 141347986
57647194 210192501
57647194 57647062
57647194 298840527
57647194 85053277
57647194 20534937
57647194 57566184
57647194 152878097
57647194 210031316
57647194 83108715
57647194 84927465
57647194 75871600
57647194 57651114
57647194 44761291
57647194 57645003
57647194 13861473
57647194 57848967
58101795 57357569
58101795 18895592
152857317 210242220
152857317 20534937
152857317 18895592
152857317 128948959
45542879 57646092
45542879 57647194
45542879 210242220
45542879 8759046
45542879 41568211
45542879 57848967
210031316 57357569
210031316 57646092
210031316 57647194
210031316 18895592
210031316 27786194
210031316 58106972
128760430 60691833
128760430 18895592
210196229 18895592
19095175 152620789
19095175 229045009
19095175 20534937
19095175 18895592
19095175 58106972
83593138 18895592
462206262 18895592
20534937 155088715
20534937 9874712
20534937 57646092
20534937 57647194
20534937 152727987
20534937 141347986
20534937 210192501
20534937 57647062
20534937 57566184
20534937 60691833
20534937 18895592
20534937 152656312
20534937 152857317
20534937 19095175
20534937 57651114
20534937 128948959
20534937 57848967
6557757 18895592
6557757 84927465
6557757 30376256
6557757 57848967
152656312 175152307
152656312 57646092
152656312 18895592
152656312 210282139
108055346 57357569
108055346 57646092
108055346 60691833
108055346 18895592
108055346 152878097
57848967 18895592
57848967 60691833
57848967 57647062
57848967 58106972
57848967 27786194
57848967 57566184
57848967 57645003
57848967 79437483
57848967 141347986
57848967 6557757
57848967 20534937
57848967 57647194
57848967 57646092
57848967 45542879
57848967 84927465
57848967 83108715
57848967 175164008
57848967 85053277
57848967 152878097
57848967 210282139
57848967 155864695
57848967 44761291
57848967 13861473
57848967 330692763
57848967 57651114
57848967 175152307
57848967 57602156
57848967 31939936
57848967 152566159
57848967 152954990
44869964 164360360
44869964 18895592
57357569 58101795
57357569 44759542
57357569 129642519
57357569 108055346
57357569 18895592
57357569 210031316
57357569 4422341
57645003 57602156
57645003 9874712
57645003 57646092
57645003 79437483
57645003 57647194
57645003 57652644
57645003 129642519
57645003 141347986
57645003 8759046
57645003 57647062
57645003 85053277
57645003 57566184
57645003 60691833
57645003 18895592
57645003 152878097
57645003 83108715
57645003 57651114
57645003 58106972
57645003 30376256
57645003 13861473
57645003 57848967
57645003 44758749
169134018 79437483
169134018 152878097
268796478 18895592
152878097 164360360
152878097 175152307
152878097 57646092
152878097 79437483
152878097 57647194
152878097 210192501
152878097 57647062
152878097 108055346
152878097 18895592
152878097 83108715
152878097 152566159
152878097 27786194
152878097 169134018
152878097 57645003
152878097 128948959
152878097 57848967
4422341 57357569
4422341 14639753
4422341 210282139
57651114 79437483
57651114 57647194
57651114 57647062
57651114 85053277
57651114 60691833
57651114 155864695
57651114 18895592
57651114 152656312
57651114 83108715
57651114 57645003
57651114 57848967
81968309 18895592
81968309 27786194
152620789 18895592
152620789 19095175
72444095 31939936
72444095 84927465
175152307 330692763
175152307 57647194
175152307 141347986
175152307 57647062
175152307 18895592
175152307 152656312
175152307 152878097
175152307 27786194
175152307 84927465
175152307 14639753
175152307 58106972
175164008 210242220
175164008 57566184
175164008 60691833
175164008 18895592
175164008 223889761
175164008 44761291
175164008 57848967
57646092 152712803
57646092 330692763
57646092 45542879
57646092 79437483
57646092 57647194
57646092 141347986
57646092 57647062
57646092 85053277
57646092 108055346
57646092 20534937
57646092 57566184
57646092 18895592
57646092 152656312
57646092 152878097
57646092 210031316
57646092 83108715
57646092 84927465
57646092 58106972
57646092 57645003
57646092 13861473
57646092 57848967
57646092 152500687
57646092 44758749
155864695 141347986
155864695 57566184
155864695 18895592
155864695 84927465
155864695 57651114
155864695 210282139
155864695 6557757
155864695 57848967
141347986 175152307
141347986 57646092
141347986 57647194
141347986 129642519
141347986 8759046
141347986 20534937
141347986 57566184
141347986 155864695
141347986 18895592
141347986 58106972
141347986 57645003
141347986 57848967
581896691 18895592
31939936 72444095
31939936 85053277
31939936 18895592
56930371 57647194
56930371 18895592
56930371 150643551
155088715 152620789
155088715 57602156
155088715 20534937
155088715 18895592
152906347 18895592
44761291 57647194
44761291 210192501
44761291 175164008
44761291 57848967
582251636 18895592
177307470 18895592
152565031 18895592
152712803 57646092
152712803 18895592
152712803 58106972
152712803 210282139
13861473 57646092
13861473 57647194
13861473 210192501
13861473 57647062
13861473 57566184
13861473 60691833
13861473 18895592
13861473 83108715
13861473 210282139
13861473 57645003
13861473 57848967
60691833 9874712
60691833 79437483
60691833 57647062
60691833 108055346
60691833 20534937
60691833 128760430
60691833 152820455
60691833 57651114
60691833 175164008
60691833 58106972
60691833 152580749
60691833 57645003
60691833 13861473
60691833 57848967
152593620 9874712
152593620 18895592
7543601 18895592
41568211 18895592
41568211 152820455
41568211 58106972
41568211 210282139
