10189007 59731219
10189007 5575494
10189007 8122384
10189007 45507546
10189007 129324074
10189007 81378898
10189007 316536857
10189007 16159527
15938128 16159527
15938128 49520839
130388857 57584574
130388857 49027835
130388857 16159527
130388857 129324074
130388857 64761816
130388857 3223594
130388857 363844200
130388857 316536857
7471989 9204586
7471989 8122384
7471989 97191376
7471989 49520839
7471989 9418493
7471989 251192600
7471989 316536857
7471989 10849707
7471989 298851199
7471989 3651689
7471989 16159527
15055128 50636589
15055128 55830605
15055128 35874309
10849707 7471989
10849707 49520839
10849707 16159527
10849707 97191376
10849707 3651689
97191376 132193792
97191376 5575494
97191376 133386640
97191376 3223594
97191376 251192600
97191376 7471989
97191376 10849707
29740133 133386640
29740133 16159527
29740133 35874360
16944767 316536857
16944767 9418493
16944767 89857809
16944767 130388857
16944767 9204586
81378898 16159527
129324074 16159527
129324074 10189007
129324074 7634244
129324074 130388857
81378033 59731219
81378033 49027835
81378033 67060153
81378033 50630873
81378033 55830605
81378033 16159527
9116942 9204586
9116942 16159527
9116942 34407290
9116942 49520839
13907061 16159527
13907061 35874309
5575494 59731219
5575494 49027835
5575494 97191376
5575494 81378033
5575494 50630873
5575494 13907061
5575494 10189007
5575494 55830605
5575494 35874309
5575494 16159527
81378157 16159527
58127199 49520839
133386640 59731219
133386640 49027835
133386640 497934091
133386640 67060153
133386640 16159527
133386640 50630873
3223594 64761816
3223594 97191376
3223594 130388857
3223594 16159527
16159527 132193792
16159527 45507546
16159527 15938128
16159527 782467176
16159527 125869468
16159527 67060153
16159527 35874360
16159527 10189007
16159527 130046861
16159527 3651689
16159527 11593026
16159527 8122384
16159527 7634244
16159527 81378898
16159527 20217346
16159527 38150505
16159527 59731219
16159527 7471989
35874309 16159527
137505693 16159527
137505693 830226857
223854561 16159527
253980572 16159527
316536857 16944767
316536857 10189007
316536857 7471989
316536857 45162165
316536857 7634244
316536857 130388857
316536857 3651689
38150505 9204586
38150505 125869468
38150505 16159527
377292164 16159527
830226857 137505693
35874360 20217346
35874360 5575494
35874360 29740133
35874360 81378157
35874360 35874309
35874360 3651689
35874360 16159527
49520839 782467176
49520839 58127199
49520839 15938128
49520839 16159527
49520839 52580621
49520839 271400229
49520839 251192600
49520839 35874360
49520839 785134943
49520839 7471989
49520839 3651689
49520839 9116942
49520839 10849707
67060153 59731219
67060153 49027835
67060153 133386640
67060153 81378033
67060153 50630873
67060153 55830605
67060153 130388857
67060153 16159527
56937259 130388857
56937259 298849131
49027835 5575494
49027835 133386640
49027835 81378033
49027835 67060153
49027835 50630873
49027835 16159527
49027835 208547137
49027835 55830605
49027835 130388857
11593026 16159527
785134943 49520839
3651689 10849707
3651689 49520839
3651689 9204586
3651689 7471989
3651689 316536857
3651689 16159527
132193792 16159527
363844200 16159527
363844200 130388857
8122384 10189007
8122384 7471989
8122384 16159527
208547137 59731219
208547137 49027835
208547137 16159527
57584574 16159527
125869468 16159527
52580621 9204586
52580621 49520839
89857809 16944767
7634244 20217346
7634244 50630873
7634244 316536857
7634244 16159527
782467176 16159527
782467176 49520839
50630873 49027835
50630873 5575494
50630873 81378033
50630873 67060153
50630873 16159527
50630873 133386640
50630873 15055128
50630873 7634244
64761816 3223594
64761816 16159527
64761816 9204586
64761816 130388857
497934091 16159527
9418493 16159527
9418493 9204586
251192600 97191376
251192600 45507546
251192600 253980572
251192600 16159527
251192600 7634244
251192600 130388857
251192600 49520839
251192600 7471989
45162165 3651689
45162165 316536857
55830605 59731219
55830605 49027835
55830605 5575494
55830605 81378033
55830605 67060153
55830605 13907061
55830605 16159527
55830605 50636589
55830605 15055128
55830605 130388857
9204586 38150505
9204586 52580621
9204586 7471989
9204586 9116942
9204586 3651689
9204586 16159527
167807619 20217346
167807619 16159527
52073100 49027835
52073100 16159527
52073100 55830605
52073100 3651689
59731219 5575494
59731219 133386640
59731219 81378033
59731219 67060153
59731219 208547137
59731219 10189007
59731219 55830605
59731219 16159527
20217346 132193792
20217346 7634244
20217346 16159527
298851199 7471989
298851199 3651689
271400229 49520839
45507546 251192600
45507546 16159527
45507546 10189007
