126746083 37396612
152856958 57645861
152856958 57652380
152856958 121878486
152856958 128573208
152856958 65459589
152856958 57646148
580871177 128573208
152918822 58181387
152918822 121878486
152678073 128573208
152678073 57652380
97047333 65459589
97047333 57645861
97047333 152695818
152577892 57645861
152577892 121878486
152577892 833300357
152577892 152633723
152577892 57653368
152577892 57646148
152577892 57648925
37396612 126746083
37396612 128573208
37396612 121878486
152783959 57646148
152783959 57652380
152783959 128573208
44759536 582682006
44759536 128573208
44759536 833300357
44759536 152567304
140240290 128573208
140240290 121878486
140240290 152695818
152811833 152911858
152811833 121878486
152811833 128573208
152913095 833300357
152913095 57646148
152913095 128573208
38463131 35338465
38463131 6599815
57653368 57645861
57653368 58181387
57653368 57648925
57653368 654743145
57653368 152633723
57653368 57652380
57653368 121878486
57653368 581372277
57653368 57644609
57653368 152671413
57653368 152577892
6599815 35338465
6599815 38463131
6599815 516587347
152510938 152633723
152633723 57653368
152633723 57648925
152633723 152510938
152633723 121878486
152633723 99559498
152633723 152577892
152633723 57644609
806260029 833300357
806260029 128573208
57652380 65459589
57652380 57653368
57652380 57646148
57652380 57645861
57652380 58181387
57652380 57648925
57652380 152783959
57652380 152911858
57652380 121878486
57652380 152678073
57652380 152856958
57652380 152695818
57652380 57644609
58424262 121878486
58424262 128573208
152701202 8040059
152701202 128573208
152671413 57643536
152671413 57653368
152671413 99559498
152567304 833300357
152567304 128573208
152567304 27597170
152567304 44759536
149534281 57646148
149534281 128573208
149534281 121878486
149534281 128881766
58181387 152931771
58181387 65459589
58181387 57653368
58181387 57646148
58181387 57645861
58181387 57652380
58181387 152485227
58181387 57643536
58181387 121878486
58181387 57648925
58181387 152918822
85053286 65459589
85053286 8040059
582682006 44759536
152911858 152811833
152911858 65459589
152911858 152573494
152911858 37235489
152911858 57652380
152911858 57643536
152911858 128573208
152911858 806234427
45820576 128573208
806234427 152911858
806234427 128573208
806234427 152681334
152603551 57646148
152603551 57648925
152603551 57643536
57643536 57645861
57643536 58181387
57643536 152911858
57643536 121878486
57643536 99559498
57643536 152603551
57643536 57644609
57643536 152671413
58297329 152681334
152891636 833300357
152891636 128573208
813394173 57646148
61449721 833300357
61449721 128573208
6852339 8040059
6852339 57646148
6852339 35338465
6852339 121878486
6852339 128573208
121878486 152931771
121878486 57649342
121878486 152811833
121878486 65459589
121878486 57653368
121878486 57646148
121878486 152681334
121878486 57645861
121878486 58181387
121878486 57648925
121878486 152633723
121878486 152701661
121878486 57652380
121878486 130338893
121878486 8040059
121878486 298836575
121878486 57643536
121878486 58424262
121878486 152840035
121878486 128881766
121878486 128573208
121878486 149534281
121878486 37396612
121878486 99559498
121878486 152918822
121878486 152856958
121878486 140240290
121878486 57644609
121878486 152671413
121878486 152577892
121878486 6852339
833300357 128573208
152573494 152911858
152573494 128573208
57649342 57646148
57649342 121878486
57649342 128573208
152695818 97047333
152695818 57648925
152695818 152840035
152695818 140240290
152695818 57652380
152695818 57644609
152485227 57646148
152485227 58181387
152701661 128573208
152701661 121878486
581372277 57653368
581372277 152681334
654743145 57653368
657942310 57646148
657942310 128573208
516587347 128573208
516587347 6599815
47574326 128573208
128881766 121878486
128881766 128573208
128881766 152891636
128881766 149534281
152840035 833300357
152840035 57646148
152840035 121878486
152840035 152695818
152681334 57648925
99559498 121878486
99559498 57645861
99559498 152633723
99559498 57646148
99559498 833300357
99559498 152671413
155574638 128573208
37235489 65459589
37235489 57645861
37235489 152911858
123861057 65459589
123861057 128573208
57646148 657942310
57646148 57649342
57646148 65459589
57646148 813394173
57646148 57645861
57646148 58181387
57646148 152913095
57646148 57648925
57646148 152783959
57646148 57652380
57646148 130338893
57646148 152485227
57646148 121878486
57646148 128573208
57646148 149534281
57646148 99559498
57646148 152856958
57646148 152603551
57646148 57644609
57646148 152577892
57646148 6852339
57644609 152931771
57644609 57645861
57644609 65459589
57644609 57653368
57644609 57652380
57644609 152695818
57644609 57643536
57644609 128573208
57644609 806260029
298836575 121878486
35338465 128573208
35338465 6599815
35338465 6852339
57645861 152931771
57645861 65459589
57645861 57653368
57645861 57646148
57645861 58181387
57645861 57648925
57645861 37235489
57645861 57652380
57645861 97047333
57645861 57643536
57645861 121878486
57645861 99559498
57645861 152856958
57645861 57644609
57645861 152577892
806251309 57643536
130338893 152574359
130338893 57646148
130338893 57648925
130338893 121878486
534890616 128573208
8040059 65459589
8040059 85053286
8040059 121878486
8040059 6852339
27597170 128573208
27597170 833300357
27597170 152567304
152931771 65459589
152931771 152681334
152931771 57645861
152931771 58181387
152931771 57648925
152931771 152911858
152931771 121878486
152931771 57644609
47854437 128573208
65459589 85053286
65459589 57646148
65459589 57645861
65459589 58181387
65459589 123861057
65459589 57652380
65459589 8040059
65459589 152911858
65459589 121878486
65459589 128573208
65459589 57644609
87505667 128573208
806245454 128573208
152574359 152695818
57648925 152931771
57648925 57653368
57648925 57646148
57648925 152681334
57648925 57645861
57648925 152633723
57648925 57652380
57648925 130338893
57648925 58181387
57648925 152603551
57648925 152695818
57648925 152577892
152620915 128573208
