298850080 58469639
298850080 205884881
298850080 58167372
298850080 758010582
67836195 17693451
57067764 316322089
130257230 54385639
758010582 58469639
758010582 54385639
22262308 300224359
689471333 58469639
57070169 316322089
58167372 37849358
57067836 316322089
57067836 57069671
54385639 57584581
54385639 130257230
54385639 58469639
54385639 65310079
54385639 73667993
54385639 758010582
300224359 22262308
149551838 754823551
54406239 58469639
460361938 58469639
401735503 57069671
401735503 316322089
58469639 57584581
58469639 138675378
58469639 689471333
58469639 177159627
58469639 22262308
58469639 205884881
58469639 298850080
58469639 460361938
58469639 54385639
58469639 581316221
58469639 142607477
58469639 54406239
58469639 10590750
58469639 328298802
58469639 65310079
58469639 73667993
58469639 758010582
58469639 152877613
73667993 54385639
73667993 65310079
73667993 58469639
328298802 37849358
328298802 58469639
754823551 149551838
65310079 73667993
152877613 54385639
152877613 58469639
57584581 58469639
57584581 54385639
57584581 152877613
138675378 54385639
205884881 58469639
205884881 298850080
205884881 54385639
205884881 65310079
37849358 58167372
37849358 328298802
56930834 56869775
227026957 57069671
597938 57069671
10590750 58469639
10590750 54385639
10590750 152877613
57069671 316322089
57069671 57067836
57069671 401735503
17693451 67836195
