814943565 129366493
579005778 113610094
579005778 57467053
579005778 28015523
579005778 798022103
579005778 54627422
579005778 129366397
579005778 226892561
579005778 299452728
579005778 17486539
579005778 57639208
579005778 21090855
579005778 113610044
321585897 54627422
578862997 579005778
578862997 798022103
578862997 28015523
578862997 54627422
21090855 28015523
21090855 129366397
21090855 798022103
21090855 321836181
21090855 57467053
21090855 54627422
21090855 462820009
21090855 579005778
21090855 302125319
21090855 57639208
21090855 17486539
226892561 17486539
226892561 28015523
462820009 21090855
462820009 321585897
302125319 21090855
17486539 578961868
17486539 462820009
17486539 113610094
17486539 54627422
17486539 28015523
17486539 528947818
17486539 113610044
17486539 579005778
17486539 321836181
17486539 226892561
17486539 741386290
17486539 814943565
17486539 129366397
17486539 129366493
17486539 578862997
17486539 321585897
17486539 21090855
17486539 798022103
17486539 57639208
17486539 57467053
17486539 756500834
17486539 207058504
17486539 299452728
17486539 685182962
28015523 113610094
28015523 798022103
28015523 814943962
28015523 129366493
28015523 57467053
28015523 129366397
28015523 528947818
28015523 462820009
28015523 302125319
28015523 741386290
28015523 54627422
28015523 226892561
28015523 814943565
28015523 756500834
28015523 207058504
28015523 321836181
28015523 321585897
28015523 579005778
28015523 113610044
28015523 578862997
28015523 21090855
28015523 578961868
28015523 17486539
28015523 685182962
798022103 54627422
798022103 756500834
798022103 741386290
798022103 113610094
798022103 129366493
798022103 814943565
798022103 528947818
798022103 129366397
798022103 226892561
798022103 814943962
798022103 28015523
798022103 321836181
798022103 321585897
798022103 579005778
798022103 113610044
798022103 685182962
798022103 17486539
798022103 578961868
798022103 57639208
798022103 21090855
798022103 578862997
756500834 54627422
756500834 28015523
756500834 321585897
113610044 129366397
528947818 17486539
814943962 54627422
814943962 129366397
814943962 28015523
685182962 321836181
685182962 17486539
129366397 28015523
578961868 798022103
207058504 54627422
207058504 28015523
207058504 321836181
207058504 321585897
207058504 17486539
299452728 57639208
299452728 17486539
299452728 579005778
299452728 129366493
299452728 21090855
321836181 226892561
321836181 54627422
321836181 207058504
321836181 528947818
321836181 685182962
321836181 17486539
321836181 21090855
321836181 113610044
54627422 207058504
54627422 129366397
54627422 28015523
54627422 321836181
54627422 321585897
54627422 21090855
54627422 17486539
129366493 814943565
129366493 299452728
57639208 28015523
57639208 113610044
57639208 321585897
57639208 579005778
57639208 226892561
57639208 54627422
57639208 21090855
57639208 756500834
57639208 129366493
57639208 798022103
57639208 113610094
57639208 17486539
57639208 685182962
57639208 299452728
