152876631 325044372
65387449 325044372
65387449 39578875
152677906 325044372
152671309 152729540
152671309 325044372
746327881 325044372
65380343 152728512
65380343 325044372
57650647 24688281
57650647 130237313
57650647 57646389
57650647 57644401
57650647 57646708
57650647 37238640
57650647 58150388
57650647 5420409
57650647 6867745
57650647 39578875
57650647 120645900
57650647 152937678
57650647 57646483
57650647 152681000
37238640 24688281
37238640 130237313
37238640 57644401
37238640 57646708
37238640 325044372
37238640 58150388
37238640 5420409
37238640 57650647
37238640 6867745
37238640 2182529
37238640 50954472
37238640 57646483
152476208 325044372
325044372 130237313
325044372 57646389
325044372 37238640
325044372 210187246
325044372 11490072
325044372 152904647
325044372 58150388
325044372 152678897
325044372 152687217
325044372 5420409
325044372 50650952
325044372 52582543
325044372 118074104
325044372 39578875
325044372 2182529
325044372 152729540
325044372 152932284
325044372 152596166
152889711 325044372
24688281 130237313
24688281 152933952
24688281 152579280
24688281 57644401
24688281 210221215
24688281 325044372
24688281 37238640
24688281 152661604
24688281 58150388
24688281 5420409
24688281 50650952
24688281 57650647
24688281 118074104
24688281 152953744
24688281 6867745
24688281 57646389
24688281 57646708
24688281 2182529
24688281 152932284
152564824 325044372
152687217 325044372
57646708 130237313
57646708 57644401
57646708 37238640
57646708 58150388
57646708 57650647
57646708 6867745
57646708 120645900
57646708 50954472
57646708 24688281
57646708 210187246
57646708 152565680
57646708 152729540
57646708 57646483
152681000 57650647
152681000 152670019
152681000 5420409
152681000 57644401
152681000 325044372
130536342 57644401
130536342 325044372
130536342 152896317
130536342 57650050
130536342 152935095
130536342 152476443
152729614 325044372
152729614 210187246
152729614 57646483
152937678 325044372
152937678 57650647
152937678 50954472
128215756 325044372
128215756 152626882
39578875 65387449
39578875 325044372
39578875 5420409
39578875 57650647
39578875 57650050
39578875 152932284
152565680 130237313
152565680 298834713
152565680 57646708
152565680 210187246
130237313 24688281
130237313 152933952
130237313 152818771
130237313 57644401
130237313 57646708
130237313 210221215
130237313 325044372
130237313 37238640
130237313 298834713
130237313 57650050
130237313 210187246
130237313 58150388
130237313 152678897
130237313 5420409
130237313 152691593
130237313 57650647
130237313 152913547
130237313 118074104
130237313 6867745
130237313 152565680
130237313 152729540
130237313 57646483
152431071 325044372
57646389 210221215
57646389 325044372
57646389 298834713
57646389 57650647
57646389 24688281
50954472 57644401
50954472 57646708
50954472 325044372
50954472 37238640
50954472 298834713
50954472 58150388
50954472 5420409
50954472 152937678
50954472 2182529
50954472 57646483
152691593 130237313
152691593 152579280
152691593 57644401
152691593 298834713
152879364 325044372
58150388 24688281
58150388 130237313
58150388 152579280
58150388 57644401
58150388 57646708
58150388 210221215
58150388 325044372
58150388 37238640
58150388 298834713
58150388 57650647
58150388 120645900
58150388 2182529
58150388 50954472
58150388 130536342
58150388 152935095
58150388 152729540
58150388 57646483
11490072 325044372
11490072 57650050
152657086 298834713
152626882 57644401
152626882 325044372
152626882 128215756
152626882 5420409
152626882 152953744
152626882 57646483
2182529 57644401
2182529 210221215
2182529 325044372
2182529 37238640
2182529 58150388
2182529 50954472
2182529 24688281
2182529 57650050
2182529 152932284
2182529 152732457
152662605 325044372
210221215 24688281
210221215 130237313
210221215 57646389
210221215 57644401
210221215 325044372
210221215 210187246
210221215 58150388
210221215 39578875
210221215 2182529
210221215 152729540
210221215 57646483
581945509 57644401
581945509 57650050
298850274 57644401
120645900 57646708
120645900 58150388
120645900 5420409
152663236 325044372
228994621 325044372
90381461 325044372
152953744 24688281
152953744 325044372
152953744 152626882
152953744 39578875
155850002 65387449
155850002 325044372
155850002 11490072
152904647 57644401
152904647 325044372
58156485 325044372
152729540 57646708
152729540 57644401
152729540 57650050
152729540 130237313
152729540 152657086
152729540 325044372
152729540 58150388
152729540 210221215
152729540 152671309
152595280 325044372
152575564 325044372
57644401 24688281
57644401 130237313
57644401 298850274
57644401 152818771
57644401 57646708
57644401 210221215
57644401 152728512
57644401 325044372
57644401 37238640
57644401 57650050
57644401 152661604
57644401 128215756
57644401 152904647
57644401 58150388
57644401 5420409
57644401 50650952
57644401 152626882
57644401 152691593
57644401 57650647
57644401 118074104
57644401 6867745
57644401 152581492
57644401 2182529
57644401 50954472
57644401 130536342
57644401 152953964
57644401 152729540
57644401 57646483
57644401 152681000
57644401 581945509
155830990 325044372
152930086 325044372
57646483 130237313
57646483 57644401
57646483 57650647
57646483 6867745
57646483 37238640
57646483 50954472
57646483 58150388
57646483 155830990
57646483 5420409
57646483 57646708
57646483 152935095
57646483 210221215
57646483 152729614
57646483 152896317
57646483 57650050
57646483 325044372
57646483 152626882
152670019 325044372
152670019 152681000
210271514 65387449
152935095 152953744
152935095 5420409
152935095 325044372
152783810 325044372
52582543 325044372
152476443 325044372
50650952 24688281
50650952 57644401
50650952 325044372
50650952 210187246
152896317 325044372
152896317 298834713
152896317 57646483
111469877 57646389
111469877 325044372
111469877 152657086
111469877 44960075
111469877 152596166
6867745 24688281
6867745 130237313
6867745 155830990
6867745 57644401
6867745 57646708
6867745 325044372
6867745 37238640
6867745 57650050
6867745 210187246
6867745 5420409
6867745 57650647
6867745 152913547
6867745 152953964
6867745 118074104
6867745 57646483
6867745 152932284
210187246 130237313
210187246 210221215
210187246 325044372
210187246 50650952
210187246 6867745
210187246 152729614
210187246 57646708
210187246 152565680
152728512 57644401
152728512 65380343
57650050 57644401
57650050 325044372
57650050 298834713
57650050 6867745
57650050 39578875
57650050 2182529
57650050 152729540
57650050 57646483
57650050 581945509
152579280 24688281
152579280 325044372
152579280 58150388
152579280 152678897
152579280 152691593
152732457 2182529
152732457 325044372
152932284 2182529
152932284 6867745
152932284 325044372
152932284 24688281
152932284 39578875
110769751 325044372
601754171 11490072
152913547 130237313
152913547 325044372
152913547 11490072
152913547 152896317
152913547 5420409
152913547 6867745
152581492 57644401
152581492 325044372
44960075 111469877
152953964 57644401
152953964 6867745
118074104 24688281
118074104 130237313
118074104 57644401
118074104 325044372
118074104 6867745
152661604 24688281
152661604 57644401
152661604 325044372
152661604 57650050
152596166 111469877
152596166 325044372
152516874 325044372
298834713 325044372
152957575 325044372
152957575 298834713
152818771 130237313
152818771 57644401
152818771 152729614
152818771 152662605
5420409 24688281
5420409 130237313
5420409 57644401
5420409 325044372
5420409 37238640
5420409 152687217
5420409 152626882
5420409 57650647
5420409 6867745
5420409 39578875
5420409 120645900
5420409 152935095
5420409 57646483
5420409 152681000
152701787 325044372
152933952 24688281
152933952 130237313
152678897 130237313
152678897 152579280
152678897 325044372
152678897 298834713
