200058382 20964069
581389649 20964069
582301055 20964069
581608887 20964069
349474148 20964069
633993535 20964069
471388679 20964069
517297580 20964069
601654740 20964069
582637726 20964069
581193795 20964069
341866870 20964069
582012563 20964069
298857513 20964069
582403418 20964069
298858093 20964069
215747970 20964069
298848218 20964069
305841845 20964069
785468213 20964069
581635491 20964069
582385509 20964069
16312678 20964069
581784981 20964069
581308998 20964069
316430296 20964069
582547488 20964069
210281843 20964069
152733959 20964069
580926451 20964069
831308808 20964069
601717641 20964069
155833371 20964069
581179252 20964069
580947062 20964069
581059230 20964069
633960571 20964069
48715387 20964069
581980337 20964069
601676661 20964069
558578175 20964069
581756450 20964069
483254277 20964069
834037444 20964069
581316451 20964069
307692531 20964069
793365312 20964069
582345255 20964069
152896362 152898919
152896362 152733959
152896362 20964069
806346945 20964069
152833572 20964069
152882276 20964069
216097680 20964069
65490065 20964069
539922247 20964069
581128137 20964069
155825994 20964069
152575656 20964069
152733482 20964069
581550003 20964069
25787725 20964069
152681617 20964069
582260920 20964069
425220325 20964069
57644609 20964069
173772220 20964069
483025273 20964069
582262765 20964069
564749483 20964069
221128233 20964069
339407955 20964069
179998703 20964069
582061831 20964069
581667280 20964069
582598206 20964069
152898919 20964069
581509574 20964069
