152913123 152573518
152913123 152800080
152913123 152733508
152913123 152702043
152913123 19972936
38357338 4250900
38357338 19972936
38357338 18997640
215743526 152800080
215743526 19972936
152815822 806264239
152815822 19972936
4250900 38357338
4250900 19972936
4250900 18997640
152595152 19972936
806247373 152800080
144737001 19972936
58367197 19972936
152572928 19972936
152723043 19972936
175151677 19972936
175151677 57648585
57646155 34177893
57646155 22366148
57646155 152930317
57646155 152688067
57646155 25310967
152578912 19972936
152485704 19972936
152481986 19972936
152502151 19972936
152892945 19972936
152914583 19972936
152914583 152688067
316663380 19972936
139256053 19972936
152573518 152700523
152573518 34177893
152573518 152688067
130524035 19972936
152700523 152573518
152700523 19972936
22366148 57646155
22366148 19972936
85703672 19972936
152680895 19972936
152476248 152576598
152476248 19972936
152702043 152913123
152702043 152934425
152702043 19972936
601729484 19972936
835460719 19972936
26254567 19972936
298830787 19972936
152730580 19972936
152730580 18997640
152930317 57646155
152930317 19972936
834145717 19972936
633989416 19972936
75729626 19972936
152907043 19972936
315512685 19972936
21535960 19972936
21535960 25310967
3651689 19972936
138188584 19972936
215755777 19972936
152498892 19972936
57648585 34177893
57648585 19972936
57648585 175151677
25310967 57646155
25310967 19972936
25310967 21535960
152700908 34177893
152700908 19972936
58157071 19972936
347167514 19972936
152935029 152934425
152935029 19972936
152688067 138188584
152688067 152573518
152688067 38357338
152688067 57646155
152688067 19972936
806264239 152815822
806264239 19972936
34177893 152700908
34177893 152573518
34177893 57646155
34177893 19972936
34177893 57648585
58311613 21535960
58311613 19972936
152800080 152913123
152800080 19972936
152934425 152935029
152934425 152702043
152934425 19972936
19972936 175151677
19972936 138188584
19972936 633989416
19972936 152701055
19972936 152578912
19972936 26254567
19972936 130524035
19972936 152576598
19972936 22366148
19972936 152702043
19972936 215743526
19972936 21535960
19972936 57995658
19972936 812468390
18997640 4250900
18997640 19972936
18997640 22366148
758047932 19972936
57995658 59188798
57995658 152800080
57995658 19972936
152582032 19972936
59188798 57995658
59188798 19972936
24981358 19972936
152891093 19972936
582030109 19972936
812468390 19972936
152733508 19972936
581246710 19972936
58108508 19972936
152701055 19972936
534753066 19972936
152576598 19972936
