58347556 37764539
130016287 37764539
16772286 27865961
16772286 9988948
16772286 58290062
16772286 31664245
16772286 75279940
16772286 70100286
26906076 27865961
26906076 152818383
26906076 75279940
152729829 37764539
152729829 31664245
581488915 37764539
388232113 37764539
388232113 75279940
58290062 16772286
152571307 37764539
103047685 37764539
232663663 37764539
44750226 58147823
44750226 107484455
44750226 37764539
152600618 44750226
152600618 37764539
581021381 107484455
581021381 37764539
152930060 57652165
152930060 27865961
152930060 16772286
152930060 107484455
152930060 37764539
298835144 152818383
298835144 107484455
298835144 37764539
581998002 37764539
31664245 44750226
31664245 9988948
31664245 152729829
31664245 61763303
31664245 152818383
31664245 16772286
31664245 12922013
31664245 37764539
31664245 5062314
152818383 26906076
152818383 298835144
152818383 67817370
152818383 31664245
457026423 37764539
13874026 37764539
137835619 37764539
152481366 37764539
67817370 152818383
67817370 155847708
67817370 37764539
58147823 44750226
58147823 37764539
61763303 37764539
61763303 31664245
95696539 37764539
675127554 37764539
581076795 37764539
155847708 67817370
155847708 67521664
155847708 37764539
35411585 37764539
806397680 37764539
27865961 26906076
27865961 16772286
27865961 37764539
27865961 152930060
210238318 37764539
107484455 298835144
107484455 44750226
107484455 581021381
107484455 37764539
107484455 152930060
152785011 37764539
67521664 37764539
268771925 37764539
37764539 298835144
37764539 58106053
37764539 210235644
37764539 581021381
37764539 5062314
37764539 152785011
37764539 75279940
134039266 37764539
298849064 37764539
73837922 37764539
75279940 26906076
75279940 57652165
75279940 58147823
75279940 388232113
75279940 37764539
75279940 58290062
210235644 37764539
12922013 9988948
12922013 31664245
70100286 9988948
70100286 16772286
70100286 37764539
70100286 5062314
70100286 581488915
5062314 37764539
5062314 31664245
5062314 70100286
82678265 37764539
57652165 22286209
57652165 37764539
57652165 75279940
57652165 152930060
152655144 37764539
22286209 37764539
58106053 37764539
601653913 37764539
582503205 37764539
139331264 37764539
9988948 16772286
9988948 12922013
9988948 37764539
9988948 31664245
9988948 70100286
106054534 37764539
152930079 582503205
152930079 37764539
