49046603 12425451
49046603 127186990
49046603 127169675
48064506 127169675
12425451 17400078
12425451 127186990
12425451 127169675
14648202 12425451
14648202 127169675
69094283 17400078
69094283 3989306
69094283 127186990
69094283 127169675
44973060 127169675
3989306 26945933
3989306 12425451
3989306 127186990
3989306 65427198
3989306 48815242
3989306 60937632
21330391 127169675
65427198 26945933
65427198 44418178
65427198 364552762
65427198 3989306
65427198 127186990
65427198 127169675
78525637 127169675
13109204 127169675
49058258 127169675
20864130 12425451
155831999 128637140
127186990 17400078
127186990 12425451
127186990 127169675
694913652 127169675
49050431 127169675
49050431 364552762
57394788 57380568
57394788 127186990
57394788 127169675
364552762 65427198
364552762 49050431
44303908 127186990
44303908 127169675
44962347 127186990
44962347 127169675
44387388 12425451
44387388 127186990
68947514 32957987
68947514 127186990
45307888 127169675
32957987 15276009
32957987 17400078
32957987 68947514
32957987 12425451
32957987 127186990
32957987 127169675
128955594 17400078
128955594 127186990
128955594 127169675
48815242 17400078
48815242 127186990
48815242 127169675
60937632 12425451
60937632 3989306
60937632 127186990
60937632 127169675
128637140 15276009
128637140 12425451
128637140 127169675
128637140 127186990
55045051 17400078
55045051 127169675
26945933 44418178
26945933 3989306
26945933 65427198
57492498 127186990
57492498 127169675
302907846 127169675
52391683 12425451
52391683 127186990
52391683 127169675
180362370 127186990
44418178 26945933
44418178 127186990
44418178 65427198
130009420 127169675
747415864 127186990
57484547 15276009
57484547 17400078
57484547 12425451
57484547 127186990
57484547 127169675
85052927 12425451
57408880 127169675
36088862 127186990
36088862 21330391
36088862 78525637
36088862 32957987
57421572 12425451
57421572 127186990
57421572 302882525
110973598 127169675
50606561 127169675
17400078 15276009
17400078 12425451
17400078 127186990
17400078 127169675
101737816 127169675
15276009 17400078
15276009 127169675
57380568 127186990
57380568 127169675
44142796 12425451
44142796 127169675
49061980 12425451
49061980 127186990
49061980 127169675
