79437489 12218802
57651297 57650104
57651297 145456335
57651297 57589774
57651297 4478351
57651297 152733277
57651297 54154469
57651297 21003644
57651297 152796624
57651297 57648645
57651297 152628175
57651297 50642565
57651297 54426765
57651297 152820129
57651297 152933256
57651297 57650649
57651297 49465080
57651297 152623227
57651297 57648585
57651297 57645630
152603781 58255148
152575591 24688281
152921311 21003644
152921311 57650649
152728358 24688281
152728358 97136806
152728358 58255148
152728358 57648645
152728358 152623227
58257855 152520008
58257855 152623227
58257855 152681732
58257855 4478351
58257855 12218802
152681732 18405719
152681732 152623227
152681732 152731973
152681732 101697384
152681732 152920585
152681732 57483975
152681732 152920490
152681732 152924218
152681732 58257855
152731973 24688281
152731973 76781475
152731973 21003644
152731973 152681732
57483975 21003644
57483975 76781475
57483975 12218802
57483975 126514138
57483975 57650104
57483975 152681732
57483975 152623227
57483975 152926041
57650649 152921311
57650649 24688281
57650649 25296596
57650649 12218802
57650649 152473789
57650649 57651297
57650649 57589774
57650649 21003644
57650649 152796624
57650649 57648645
57650649 4003976
57650649 152623227
57650649 65401855
57650649 57483975
57650649 57648585
57650649 57645630
21003644 152921311
21003644 24688281
21003644 25296596
21003644 44760033
21003644 12218802
21003644 152723826
21003644 152727573
21003644 57651297
21003644 57589774
21003644 152788060
21003644 152926041
21003644 54154469
21003644 152601578
21003644 97136806
21003644 152796624
21003644 145458659
21003644 57648645
21003644 57648604
21003644 581524615
21003644 50642565
21003644 152820129
21003644 76781475
21003644 57650649
21003644 34347728
21003644 152840035
21003644 130306472
21003644 48168948
21003644 152931563
21003644 49465080
21003644 4003976
21003644 91671305
21003644 33078931
21003644 18405719
21003644 152623227
21003644 152731973
21003644 101697384
21003644 152920585
21003644 57483975
21003644 57648585
21003644 152920490
57650104 145456335
57650104 57651297
57650104 152788060
57650104 152733277
57650104 152796624
57650104 152933256
57650104 49465080
57650104 24688281
57650104 57648645
57650104 152623227
57650104 57483975
57650104 57648585
57650104 57645630
91671305 57589774
91671305 4478351
91671305 21003644
91671305 57648645
152889711 12218802
145458659 4478351
145458659 21003644
145458659 18405719
145458659 152623227
152620329 152623227
50642565 57651297
50642565 152788060
50642565 4478351
50642565 21003644
50642565 58255148
50642565 49465080
50642565 4003976
50642565 152623227
50642565 57483975
152676923 25296596
152676923 152623227
8219413 152681732
581524615 21003644
581524615 48168948
65401855 12218802
65401855 57650649
65401855 49465080
65401855 152681732
24688281 12218802
24688281 152723826
24688281 152566794
24688281 57589774
24688281 152788060
24688281 152733277
24688281 152728358
24688281 21003644
24688281 97136806
24688281 139757318
24688281 33078931
24688281 128852413
24688281 152628175
24688281 152820129
24688281 76781475
24688281 57650649
24688281 152575591
24688281 57650104
24688281 57648645
24688281 54426765
24688281 152623227
24688281 152731973
24688281 152920585
24688281 152920490
152924218 152623227
152924218 152681732
152924218 152926041
152620737 25296596
152620737 58255148
54154469 12218802
54154469 152723826
54154469 57651297
54154469 152788060
54154469 4478351
54154469 21003644
54154469 58255148
54154469 57648645
54154469 126514138
54154469 49465080
54154469 152623227
152601578 4478351
152601578 21003644
152601578 97136806
152601578 130306472
152601578 57648645
152601578 18405719
152601578 152623227
152601578 101697384
152566794 24688281
152566794 152926041
152566794 4478351
152566794 58255148
152566794 34347728
152566794 152623227
152566794 152520008
599255164 152623227
152926041 152566794
152926041 21003644
152926041 58255148
152926041 152796624
152926041 57483975
152926041 152924218
152623227 152820129
152623227 18405719
152623227 57651297
152623227 12218802
152623227 152920063
152623227 152681732
152623227 152912212
152623227 152905200
152623227 152788060
152623227 58255148
152623227 152840035
152623227 34347728
152623227 152900375
152623227 21003644
152623227 57648645
152623227 152914067
152623227 4003976
152623227 152931563
152623227 44760033
152623227 152601578
152623227 97136806
152623227 152723826
152623227 54154469
152623227 148943318
152623227 152733277
152623227 54426765
152623227 57650104
152623227 24688281
152623227 152728358
152623227 25296596
152623227 152676923
152623227 152931282
152623227 57650649
152623227 4478351
152623227 599255164
152623227 128852413
152623227 152566794
152623227 152920130
152623227 152727573
152623227 60077559
152623227 101697384
152623227 152920585
152623227 57483975
152623227 152920490
152623227 152924218
152623227 58257855
60077559 4478351
60077559 18405719
60077559 152623227
60077559 58255148
152931563 12218802
152931563 148943318
152931563 152723826
152931563 21003644
152931563 58255148
152931563 126514138
152931563 18405719
152931563 152623227
128852413 24688281
128852413 152920063
128852413 58255148
128852413 152820129
128852413 49465080
128852413 152623227
128852413 152920585
152473789 58255148
152473789 57650649
48168948 21003644
48168948 581524615
4478351 152723826
4478351 152566794
4478351 152727573
4478351 57651297
4478351 54154469
4478351 97136806
4478351 58255148
4478351 145458659
4478351 57648645
4478351 54426765
4478351 152931563
4478351 49465080
4478351 4003976
4478351 91671305
4478351 152623227
4478351 152920585
4478351 58257855
152914067 152623227
152931282 152623227
130306472 12218802
130306472 21003644
130306472 152601578
130306472 58255148
130306472 152623227
152818194 18405719
57648604 152723826
57648604 21003644
57648604 152623227
97136806 152941117
97136806 24688281
97136806 12218802
97136806 152920130
97136806 152723826
97136806 152727573
97136806 4478351
97136806 21003644
97136806 152601578
97136806 152820928
97136806 152931563
97136806 49465080
97136806 152623227
97136806 152520008
97136806 152920490
152941117 4478351
152941117 58255148
152920130 12218802
152920130 152623227
54426765 152723826
54426765 57651297
54426765 57589774
54426765 152788060
54426765 4478351
54426765 49465080
54426765 4003976
54426765 24688281
54426765 58255148
54426765 18405719
54426765 152623227
54426765 57483975
126514138 4478351
126514138 152905200
126514138 4003976
126514138 152920063
126514138 58255148
126514138 18405719
126514138 152920585
25296596 152620737
25296596 152920063
25296596 21003644
25296596 58255148
25296596 152628175
25296596 57650649
25296596 152676923
25296596 152623227
148943318 58255148
148943318 152623227
152920585 24688281
152920585 128852413
152920585 21003644
152920585 152681732
152920585 139757318
152920585 97136806
152920585 58255148
152920585 152920063
152920585 49465080
152920585 152905200
152920585 152623227
152920585 4478351
152920585 126514138
152628175 24688281
152628175 57651297
152628175 152623227
152788060 24688281
152788060 152920063
152788060 57650104
152788060 12218802
152788060 152723826
152788060 54154469
152788060 21003644
152788060 57648645
152788060 50642565
152788060 54426765
152788060 4003976
152788060 152623227
152788060 152520008
152788060 152920490
152788060 57645630
139757318 24688281
139757318 58255148
139757318 152920585
57648645 12218802
57648645 152723826
57648645 57651297
57648645 57589774
57648645 152788060
57648645 152733277
57648645 152728358
57648645 54154469
57648645 21003644
57648645 128852413
57648645 57650649
57648645 152905200
57648645 49465080
57648645 91671305
57648645 24688281
57648645 57650104
57648645 58255148
57648645 18405719
57648645 152623227
57648645 101697384
57648645 57483975
57648645 57648585
152840035 152920063
152840035 4478351
152840035 21003644
152840035 58255148
152840035 152623227
57648585 21003644
57648585 57651297
57648585 57648645
57648585 57650104
57648585 12218802
57648585 57650649
58255148 152941117
58255148 152566794
58255148 152926041
58255148 152603781
58255148 54154469
58255148 152933256
58255148 130306472
58255148 4003976
58255148 152900375
58255148 152623227
58255148 152920585
152820129 24688281
152820129 57651297
152820129 21003644
152820129 58255148
152820129 128852413
152820129 152623227
152905200 49465080
152905200 152623227
152905200 152920585
152900375 152711656
152900375 58255148
152900375 152623227
145456335 57650104
145456335 57651297
145456335 18405719
152601037 58255148
49465080 57650104
49465080 152723826
49465080 57651297
49465080 4478351
49465080 152733277
49465080 54154469
49465080 21003644
49465080 97136806
49465080 57648645
49465080 128852413
49465080 50642565
49465080 54426765
49465080 152905200
49465080 18405719
49465080 152920585
49465080 65401855
49465080 152920490
33078931 24688281
33078931 152796624
33078931 21003644
152796624 57650104
152796624 12218802
152796624 57651297
152796624 152926041
152796624 21003644
152796624 33078931
152796624 57650649
152727573 12218802
152727573 152723826
152727573 4478351
152727573 21003644
152727573 97136806
152727573 152623227
152727573 57483975
12218802 24688281
12218802 25296596
12218802 152920063
12218802 152920130
12218802 79437489
12218802 152727573
12218802 152926041
12218802 54154469
12218802 21003644
12218802 97136806
12218802 152796624
12218802 57648645
12218802 152889711
12218802 76781475
12218802 57650649
12218802 34347728
12218802 152931563
12218802 4003976
12218802 91671305
12218802 152623227
12218802 152731973
12218802 65401855
12218802 57483975
12218802 57648585
12218802 58257855
152723826 24688281
152723826 152920063
152723826 148943318
152723826 152788060
152723826 4478351
152723826 54154469
152723826 21003644
152723826 97136806
152723826 58255148
152723826 57648645
152723826 57648604
152723826 50642565
152723826 54426765
152723826 152889711
152723826 152905200
152723826 152931563
152723826 49465080
152723826 4003976
152723826 152623227
152723826 152520008
152723826 152920490
57589774 24688281
57589774 57651297
57589774 21003644
57589774 57648645
57589774 54426765
57589774 57650649
57589774 91671305
18405719 57648645
18405719 152931563
18405719 97136806
18405719 145458659
18405719 145456335
18405719 49465080
18405719 152681732
18405719 54426765
18405719 21003644
18405719 152623227
18405719 60077559
152796634 152623227
57645630 57651297
57645630 152681732
57645630 57650649
57645630 57650104
57645630 4478351
57645630 152788060
76781475 24688281
76781475 12218802
76781475 21003644
76781475 152731973
76781475 57483975
34347728 12218802
34347728 21003644
34347728 58255148
34347728 152623227
152920490 97136806
152920490 152856342
152920490 152623227
152920490 152681732
152920490 58255148
152920490 49465080
152920490 152912212
152920490 24688281
152920490 21003644
152920490 152723826
44760033 152920063
44760033 21003644
44760033 58255148
44760033 126514138
44760033 4003976
44760033 152623227
152733277 24688281
152733277 57650104
152733277 57651297
152733277 58255148
152733277 57648645
152733277 49465080
152733277 152623227
101697384 152681732
101697384 57648645
101697384 21003644
101697384 152601578
4003976 152941117
4003976 152920063
4003976 12218802
4003976 152900375
4003976 4478351
4003976 58255148
4003976 50642565
4003976 54426765
4003976 152623227
152933256 57650104
152933256 57651297
152933256 4478351
152933256 58255148
152933256 152623227
