102958992 127996398
306168974 127996398
421488238 127996398
638095109 127996398
517095669 127996398
602738834 127996398
836110219 127996398
140372500 127996398
124177398 127996398
152565431 127996398
163348889 127996398
327244684 127996398
152176196 127996398
128868956 127996398
384151036 127996398
154664142 127996398
164432383 127996398
110721632 127996398
198133346 127996398
324954607 127996398
161926008 127996398
322923045 127996398
140745627 127996398
182194096 127996398
499708116 319198854
499708116 127996398
319198854 499708116
154924562 127996398
684751714 127996398
260188854 127996398
166548850 127996398
814008855 127996398
164975400 127996398
836109657 127996398
171380983 127996398
196176891 127996398
729796096 127996398
336093031 127996398
137420640 127996398
54256952 127996398
161520955 127996398
642889763 127996398
836110208 127996398
421456585 127996398
93059027 127996398
647505785 127996398
654160479 127996398
110858790 127996398
100448864 127996398
517021847 127996398
105007795 127996398
13214046 127996398
152516021 127996398
454357472 127996398
807808375 127996398
104793756 127996398
836106669 127996398
178780929 127996398
120505335 127996398
163981747 127996398
262528127 127996398
528304542 127996398
147875233 127996398
83171621 127996398
50485141 127996398
34465794 127996398
836109941 127996398
161811039 127996398
798710094 127996398
164887607 127996398
369327795 127996398
163830993 127996398
162844662 127996398
486069592 127996398
835442616 127996398
527991756 127996398
12585727 127996398
178680380 83171621
178680380 127996398
