660458422 127996398
517095669 127996398
161923065 136885868
836108694 127996398
133622281 127996398
164666177 127996398
237998068 127996398
422535493 127996398
501617505 127996398
509049041 127996398
12249629 127996398
109868491 127996398
78363542 60232474
476355418 127996398
836108107 127996398
198009573 127996398
464882932 127996398
663023371 127996398
93424330 127996398
164685154 127996398
178641782 127996398
82293659 836611737
82293659 361326352
368545973 127996398
136885868 161923065
82111721 127996398
231126131 92112933
729796096 127996398
195483894 127996398
364658945 127996398
836108322 127996398
828447812 127996398
833575216 127996398
49248487 127996398
603235582 127996398
812540308 127996398
142924164 127996398
836108212 127996398
836611737 82293659
749524246 127996398
836108424 127996398
225631587 127996398
475813394 127996398
836111221 127996398
429651775 127996398
119198307 127996398
121665945 127996398
60232474 78363542
166391050 127996398
758006921 127996398
539234043 127996398
141933018 127996398
836110961 127996398
798710094 127996398
361326352 82293659
163830993 127996398
178641763 127996398
