152576331 582153379
152576331 45542643
152576331 44758807
152576331 210195822
152576331 152929020
152576331 58105523
152576331 152788882
152576331 57847161
152576331 99748790
152576331 210191426
152576331 57644609
152576331 64545408
172996887 64545408
582418833 64545408
536983017 57589774
298836691 45542643
298836691 58105523
298836691 64545408
14752440 58105523
14752440 155837013
14752440 64545408
44759589 57643802
44759589 45542643
44759589 57847161
44759589 99748790
35596814 3708499
35596814 99748790
35596814 64545408
582153379 99748790
582153379 64545408
298857513 64545408
152929020 57643802
152929020 120997782
152929020 57645813
152929020 57847161
152929020 99748790
152929020 152576331
581878040 581445405
581878040 57647225
581878040 64545408
47243252 64545408
298830448 6668937
298830448 57589774
298830448 210191536
298830448 64545408
581445405 581878040
581445405 45542643
581445405 57847161
581445405 64545408
6668937 45542643
6668937 3708499
6668937 58105523
6668937 99748790
6668937 64545408
38464299 52543618
38464299 45542643
38464299 57649610
38464299 57589774
38464299 44758807
38464299 57645813
38464299 57648217
38464299 99748790
38464299 57647225
38464299 64545408
806334318 64545408
130236980 64545408
582721296 64545408
52543618 96496965
52543618 57589774
52543618 38464299
52543618 57847161
52543618 155837013
52543618 64545408
99748790 96496965
99748790 57646750
99748790 175158467
99748790 57643802
99748790 132792847
99748790 832623062
99748790 210235745
99748790 582153379
99748790 45542643
99748790 120997782
99748790 6668937
99748790 3708499
99748790 210195822
99748790 35596814
99748790 38464299
99748790 57583933
99748790 57645813
99748790 42084270
99748790 152929020
99748790 601668080
99748790 58105523
99748790 44759589
99748790 152788882
99748790 57847161
99748790 210191426
99748790 152723648
99748790 152576331
99748790 581445405
99748790 44758807
99748790 57648217
99748790 57647225
99748790 64545408
210235745 57643802
210235745 44758807
210235745 99748790
210235745 64545408
582034115 64545408
210191536 298830448
210191536 57589774
210191536 64545408
210191536 57644609
54259554 64545408
175157766 45542643
175157766 57847161
175157766 99748790
175157766 152723648
175157766 57644609
175157766 64545408
57645813 175158467
57645813 57643802
57645813 832623062
57645813 45542643
57645813 581000210
57645813 582772170
57645813 38464299
57645813 152929020
57645813 58105523
57645813 99748790
57645813 57647225
57645813 57644609
581670039 64545408
582595130 64545408
57847161 96496965
57847161 581445405
57847161 57643802
57847161 45542643
57847161 57589774
57847161 44758807
57847161 175157766
57847161 99748790
57847161 152576331
57847161 57647225
57847161 57644609
57847161 64545408
152723648 57643802
152723648 57649610
152723648 99748790
152723648 64545408
149547209 210277727
149547209 582096594
149547209 64545408
582522768 45542643
582522768 64545408
210195822 57643802
210195822 99748790
210195822 152576331
210195822 64545408
84198654 57649610
84198654 64545408
57647225 57847161
57647225 45542643
57647225 99748790
57647225 581878040
57647225 57643802
57647225 44758807
57647225 57645813
57647225 57583933
57647225 38464299
57647225 57589774
57647225 57644609
57647225 64545408
601848345 64545408
306570235 64545408
549175525 64545408
57607138 210277727
57607138 45542643
57607138 57847161
806346945 64545408
601668080 99748790
601668080 64545408
42084270 120997782
42084270 57589774
42084270 64545408
210238570 210277727
210238570 149547209
210238570 155837013
210238570 64545408
581749938 64545408
581000210 57643802
581000210 57645813
806373026 175158467
806373026 64545408
132792847 45542643
132792847 99748790
132792847 64545408
45542643 96496965
45542643 57646750
45542643 175158467
45542643 210277727
45542643 581445405
45542643 57643802
45542643 132792847
45542643 582096594
45542643 298836691
45542643 120997782
45542643 6668937
45542643 57589774
45542643 44758807
45542643 582522768
45542643 175157766
45542643 38464299
45542643 57645813
45542643 57607138
45542643 44759589
45542643 57847161
45542643 99748790
45542643 152576331
45542643 57647225
45542643 64545408
152236396 64545408
96496965 175158467
96496965 52543618
96496965 57643802
96496965 45542643
96496965 57847161
96496965 99748790
96496965 210191426
96496965 155837013
96496965 64545408
206941752 64545408
421488032 64545408
210277727 175158467
210277727 45542643
210277727 210238570
210277727 57607138
210277727 64545408
210191426 96496965
210191426 57643802
210191426 99748790
210191426 155837013
210191426 152576331
210191426 64545408
3708499 175158467
3708499 57643802
3708499 35596814
3708499 99748790
3708499 64545408
152476149 64545408
582109254 64545408
152660771 64545408
152856918 64545408
138355624 64545408
152821223 64545408
175158467 96496965
175158467 57646750
175158467 210277727
175158467 57643802
175158467 45542643
175158467 44758807
175158467 806373026
175158467 3708499
175158467 175157766
175158467 57645813
175158467 99748790
175158467 64545408
832623062 57645813
832623062 99748790
57644609 175158467
57644609 57643802
57644609 57647225
57644609 57589774
57644609 175157766
57644609 57847161
57644609 44758807
57644609 57645813
57644609 57646750
57644609 58105523
57644609 64545408
97580405 64545408
58105523 57643802
58105523 298836691
58105523 14752440
58105523 210238570
58105523 120997782
58105523 57649610
58105523 6668937
58105523 57645813
58105523 152788882
58105523 99748790
58105523 152576331
58105523 57644609
58105523 64545408
57583933 99748790
57583933 64545408
57583933 57647225
44758807 175158467
44758807 57643802
44758807 45542643
44758807 3708499
44758807 38464299
44758807 57847161
44758807 152576331
44758807 99748790
44758807 57647225
44758807 57644609
44758807 64545408
57589774 57646750
57589774 52543618
57589774 45542643
57589774 298830448
57589774 210191536
57589774 38464299
57589774 536983017
57589774 42084270
57589774 57847161
57589774 57647225
57589774 57644609
57589774 64545408
806379999 64545408
582096594 45542643
582096594 149547209
582096594 64545408
57643802 96496965
57643802 175158467
57643802 210235745
57643802 45542643
57643802 581000210
57643802 120997782
57643802 44758807
57643802 3708499
57643802 210195822
57643802 582772170
57643802 57645813
57643802 152929020
57643802 58105523
57643802 44759589
57643802 57847161
57643802 99748790
57643802 210191426
57643802 152723648
57643802 57647225
57643802 57644609
505458407 64545408
57648217 38464299
57648217 99748790
57648217 64545408
582061831 64545408
47711317 64545408
82151443 64545408
155837013 96496965
155837013 14752440
155837013 210238570
155837013 99748790
155837013 210191426
155837013 64545408
582772170 57646750
582772170 57643802
582772170 57645813
582772170 64545408
582166276 64545408
57646750 175158467
57646750 45542643
57646750 57589774
57646750 582772170
57646750 99748790
57646750 57644609
57646750 64545408
467425851 64545408
95733034 64545408
57649610 38464299
57649610 84198654
57649610 58105523
57649610 152723648
57649610 64545408
581747216 64545408
60709597 64545408
43844025 64545408
120997782 57643802
120997782 45542643
120997782 14752440
120997782 57649610
120997782 42084270
120997782 152929020
120997782 99748790
120997782 64545408
152788882 58105523
152788882 99748790
152788882 152576331
152788882 64545408
