30912203 23518497
110242556 215757790
110242556 23518497
421476737 23518497
155862065 254993545
155862065 215757790
155862065 23518497
128909615 503320429
163918192 23518497
163918192 133819376
163918192 215757790
152734843 23518497
575625835 23518497
833363177 23518497
833363177 58363399
5966802 23518497
15740611 23518497
15740611 82269495
503320429 128909615
582396155 23518497
215757790 61306089
215757790 110242556
215757790 211719420
215757790 23518497
215757790 152502516
152502516 152578544
152502516 58363399
152502516 215757790
152502516 23518497
58007191 23518497
61609760 60384115
61609760 833363177
61609760 23518497
61609760 215757790
152883119 23518497
833337023 215757790
833337023 23518497
297828220 82269495
163337218 23518497
163337218 215757790
50628923 23518497
50628923 215757790
199676407 23518497
113742690 23518497
113742690 215757790
350590545 215757790
2331219 23518497
61306089 23518497
61306089 215757790
581910846 215757790
581910846 23518497
58304180 23518497
58304180 215757790
125516800 23518497
152578544 152502516
152578544 23518497
106489215 23518497
37080791 23518497
37080791 215757790
163402789 128909615
82269495 23518497
82269495 6093299
82269495 57174857
82269495 297828220
82269495 152603219
82269495 15740611
82269495 833305244
833305244 23518497
833305244 58363399
833305244 61306089
833305244 2331219
833305244 215757790
833305244 152502516
833305244 82269495
58363399 154958608
58363399 812518390
58363399 833363177
58363399 61609760
58363399 581910846
58363399 23518497
58363399 215757790
58363399 27992331
58363399 833305244
501440430 128909615
6455617 23518497
130996094 23518497
130996094 215757790
16778625 23518497
166762405 23518497
298838230 215757790
298838230 23518497
60691741 23518497
60691741 215757790
93643272 215757790
93643272 23518497
6655896 23518497
60384115 23518497
6093299 82269495
58157612 23518497
812518390 23518497
812518390 58363399
27311397 215757790
27311397 23518497
133819376 23518497
152603219 82269495
152603219 23518497
54318258 54316646
173056059 215757790
173056059 23518497
57174857 82269495
152688069 58363399
152688069 23518497
154958608 58363399
154958608 23518497
154958608 215757790
756503217 58363399
756503217 215757790
756503217 23518497
211719420 23518497
211719420 833305244
211498460 23518497
18610965 23518497
254993545 23518497
254993545 215757790
152896498 215757790
152687998 215757790
152687998 23518497
23518497 61609760
23518497 6455617
23518497 16778625
23518497 133819376
23518497 30912203
23518497 110242556
23518497 50628923
23518497 27311397
23518497 131064331
23518497 173056059
23518497 152688069
23518497 581910846
23518497 833363177
23518497 2331219
23518497 60691741
23518497 37080791
23518497 163337218
23518497 152883119
23518497 61306089
23518497 58007191
23518497 6655896
23518497 113742690
23518497 162740980
23518497 58157612
23518497 60384115
23518497 154958608
23518497 211719420
23518497 582396155
23518497 125516800
23518497 812518390
23518497 58363399
23518497 756503217
23518497 130996094
23518497 211498460
23518497 152578544
23518497 833337023
23518497 152502516
23518497 152603219
23518497 421476737
23518497 199676407
23518497 106489215
23518497 166762405
23518497 215757790
23518497 254993545
23518497 15740611
23518497 155862065
23518497 152687998
23518497 27992331
23518497 18610965
23518497 833305244
23518497 93643272
23518497 575625835
23518497 82269495
23518497 163918192
23518497 298838230
23518497 58304180
23518497 5966802
27992331 23518497
27992331 215757790
27992331 58363399
162740980 23518497
131064331 215757790
131064331 23518497
