5535540 58425181
5535540 127290864
152621620 58425181
82644668 6490448
82644668 152680991
128294145 36033898
128294145 58425181
128294145 127290864
128294145 163552958
80783824 127290864
128452432 164374424
83237416 97087922
58425181 152695831
58425181 57644297
58425181 5535540
58425181 67498742
58425181 46912418
58425181 26125089
58425181 128294145
58425181 116272003
58425181 67595076
58425181 97087922
58425181 31567629
58425181 67521449
58425181 138761781
58425181 152621620
58425181 127290864
58425181 119291457
58425181 210238514
58425181 57647789
58425181 163552958
152919886 127290864
164374424 128452432
152695831 67595076
152695831 67521449
152695831 58425181
152695831 57647789
26125089 6490448
26125089 58425181
26125089 163552958
581120371 127290864
398950795 1838934
601628272 54239475
581220356 127290864
138939996 1838934
442176218 163552958
57644297 58425181
57644297 44874615
163552958 57647789
163552958 119291457
163552958 54239475
163552958 26125089
163552958 128294145
163552958 442176218
163552958 116272003
163552958 127290864
163552958 38369045
116272003 58425181
116272003 163552958
14662169 127290864
42593785 1838934
31567629 6490448
31567629 58425181
31567629 57647789
544847419 127290864
520561553 1838934
97087922 58425181
97087922 127290864
97087922 83237416
97087922 119291457
476382430 1838934
152680991 54239475
152680991 127290864
152680991 82644668
25718865 1838934
92267941 6490448
92267941 127290864
3956336 127290864
57647789 152695831
57647789 58106803
57647789 31567629
57647789 58425181
57647789 127290864
57647789 119291457
57647789 163552958
554061497 127290864
149532916 6490448
149532916 127290864
189577180 1838934
152847380 127290864
138761781 6490448
138761781 58425181
138761781 127290864
138761781 149532916
1838934 485471752
152838839 54239475
67521449 152695831
67521449 67595076
67521449 6490448
67521449 138761781
67521449 58425181
485471752 1838934
164658548 1838934
6490448 67498742
51077807 1838934
119291457 97087922
119291457 6490448
119291457 58425181
119291457 127290864
119291457 57647789
119291457 163552958
422193973 1838934
49465821 1838934
58151947 127290864
58151947 36033898
206627190 1838934
36033898 128294145
36033898 58151947
36033898 127290864
36033898 74870976
38369045 6490448
38369045 127290864
38369045 163552958
152892275 127290864
54239475 127290864
54239475 57647789
54239475 152838839
13869906 6490448
13869906 127290864
44874615 57644297
44874615 58106803
44874615 67595076
44874615 31567629
44874615 127290864
44874615 38369045
44874615 119291457
122920597 1838934
67498742 92267941
67498742 6490448
67498742 58425181
67595076 152695831
67595076 67521449
67595076 58425181
67595076 44874615
210238514 58425181
210238514 127290864
74870976 36033898
46912418 6490448
46912418 58425181
58106803 127290864
58106803 44874615
58106803 57647789
57649212 127290864
