7394821 57649640
7394821 58104585
7394821 129617917
152884237 57646910
152884237 152726098
152884237 210195940
152884237 152620454
152574957 298851444
152730121 57646910
152730121 152726098
152730121 210195940
38364873 9843576
38364873 35915258
38364873 57646910
38364873 84313910
38364873 132582565
38364873 210195940
38364873 45810647
38364873 152714711
38364873 152920117
152686780 152726098
152686780 152595895
152735831 9843576
152735831 152710800
152735831 123855653
152735831 57646910
152735831 152726098
152735831 84313910
152735831 57644999
152735831 152603865
152735831 3559936
152735831 99559498
142889357 152595895
142889357 152726098
142889357 152694855
142889357 57644999
142889357 99559498
57588357 57646910
152857854 152726098
152857854 152595895
152857854 57652513
152857854 152620454
152857854 210195940
152694855 152726098
152694855 142889357
152694855 152856585
581144282 152726098
152920117 35915258
152920117 38364873
152920117 57646910
152920117 44758807
152920117 152726098
52584394 152726098
152619822 152734037
152619822 152726098
152620454 152595895
152620454 152726098
152620454 57644999
152620454 152857854
152620454 152884237
152940582 152595895
152940582 152726098
152595895 152576901
152595895 152601958
152595895 152620454
152595895 123855653
152595895 44758807
152595895 152726098
152595895 142889357
152595895 57647217
152595895 62237163
152595895 152940582
152595895 152914080
152595895 57644999
152595895 44744820
152595895 44759746
152595895 152686780
152595895 45810647
152595895 152857854
152595895 99559498
152595895 44758749
44759746 152601958
44759746 152595895
44759746 57646910
44759746 152726098
152710800 9843576
152710800 152735831
152710800 152726098
152710800 84313910
152710800 139765075
152883119 152726098
57647846 9843576
57647846 57646910
57647846 152726098
57647846 84313910
57647846 149532916
129617917 60787542
129617917 57644999
129617917 57646910
129617917 152726098
44758749 3559936
44758749 152928720
44758749 210195940
44758749 152595895
44758749 152726098
44758749 152688511
44758749 57646910
44758749 152674085
52690454 57646910
52690454 152726098
52690454 58104585
52690454 152907738
62237163 152595895
62237163 152726098
152915265 152726098
3559936 35915258
3559936 60787542
3559936 152726098
3559936 84313910
152907738 152726098
152907738 84313910
152907738 52690454
152907738 57647217
152907738 132582565
152907738 129617917
57647217 152937316
57647217 152734037
57647217 60787542
57647217 152595895
57647217 57646910
57647217 152726098
57647217 9843576
57647217 132582565
57647217 152907738
57647217 149532916
152688511 152726098
45820576 152726098
44744820 152595895
44744820 152726098
35915258 123855653
35915258 152726098
35915258 84313910
35915258 152819009
35915258 38364873
35915258 9843576
35915258 44758807
35915258 84682597
35915258 3559936
35915258 99559498
35915258 152920117
9357465 152603865
9357465 152726098
152787899 152726098
57649640 7394821
57649640 57649897
152937316 57646910
152937316 152726098
152937316 57647217
152937316 57644999
152603865 152735831
152603865 147602617
152603865 44758807
152603865 152726098
152603865 3559936
152603865 9357465
44759435 152726098
44759435 210195940
44759435 99559498
44759435 57649897
58104585 57646910
58104585 152726098
58104585 7394821
58276577 152726098
149532916 84313910
149532916 57647846
149532916 152726098
149532916 3559936
149532916 57647217
152928205 57646910
152928205 152726098
152928205 152914080
152928205 44758807
152898630 152726098
57646910 152937316
57646910 152800650
57646910 57588357
57646910 152601958
57646910 152674085
57646910 152730121
57646910 152734037
57646910 60787542
57646910 152735831
57646910 152577171
57646910 44758807
57646910 152726098
57646910 84313910
57646910 57647846
57646910 57647217
57646910 582738763
57646910 58104585
57646910 52690454
57646910 57644999
57646910 152928205
57646910 44759746
57646910 38364873
57646910 45810647
57646910 99559498
57646910 152884237
57646910 44758749
57646910 152920117
57646910 129617917
152622990 152726098
152882100 148301438
152674085 57646910
152674085 152726098
152674085 44758749
152580363 152726098
152580363 210195940
57652390 152788361
57652390 123855653
57652390 152726098
57652390 57644999
57652390 152907738
152734037 152619822
152734037 152577171
152734037 57646910
152734037 152726098
152734037 57647217
298851444 152574957
298851444 152726098
298851444 84313910
152713210 152726098
45810647 152595895
45810647 152577171
45810647 57646910
45810647 152726098
45810647 84313910
45810647 38364873
60787542 9843576
60787542 57646910
60787542 152726098
60787542 84313910
60787542 57647217
60787542 57644999
60787542 3559936
60787542 99559498
60787542 129617917
57652513 152800650
57652513 152576901
57652513 152577171
57652513 57646910
57652513 148301438
57652513 84313910
57652513 82123935
57652513 210195940
57652513 152603806
57652513 152857854
152819009 35915258
152819009 84313910
152819009 84682597
152819009 57644999
99559498 60787542
99559498 35915258
99559498 57646910
99559498 44758807
99559498 3559936
99559498 142889357
99559498 152735831
99559498 152914080
99559498 152726098
99559498 57644999
99559498 152595895
99559498 152734037
99559498 123855653
99559498 44759435
99559498 57649897
152601958 152595895
152601958 57646910
152601958 152726098
152601958 44759746
57649897 3559936
57649897 57649640
57649897 210195940
84313910 9843576
84313910 60787542
84313910 152710800
84313910 152735831
84313910 35915258
84313910 123855653
84313910 44758807
84313910 57646910
84313910 152726098
84313910 58104585
84313910 298851444
84313910 57644999
84313910 152907738
84313910 152819009
84313910 38364873
84313910 45810647
84313910 3559936
152687139 152726098
152576901 9843576
152576901 152595895
152576901 152726098
57644999 152937316
57644999 60787542
57644999 152595895
57644999 152735831
57644999 152620454
57644999 123855653
57644999 57646910
57644999 152726098
57644999 84313910
57644999 142889357
57644999 152819009
57644999 210195940
57644999 9843576
57644999 57652390
57644999 44758807
57644999 84682597
57644999 99559498
57644999 129617917
152603806 152726098
152603806 152734037
152603806 57652513
152603806 152883526
152685043 152726098
152800650 57646910
152800650 152726098
84682597 152819009
84682597 35915258
84682597 57644999
44758807 152595895
44758807 57646910
44758807 152726098
44758807 152816442
44758807 152603865
44758807 9843576
44758807 35915258
44758807 57644999
44758807 152928205
44758807 99559498
44758807 149532916
44758807 152920117
9843576 152576901
9843576 60787542
9843576 152710800
9843576 152735831
9843576 123855653
9843576 152726098
9843576 84313910
9843576 142889357
9843576 57647846
9843576 38364873
9843576 35915258
9843576 44758807
9843576 57647217
9843576 57644999
9843576 129617917
152726098 152576901
152726098 152601958
152726098 152674085
152726098 152734037
152726098 60787542
152726098 152595895
152726098 152710800
152726098 152735831
152726098 57652390
152726098 35915258
152726098 123855653
152726098 152883119
152726098 57646910
152726098 84313910
152726098 82123935
152726098 58276577
152726098 57647846
152726098 57647217
152726098 62237163
152726098 152694855
152726098 132582565
152726098 152688511
152726098 58104585
152726098 52690454
152726098 57644999
152726098 152907738
152726098 152928205
152726098 44759746
152726098 152603806
152726098 152622990
152726098 3559936
152726098 152857854
152726098 9357465
152726098 99559498
152726098 149532916
152726098 152687139
152914080 152595895
152914080 152726098
152914080 152816442
152914080 152928205
152914080 99559498
147602617 152601958
147602617 152726098
147602617 152603865
182227770 152726098
182227770 57649640
152928720 152726098
152928720 84313910
152928720 3559936
152928720 44758749
139765075 152850625
139765075 152710800
139765075 152726098
123855653 9843576
123855653 152595895
123855653 152735831
123855653 57652390
123855653 35915258
123855653 57646910
123855653 152726098
123855653 84313910
123855653 57644999
123855653 99559498
152856585 152726098
152856585 152694855
152883526 152726098
152883526 152603806
152850625 152726098
152850625 139765075
152577171 152734037
152577171 57646910
152577171 132582565
152577171 45810647
152816442 44758807
152816442 152726098
152816442 152914080
152723937 152726098
152674810 3559936
152955774 152726098
152714711 38364873
152714711 152726098
152714711 132582565
582738763 57646910
82123935 123855653
82123935 152726098
210195940 152730121
210195940 152788361
210195940 132582565
210195940 44759435
210195940 57644999
210195940 38364873
210195940 152580363
210195940 152857854
210195940 152884237
210195940 44758749
210195940 57649897
152788361 57652390
152788361 123855653
152788361 152726098
152788361 148301438
152788361 210195940
132582565 152577171
132582565 152726098
132582565 58104585
132582565 38364873
132582565 210195940
132582565 57647217
132582565 152714711
