79437554 64949033
45447317 67731990
45447317 54437099
45447317 54968924
45447317 18394948
45447317 57228093
45447317 128843418
45447317 54432866
168479380 64949033
52057383 64949033
52057383 52034879
64949033 6370713
179469807 64949033
65228773 64949033
83796834 64949033
205885491 11984269
82761871 18394948
58077815 238017376
12546570 64949033
69686991 64949033
28015217 64949033
217143548 64949033
142764308 64949033
384540013 64949033
67855276 25932763
67855276 45447317
67855276 54437099
67855276 18394948
67855276 57228093
67855276 54363269
56377471 64949033
83554646 64949033
56419835 64949033
81378332 25932763
81378332 54437099
81378332 18394948
56118403 64949033
137931575 64949033
701488242 64949033
58133927 64949033
58133927 58054219
836611328 64949033
52034879 52057383
18394948 169555101
18394948 67731990
18394948 81378332
18394948 25932763
18394948 82761871
18394948 45447317
18394948 54432866
18394948 54437099
18394948 54968924
18394948 67855276
18394948 57228093
54968924 54437099
54968924 18394948
54968924 57228093
58054219 58133927
128719059 64949033
299365219 64949033
149731817 64949033
54363269 67855276
18739006 64949033
56730980 57228093
677185471 64949033
3436374 64949033
35842431 64949033
128843418 45447317
6370713 64949033
355419334 64949033
24365558 18394948
24365558 67855276
24365558 57228093
49669848 64949033
59964156 64949033
54382945 64949033
23856576 64949033
45141862 64949033
11984269 64761816
11984269 205885491
54432866 81378332
54432866 25932763
54432866 54437099
54432866 54968924
54432866 18394948
54432866 67855276
54432866 45447317
54432866 57228093
64761816 11984269
54437099 67731990
54437099 81378332
54437099 45447317
54437099 54432866
54437099 54968924
54437099 18394948
54437099 67855276
54437099 57228093
25932763 81378332
25932763 54968924
25932763 18394948
25932763 67855276
169555101 18394948
48735849 64949033
67731990 54437099
67731990 64949033
67731990 18394948
67731990 45447317
67731990 57228093
54400129 64949033
766843040 64949033
57228093 67731990
57228093 64949033
57228093 54432866
57228093 56730980
57228093 54437099
57228093 54968924
57228093 18394948
57228093 67855276
534419031 64949033
