677162422 301552534
677162422 129786105
340004099 361298664
152723167 11981644
57993948 145572366
57993948 223767418
80725746 152729382
223767418 145572366
223767418 57993948
285439864 207644656
285439864 361298664
836611781 145572366
152532553 361298664
11981307 361298664
142474660 145572366
114754933 301552534
114754933 129786105
129786105 301552534
129786105 114754933
129786105 29889951
129786105 677162422
301552534 677162422
301552534 129786105
361298664 340004099
152729382 80725746
152574061 33348236
459274418 361298664
29889951 129786105
145572366 836611781
145572366 142474660
145572366 57993948
145572366 223767418
57653037 58349731
57653037 11981644
57653037 41548248
58349731 57653037
41548248 57653037
41548248 11981644
758014017 361298664
152663200 11981644
207644656 285439864
149527164 33348236
11981644 57653037
11981644 152723167
3377860 361298664
