58103529 58519792
58103529 413336034
76427055 210261209
76427055 58519792
210265707 210261209
210265707 58519792
152629053 58519792
152629053 152619633
152629053 31415083
551725342 58519792
676774354 58519792
57651046 152678144
57651046 121065995
57651046 58519792
57651046 152619633
57651046 581350162
57651046 31415083
57651046 152580250
152913291 58519792
58481574 58519792
581350162 58519792
581350162 57651046
581350162 210191116
581350162 210265707
581350162 50867419
57646643 58519792
57646643 103060346
152626994 58519792
152626994 10784409
199764425 58519792
152785275 152900169
152785275 58519792
152785275 413336034
152785275 152933726
33156621 210261209
33156621 58519792
33156621 10784409
57613475 210261209
57613475 58519792
57613475 42078922
322795878 58519792
322795878 57611186
44760234 210261209
44760234 58519792
44760234 322795878
44760234 82639491
75361310 58519792
75361310 413336034
84421525 58519792
152602263 58519792
58107508 58519792
154915197 58519792
718546363 58519792
718546363 152678753
458135638 58519792
152603061 58519792
103060346 210261209
103060346 31415083
103060346 57646643
152678144 152900169
152678144 58519792
152678144 152592090
152815699 58519792
299585139 58519792
210191116 58519792
210191116 581350162
580891943 58519792
577310557 58519792
121641561 58519792
42078922 58519792
42078922 57613475
121065995 58519792
121065995 57651046
152580250 58519792
152580250 57651046
152580250 57650953
210261209 76427055
210261209 58519792
210261209 44760234
210261209 33156621
210261209 210265707
210261209 103060346
210261209 57613475
58100228 58519792
143603254 58519792
143603254 31415083
488049891 58519792
82640983 58519792
82640983 322795878
82640983 5629621
82640983 50867419
750610411 58519792
6195738 58519792
82724093 58519792
152619633 58519792
152619633 57651046
152619633 152629053
493622699 58519792
152576314 58519792
582843554 58519792
50867419 82640983
50867419 58519792
50867419 10784409
50867419 581350162
50867419 82639491
806317286 58519792
833658470 31415083
152592090 152678144
152592090 152900169
152592090 31415083
152592090 152481789
152596344 58519792
31415083 58519792
31415083 57651046
31415083 103060346
31415083 152580973
31415083 833658470
31415083 143603254
31415083 152629053
31415083 152592090
31415083 5629621
152580973 58519792
152580973 31415083
152933726 58519792
152933726 152785275
5629621 82640983
5629621 58519792
5629621 31415083
58040780 58519792
58040780 57650953
69692423 58519792
252998020 58519792
152900169 152678144
152900169 58519792
152900169 152592090
582082250 58519792
152481789 152592090
152481789 58519792
152481789 132225056
152481789 152900169
3253661 58519792
581176225 58519792
60384115 58519792
298833298 58519792
152578577 58519792
836611870 58519792
152678753 58519792
152678753 718546363
152621185 152900169
152621185 58519792
152928143 58519792
82639491 58519792
82639491 44760234
82639491 302059165
82639491 10784409
82639491 50867419
112237150 152900169
112237150 58519792
376714529 58519792
836611748 58519792
10784409 152626994
10784409 58519792
10784409 44760234
10784409 302059165
10784409 33156621
10784409 82639491
10784409 50867419
57611186 58519792
57611186 322795878
57611186 413336034
153045400 58519792
153045400 50867419
302059165 58519792
302059165 10784409
302059165 82639491
413336034 58519792
413336034 152785275
57650953 58519792
57650953 58040780
57650953 152580250
