25421223 152592243
57643682 152576541
57643682 57645032
298830433 57478379
152722985 57644062
152722985 152576541
57478379 298830433
152817608 152576541
152817608 57645032
160303409 152592243
160303409 57645032
359366890 152592243
359366890 152576541
359366890 57645032
328303563 152576541
57644062 57645032
57644062 152722985
57643529 57645032
57643529 152592243
152576541 57643682
152576541 359366890
152576541 57645032
152576541 328303563
152576541 152722985
152592243 359366890
152592243 160303409
152592243 25421223
152592243 57643529
57645032 57643682
57645032 359366890
57645032 57644062
57645032 160303409
57645032 152817608
57645032 152576541
57645032 57643529
