152880603 152787008
152880603 152595612
152880603 49320421
152730505 135681569
152730505 152954325
152730505 152727979
152730505 152797191
152730505 152595612
152730505 152914560
152730505 152684980
104075976 152595612
152703354 49465080
152703354 152595612
152703354 152684980
152523194 152595612
24280732 152595612
152573682 57646810
152573682 58285840
152573682 152595612
152858526 152681830
152858526 152727979
152858526 152595612
152858526 152684980
76442820 152821477
76442820 136618904
76442820 152627074
152712065 152564472
152712065 152595612
581302816 152595612
8941301 152595612
152937887 152601578
152937887 57648166
152937887 152595628
152937887 152595612
152937887 49465080
152937887 152684980
49320421 152788497
49320421 152684980
49320421 17245879
49320421 8941301
49320421 57646810
49320421 152797191
49320421 57648166
49320421 152880603
49320421 152595612
49320421 152727979
49320421 152679189
152572826 152655664
152445832 152595612
152787008 298858765
152787008 57648166
152787008 152797191
152787008 152595612
16910126 152595612
16910126 152914560
16910126 152564636
152564472 152712065
152564472 152595612
9770478 152595612
601615729 152898960
601615729 57648166
601615729 152595612
601615729 49465080
601615729 22991969
152595628 152937887
152595628 152595612
152621872 152595612
152670675 32654305
152670675 152595612
152919660 152921251
152919660 57646810
152919660 152595612
152919660 152788497
57648166 152733623
57648166 152787008
57648166 152681830
57648166 152937887
57648166 12445024
57648166 152595612
57648166 601615729
57648166 49465080
57648166 152797191
57648166 49320421
57648166 152679189
152788048 152595612
152601578 298858765
152601578 152937887
152601578 152727979
152601578 152595612
298856069 152595612
57646810 17245879
57646810 152573682
57646810 152819860
57646810 49320421
57646810 152919660
148103461 152819860
148103461 22991969
152684980 152727979
152684980 49465080
152684980 105159206
152684980 152858526
152684980 152857234
152684980 152622715
152684980 833346280
152684980 152797191
152684980 12445024
152684980 152937887
152684980 152595612
152684980 152730505
152684980 152684744
152684980 49354337
152684980 49320421
152684980 22991969
152921251 152595612
152921251 152919660
152787404 152595612
152734613 152595612
152925116 152595612
152954325 152595612
152679189 152684980
152679189 152819860
152679189 57648166
152727979 152858526
152727979 152601578
152727979 152821477
152727979 58285840
152727979 152797191
152727979 152595612
152727979 152564217
152727979 152914560
152727979 152684980
152727979 49320421
152622715 135681569
152622715 152819860
152622715 152595612
152622715 152684980
57651362 152595612
152510740 152595612
17245879 57646810
17245879 152733623
17245879 152595612
17245879 49320421
11803068 136618904
11803068 152914560
11803068 152595612
11803068 22991969
152937657 152595612
152564217 152595612
152564217 152727979
152878781 152595612
58285840 152573682
58285840 152819860
58285840 152727979
58285840 152595612
58285840 49465080
58285840 16910126
152627074 76442820
152627074 152595612
298858765 152787008
298858765 152601578
298858765 152595612
298858765 49465080
152681830 152858526
152681830 57648166
152681830 152595612
32654305 152670675
32654305 152595612
152595612 298858765
152595612 32654305
152595612 152733623
152595612 152924109
152595612 152787404
152595612 152712065
152595612 152878781
152595612 152880603
152595612 152941148
152595612 135681569
152595612 111916336
152595612 152601578
152595612 152501423
152595612 152954325
152595612 152566591
152595612 152656588
152595612 152681830
152595612 24280732
152595612 152937887
152595612 152924613
152595612 152445832
152595612 152657404
152595612 152727979
152595612 152797191
152595612 152622715
152595612 152627074
152595612 49465080
152595612 152564217
152595612 298856069
152595612 16910126
152595612 11803068
152595612 152684980
152595612 49320421
210243940 152595612
136618904 76442820
136618904 152733623
136618904 152595612
136618904 152914560
136618904 11803068
152788497 105159206
152788497 49320421
152788497 22991969
152788497 152919660
152914560 136618904
152914560 152595612
152914560 152727979
152914560 152730505
152914560 16910126
152914560 11803068
49354337 49465080
49354337 152684980
49354337 152595612
152504576 152595612
152564636 152595612
152564636 16910126
152896223 152670675
152896223 152595612
152924613 152595612
105159206 152788497
105159206 152657404
105159206 152595612
105159206 152954325
105159206 57648166
105159206 152684980
105159206 49320421
836611682 152595612
111916336 152595612
152941148 152595612
152857234 152684980
152857234 152595612
152684744 152684980
152474538 152797191
152474538 152595612
22991969 135681569
22991969 152595612
22991969 148103461
22991969 152797191
22991969 152788497
49465080 298858765
49465080 58285840
49465080 152937887
49465080 57648166
49465080 152797191
49465080 152595612
49465080 601615729
49465080 152703354
49465080 152684980
49465080 49354337
152532720 152595612
152655664 152572826
152566591 152595612
152817167 152595612
152733623 17245879
152733623 136618904
152733623 57648166
152733623 152595612
152811180 152595612
152811180 152914560
12445024 57648166
152932821 152595612
634000711 152595612
135681569 152730505
135681569 152797191
135681569 152622715
135681569 152595612
135681569 22991969
152797191 152730505
152797191 152787008
152797191 152595612
152797191 49465080
152797191 57648166
152797191 49320421
152797191 152679189
152797191 22991969
152954616 152595612
152954616 152954325
152857973 152595612
152835012 152595612
152924109 152595612
152819860 57646810
152819860 152921251
152819860 148103461
152819860 58285840
152819860 152797191
152819860 152622715
152819860 152595612
152819860 152679189
152883226 152595612
152821477 76442820
152821477 152924109
152821477 17245879
152821477 57648166
152821477 152595612
152657404 152595612
