152933446 28180218
152933446 12856097
152933446 357564176
109264914 12856097
109264914 104267464
109264914 58381306
109264914 6852339
734728847 12856097
28180218 152933446
28180218 12856097
97137082 12856097
357564176 52027603
357564176 80759689
152931958 50646179
152931958 12856097
152931958 58381306
421479600 12856097
42538782 357564176
152892415 12856097
152934939 12856097
736114994 38499737
81379062 12856097
38734514 58381306
152818920 12856097
35195913 29861246
35195913 152733277
35195913 210277822
35195913 12856097
104267464 109264914
104267464 58381306
666821786 27729913
666821786 12856097
666821786 40462771
581323517 51556401
51556401 581323517
51556401 12856097
18381417 12856097
27779957 12856097
27779957 6852339
192305194 58381306
192305194 104267464
24664149 38499737
24664149 12856097
6852339 27779957
6852339 29861246
6852339 12856097
6852339 109264914
6852339 38734514
6852339 58381306
73849981 12856097
152577818 12856097
152577818 442167698
152577818 58381306
58367903 12856097
175159712 12856097
207355799 58381306
128024835 12856097
505457194 12856097
21211621 12856097
21211621 40462771
58343586 12856097
58343586 58381306
40462771 21211621
40462771 27729913
40462771 12856097
29861246 35195913
29861246 6852339
52027603 38499737
52027603 12856097
52027603 24664149
52027603 357564176
52027603 104267464
52027603 58381306
38499737 109264914
38499737 736114994
38499737 52027603
38499737 12856097
38499737 24664149
38499737 58381306
80759689 152931958
80759689 357564176
80759689 58381306
82018931 152656625
23438607 12856097
82582222 152656625
82582222 12856097
754804618 12856097
137057184 12856097
316745572 40462771
210277822 35195913
152956278 12856097
50646179 12856097
50646179 40462771
50646179 58381306
50646179 152931958
57611211 12856097
27729913 40462771
128275278 12856097
58381306 104267464
58381306 38734514
58381306 52027603
58381306 357564176
58381306 12856097
58381306 363245578
58381306 109264914
58381306 38499737
58381306 6852339
152733277 35195913
12856097 128024835
12856097 51556401
12856097 40462771
442167698 12856097
442167698 58381306
152856726 12856097
