11776916 92513875
11776916 31343115
11776916 27729281
89138255 27729281
133803312 27729281
316245505 27729281
58293208 27729281
152500143 27729281
167803911 27729281
9596966 83434813
9596966 27729281
9596966 69499811
785248604 54569627
785248604 27729281
240771560 377292164
240771560 27729281
100450800 27729281
58423960 27729281
60401540 27729281
52575493 73891667
52575493 677179984
52575493 27729281
52575493 58293208
58136839 27729281
58136839 72843371
302742502 27729281
2349919 27729281
27729281 142737969
27729281 17624196
27729281 36412495
27729281 18294704
27729281 834195682
27729281 37289938
27729281 69499811
27729281 42020094
27729281 2349919
27729281 14913727
27729281 31329622
27729281 92513875
27729281 89138255
27729281 167803911
27729281 298849781
27729281 377292164
27729281 56797285
27729281 83434813
27729281 9596966
27729281 72843371
27729281 31343115
27729281 219599083
27729281 58293208
27729281 81377665
81377665 27729281
834195682 27729281
410228177 52575493
298849781 27729281
31329622 27729281
52562992 410228177
54569627 785248604
54569627 27729281
54569627 219599083
142737969 298848629
142737969 69499811
142737969 27729281
601676898 298849742
601676898 27729281
9380849 69499811
57462036 377292164
57462036 27729281
57646774 152850273
20958995 92513875
20958995 82113883
20958995 27729281
52214573 27729281
421466416 27729281
72843371 27729281
72843371 58136839
72843371 73891667
72843371 31343115
56797285 27729281
83218569 27729281
152879629 52575493
689459224 27729281
377292164 240771560
377292164 421499798
377292164 57462036
377292164 27729281
298848629 142737969
298848629 27729281
421631160 27729281
152850273 57646774
17624196 27729281
5194636 101904182
5194636 276843688
5194636 4801210
24306933 27729281
298849742 2349919
298849742 73891667
298849742 601676898
298849742 27729281
298849742 677179984
298849742 24306933
101904182 27729281
101904182 4801210
101904182 5194636
101904182 276843688
634013425 27729281
31035604 52575493
31035604 27729281
75366315 27729281
14913727 27729281
58402624 60401540
58402624 27729281
199953180 27729281
155592588 27729281
219599083 27729281
298856553 27729281
73891667 12331164
73891667 52575493
73891667 82113883
73891667 27729281
73891667 72843371
677179984 52575493
49260951 219599083
49260951 27729281
92513875 11776916
92513875 27729281
171913551 27729281
18294704 27729281
83434813 27729281
83434813 9596966
421499798 377292164
421499798 27729281
31343115 11776916
31343115 72843371
31343115 27729281
31343115 9596966
299246260 52575493
138635688 27729281
26074982 27729281
37289938 27729281
42020094 27729281
199677889 27729281
421464893 27729281
276843688 27729281
276843688 101904182
96715263 27729281
39835053 27729281
359375375 69499811
359375375 27729281
359375375 410228177
82113883 73891667
82113883 69499811
82113883 27729281
641583305 27729281
69499811 785248604
69499811 27729281
12331164 73891667
12331164 27729281
4801210 101904182
4801210 276843688
36412495 27729281
310705046 27729281
90480745 27729281
