152729524 421541009
152729524 58413284
152729524 57967558
152729524 650262639
152729524 58361531
152729524 58253392
152729524 144734891
152729524 833311436
58361531 152524435
58361531 58413284
58361531 128274529
58361531 152729524
58361531 749650183
58361531 645969326
58361531 650262639
58361531 57967558
58361531 58253392
58361531 833311436
650262639 58143823
650262639 152729524
650262639 58413284
650262639 57967558
650262639 749650183
650262639 58361531
650262639 649953964
650262639 833311436
650262639 144734891
650262639 58253392
650262639 155090327
51139409 37849358
51139409 57967558
51139409 58253392
421541009 58253392
421541009 212596797
749650183 57967558
749650183 650262639
749650183 58413284
749650183 645969326
749650183 833311436
749650183 144734891
749650183 58253392
649953964 16523641
649953964 58253392
649953964 144736723
649953964 650262639
649953964 421541009
649953964 833311436
649953964 81377665
649953964 73891667
81377665 58253392
58180113 58361531
58180113 58253392
57967558 144734891
57967558 58253392
57967558 58361531
80328027 58143823
826092702 58253392
144736723 212596797
144736723 58253392
212596797 421541009
212596797 128274529
212596797 58143823
212596797 645969326
212596797 58253392
212596797 144736723
758027093 58253392
58253392 58413284
58253392 167818802
58253392 758027093
58253392 571355932
58253392 645969326
58253392 749650183
58253392 58143823
58253392 155090327
58253392 73891667
58253392 212596797
58253392 128274529
58253392 421541009
58253392 16523641
58253392 144736723
58253392 58180113
58253392 826092702
58143823 421541009
58143823 54676091
58143823 58413284
58143823 73891667
58143823 650262639
58143823 80328027
58143823 212596797
58143823 571355932
58143823 58253392
58143823 833311436
58413284 37849358
58413284 421541009
58413284 152729524
58413284 57967558
58413284 650262639
58413284 749650183
58413284 58361531
58413284 58253392
58413284 833311436
58413284 144734891
58413284 144736723
645969326 37849358
645969326 749650183
645969326 58361531
645969326 144734891
645969326 58253392
645969326 155090327
645969326 212596797
163941313 58253392
163941313 16523641
833311436 57967558
833311436 128274529
833311436 758003381
833311436 37849358
833311436 58413284
833311436 155090327
833311436 152512419
833311436 58361531
833311436 749650183
833311436 58253392
833311436 144734891
833311436 650262639
167818802 144734891
167818802 58253392
734128878 58253392
73891667 58253392
73891667 16523641
73891667 649953964
758003381 58253392
758003381 833311436
758003381 144734891
28978042 16523641
58106532 58253392
37849358 421541009
37849358 58413284
37849358 645969326
37849358 51139409
37849358 155090327
37849358 58253392
37849358 144734891
37849358 833311436
155090327 650262639
155090327 144734891
155090327 58253392
152512419 58361531
152512419 58253392
152512419 833311436
152524435 58361531
103253808 58253392
571355932 58253392
16523641 73891667
16523641 421541009
16523641 58253392
16523641 163941313
16523641 649953964
144734891 37849358
144734891 650262639
144734891 155090327
144734891 758003381
144734891 152729524
144734891 58253392
144734891 57967558
144734891 645969326
144734891 167818802
144734891 58361531
144734891 54676091
144734891 749650183
144734891 58413284
144734891 128274529
144734891 833311436
128274529 650262639
128274529 833311436
128274529 144734891
128274529 58253392
128274529 212596797
134285653 155090327
134285653 58253392
