138373073 696130931
138373073 660033
14984034 128765923
83119144 128765923
55030177 29122183
29122183 128765923
58151397 107496318
660033 138373073
73959579 128765923
73959579 107496318
73959579 39408239
27261385 128765923
210277454 128765923
210221086 128765923
424031096 128765923
164374602 164378095
505556450 138373073
129864250 128765923
696130931 138373073
107496318 73959579
107496318 58151397
58033295 128765923
58056042 128765923
127988429 128765923
58279115 128765923
164378095 164374602
58408550 376352321
376352321 58408550
