205890927 86326440
80866627 111076855
80866627 4396691
80866627 54415065
828537262 52573212
52505154 45820532
52505154 4396691
52505154 52573212
111076855 205885287
111076855 4396691
57646440 205885287
57646440 205885169
57646440 130237360
57646440 45820532
57646440 205885386
57646440 54380622
57646440 45163723
57646440 4396691
57646440 54415065
57646440 52505154
57646440 52573212
638996407 205885287
205891043 4396691
130237360 205885287
57647342 45163723
4396691 205885287
4396691 97522278
4396691 57646440
4396691 18328595
4396691 52505154
4396691 541446747
4396691 52573212
58040419 45163723
216454194 205885287
54387408 205885287
54387408 52573212
86326440 205890927
18328595 57646440
18328595 130237360
18328595 4396691
58059099 205885287
58059099 4396691
45163723 58040419
45163723 205885287
45163723 130237360
45163723 45820532
45163723 54380622
45163723 530744472
45163723 57647342
45163723 23194436
45163723 54415065
45163723 57646440
45163723 9418493
299477731 30787942
299477731 54415065
299477731 4396691
299477731 130237360
299477731 58177918
205885386 57646440
352287761 4396691
30787942 205885287
30787942 299477731
205885169 52573212
205885169 57646440
677184131 54415065
54380622 45163723
54380622 57646440
54380622 4396691
33562318 205885287
33562318 9418493
9418493 45163723
9418493 54415065
9418493 33562318
9418493 4396691
9418493 57646440
541446747 58000572
541446747 4396691
541446747 57646440
45820532 205885287
45820532 45163723
45820532 54415065
45820532 52505154
45820532 57646440
54415065 205885287
54415065 80866627
54415065 45820532
54415065 45163723
54415065 97522278
54415065 677184131
54415065 57646440
54415065 52573212
54415065 299477731
52573212 54380622
52573212 205885287
52573212 57646440
52573212 52505154
52573212 4396691
52573212 205885169
52573212 834133659
52573212 54387408
52573212 54415065
52573212 828537262
52573212 677489388
52573212 9418493
267343843 4396691
97522278 205885287
97522278 130651501
97522278 4396691
97522278 57646440
97522278 9418493
58274359 4396691
205885287 58059099
205885287 54387408
205885287 638996407
205885287 130237360
205885287 45820532
205885287 33562318
205885287 216454194
205885287 111076855
205885287 45163723
205885287 97522278
205885287 4396691
205885287 30787942
205885287 54415065
205885287 57646440
205885287 52573212
