73476119 58007605
52029790 421458292
421444995 421455819
421444995 69541318
421444995 60284171
421444995 21545303
421444995 81378762
421444995 74614241
421444995 58007605
829611322 81378762
58135675 298849153
58135675 58007605
80899243 58007605
21545303 298849153
21545303 298848587
21545303 421455819
21545303 69541318
21545303 58007605
49172570 58007605
30767927 35774020
60284171 58007605
45819644 58007605
45819644 57994032
37639034 58007605
457744203 58007605
541453902 58007605
298849153 58007605
298849153 58135675
756534444 58007605
421458292 52029790
298848587 58007605
298848587 21545303
421466321 69541318
421466321 421455819
57994032 45819644
224500691 58007605
58005796 58007605
35774020 30767927
35774020 74614241
421455819 421444995
421455819 21545303
421455819 58007605
421455819 421466321
58016343 58007605
58297647 58007605
81378762 58007605
74614241 35774020
73543971 58007605
