441728692 114775504
152858405 114775504
152858405 49213325
152858405 38054162
152858405 152660493
152858405 149547347
57650146 58154263
57650146 114775504
57650146 152660493
57650146 44758687
57650146 57649228
199702360 114775504
177100513 114775504
177100513 65295089
152890411 114775504
162434243 58154263
162434243 114775504
162434243 57588227
38054162 114775504
38054162 11046610
38054162 61614807
38054162 152821535
38054162 17052029
152818655 114775504
152818655 152914297
152818655 57649228
152811278 114775504
152811278 38054162
152914297 152818655
152914297 114775504
152914297 210186180
47243252 114775504
42071271 114775504
728469541 114775504
98248290 38054162
98248290 114775504
836611626 114775504
61614807 114775504
61614807 38054162
152678928 114775504
57647947 114775504
57647947 44758687
130228791 210258385
130228791 114775504
44758931 114775504
31538472 114775504
31538472 11046610
49213325 10882815
49213325 114775504
44758687 57650146
44758687 114775504
44758687 65295089
44758687 58276712
44758687 11046610
44758687 152928219
44758687 57647947
152905949 114775504
298837876 114775504
10882815 114775504
10882815 11046610
10882815 105894619
58276712 58154263
58276712 65295089
58276712 86281617
58276712 44758687
82403909 114775504
82403909 38054162
580996823 114775504
147840325 114775504
836611482 114775504
107658694 114775504
152939682 58154263
152939682 114775504
152939682 11046610
742741373 114775504
58155724 114775504
833387450 114775504
128396023 114775504
9677420 114775504
152731881 114775504
149547347 114775504
149547347 152858405
13115150 114775504
57588227 210258385
57588227 114775504
57588227 162434243
57588227 65295089
57588227 11046610
57588227 152928219
152660493 57650146
152660493 114775504
152660493 152858405
152725164 114775504
580992959 114775504
58038023 114775504
836611727 114775504
128207504 114775504
210186180 114775504
210186180 152914297
152928219 114775504
152928219 57588227
152928219 44758687
85052945 114775504
85052945 42071271
582288460 114775504
582418963 114775504
21746219 114775504
65295089 114775504
65295089 57588227
65295089 58276712
65295089 44758687
65295089 177100513
812500516 114775504
50856722 114775504
152915153 114775504
152915153 11046610
57649228 152818655
57649228 57650146
57649228 10882815
57649228 114775504
58154263 152939682
58154263 57650146
58154263 162434243
58154263 144702190
58154263 11046610
58154263 50642348
134459668 114775504
134459668 729366319
168947814 114775504
57068321 114775504
152684787 114775504
152821535 114775504
152821535 38054162
152821535 168947814
17052029 114775504
17052029 38054162
729366319 134459668
144702190 152818655
144702190 58154263
144702190 114775504
144702190 58276712
144702190 13115150
58119634 114775504
105894619 10882815
105894619 114775504
81478659 114775504
86281617 114775504
86281617 58276712
125326858 114775504
114775504 128207504
154848416 114775504
11046610 152939682
11046610 31538472
11046610 58154263
11046610 10882815
11046610 114775504
11046610 38054162
11046610 57588227
11046610 44758687
11046610 152915153
50642348 58154263
50642348 114775504
210258385 114775504
210258385 57588227
210258385 130228791
