26013128 11847053
58183272 32323108
58183272 13139115
58183272 45822167
58183272 215747976
58183272 36026186
58183272 11847053
57613226 10537491
57613226 11847053
25858287 11847053
302460449 11847053
531199 152620824
531199 11847053
575625835 78282737
575625835 11847053
36026186 58183272
36026186 11847053
689269580 20663072
689269580 302460449
689269580 78282737
689269580 10537491
689269580 45822167
689269580 11847053
689269580 215747976
32323108 58183272
32323108 45822167
32323108 11847053
215747976 58183272
215747976 11847053
9596566 19285426
175540859 11847053
27978923 11847053
58398809 11847053
19285426 9596566
19285426 78282737
19285426 37932887
19285426 13139115
19285426 45822167
19285426 215747976
19285426 11847053
78282737 575625835
78282737 11847053
13139115 19285426
13139115 45822167
13139115 11847053
11847053 689269580
11847053 575625835
11847053 357564100
11847053 25858287
11847053 175540859
11847053 20663072
11847053 13139115
11847053 78282737
11847053 26013128
11847053 80397872
11847053 45822167
11847053 37932887
11847053 27978923
11847053 72475360
11847053 19285426
11847053 32323108
11847053 215747976
11847053 36026186
11847053 10537491
10537491 72475360
10537491 689269580
10537491 38871821
10537491 11847053
357564100 11847053
357564100 10537491
20663072 10537491
20663072 11847053
38871821 10537491
38871821 11847053
80397872 10537491
80397872 11847053
152620824 531199
152620824 11847053
72475360 11847053
37932887 19285426
37932887 11847053
68145126 11847053
68145126 45822167
45822167 19285426
45822167 58183272
45822167 68145126
45822167 32323108
45822167 13139115
45822167 27978923
45822167 10537491
45822167 215747976
45822167 11847053
