152877524 97087497
152877524 152800661
152877524 44759057
152877524 142540118
152877524 30084170
152877524 21111866
152877524 42108036
152877524 152730501
58007002 128880232
58170407 97087497
58170407 42108036
58170407 152941539
58170407 49253401
58340264 210032083
42152481 40125828
42152481 49253401
27854373 49253401
27854373 37126262
152839720 152730501
30084170 97087497
30084170 44759057
30084170 152681775
30084170 128880232
30084170 580918162
30084170 252134387
30084170 152877524
30084170 152731286
30084170 152730501
44759057 97087497
44759057 30084170
44759057 92863219
44759057 152877524
44759057 152627112
130228391 97087497
130228391 40125828
152627112 44759057
152627112 75286283
128880232 97087497
128880232 152800661
128880232 30084170
128880232 49235440
128880232 40125828
128880232 50634727
152800661 152877524
152800661 152730501
152800661 580897531
152800661 130175973
103060094 21111866
103060094 40125828
42108036 97087497
42108036 142540118
42108036 152730501
580918162 30084170
580918162 40125828
580918162 130175973
13493766 75286283
13493766 49253401
58077224 97087497
58077224 152681775
58077224 152931330
58077224 152564115
152660427 152723826
152809281 152723826
152809281 346626115
152809281 130175973
152809281 49253401
152564115 58077224
152731286 30084170
152731286 152730501
136799398 13493766
97087497 44759057
97087497 142540118
97087497 30084170
97087497 27147210
97087497 21111866
97087497 92863219
97087497 42108036
97087497 128880232
97087497 152877524
97087497 49235440
97087497 75286283
97087497 130228391
97087497 130175973
97087497 58077224
97087497 42152481
49235440 97087497
49235440 128880232
580897531 152800661
580897531 130175973
152941539 42108036
152941539 58170407
834053964 171964923
834053964 421465301
21111866 97087497
21111866 152877524
21111866 103060094
21111866 50634727
210032083 58340264
833558949 152723826
49253401 346626115
49253401 13493766
27147210 97087497
27147210 152800661
27147210 142540118
27147210 27591697
17274381 13493766
152730501 152839720
152730501 152800661
152730501 30084170
152730501 92863219
152730501 42108036
152730501 152877524
152730501 152731286
152730501 40125828
152730501 57643427
580907154 49253401
152892390 152723826
152892390 130175973
142540118 97087497
142540118 152681775
142540118 27147210
142540118 42108036
142540118 152877524
152681775 142540118
152681775 30084170
152681775 58077224
152681775 42152481
73602742 40125828
73602742 130175973
75286283 97087497
75286283 13493766
75286283 152578591
75286283 12246589
75286283 27591697
75286283 152627112
185912895 130175973
152571673 40125828
252134387 30084170
12246589 75286283
153213128 49253401
50634727 21111866
50634727 128880232
148312229 49235440
148312229 40125828
660049158 130175973
92863219 97087497
92863219 44759057
92863219 152730501
152677128 40125828
152723826 97087497
152723826 152809281
152723826 13493766
152723826 152660427
152723826 152892390
152723826 57643427
152931330 42108036
152931330 58077224
40125828 152571673
40125828 73602742
40125828 152677128
40125828 128880232
40125828 580918162
40125828 152730501
40125828 103060094
40125828 130228391
40125828 148312229
40125828 42152481
57643427 152730501
57643427 152723826
57643427 152578591
57643427 42152481
346626115 152809281
346626115 49253401
152578591 75286283
37126262 13493766
37126262 27854373
37126262 130175973
37126262 806251264
37126262 42152481
609431861 130175973
421465301 97087497
421465301 834053964
