28896565 357564167
184789535 58381306
184789535 107239727
184789535 357564167
54317690 152541445
54317690 58381306
66583747 357564167
66583747 58381306
182194096 357564167
421457648 58381306
456671946 643205736
456671946 357564167
456671946 58381306
371024169 58381306
128039963 58381306
152541445 54317690
421476533 357564167
421476533 58381306
643205736 456671946
49168559 238984433
71562580 357564167
71562580 58381306
107239727 184789535
298846294 357564167
238984433 357564167
238984433 58381306
58381306 54317690
58381306 357564167
58381306 238984433
58381306 184789535
357564167 238984433
357564167 28896565
357564167 71562580
357564167 184789535
357564167 58381306
