152684860 812460647
152684860 76805532
45300264 76805532
130388857 92835372
130388857 316536857
130388857 649953964
219579982 76805532
75719073 76805532
638095177 316536857
638095177 76805532
421490177 77158066
421490177 76805532
103046 76805532
210201730 121143539
58440664 76805532
607541526 302765700
607541526 76805532
92835372 45347436
92835372 130388857
92835372 316536857
649953964 109108802
649953964 76805532
649953964 12856097
649953964 150892552
649953964 130388857
649953964 92835372
649953964 73891667
649953964 223811061
649953964 45161102
649953964 298848587
58322499 76805532
700995141 76805532
109108802 76805532
109108802 34743133
109108802 45347436
109108802 649953964
58306152 76805532
818263919 58020498
818263919 76805532
171029389 76805532
141335605 12856097
80586498 76805532
152521287 76805532
77158066 76805532
421460082 76805532
58435821 76805532
152534675 76805532
316536857 76805532
316536857 150892552
316536857 92835372
316536857 649953964
316536857 638095177
316536857 130388857
316536857 34125290
562752 77158066
562752 45161102
562752 76805532
359617361 76805532
833297794 109108802
45347436 833297794
45347436 92835372
45347436 109108802
34743133 76805532
34743133 109108802
45161102 649953964
45161102 562752
57444906 76805532
223811061 80866330
223811061 76805532
223811061 649953964
812460647 152684860
421474768 76805532
421464987 76805532
362451828 76805532
580899604 76805532
34125290 76805532
34125290 316536857
298848587 73891667
298848587 76805532
298848587 130388857
298848587 316536857
298848587 649953964
421501915 76805532
57583599 76805532
58020498 12856097
152898921 12856097
73891667 150892552
73891667 76805532
73891667 130388857
73891667 649953964
8419185 76805532
421472924 130388857
421472924 109108802
421472924 76805532
150892552 73891667
150892552 76805532
150892552 649953964
150892552 316536857
15612553 76805532
37086027 76805532
421462407 76805532
140300522 76805532
80866330 223811061
80866330 76805532
121143539 12856097
121143539 210201730
121143539 76805532
152788028 80586498
152788028 12856097
152788028 76805532
99076375 76805532
155905383 76805532
76805532 77158066
76805532 140300522
12856097 121143539
58484214 12856097
