140116944 76719437
140116944 61967404
223834306 76719437
149152324 76719437
325479575 76719437
836611340 76719437
386091270 76719437
72238871 76719437
830305285 76719437
611157632 76719437
130692455 76719437
723033978 76719437
269046627 76719437
107672098 76719437
135822093 76719437
312631620 76719437
61967404 76719437
61967404 140116944
155639615 76719437
214212900 76719437
179731370 76719437
179731370 155071924
58281860 76719437
268154241 76719437
313012358 76719437
267517988 76719437
33813255 76719437
33813255 89076817
310997942 76719437
256339646 76719437
77181586 76719437
55022166 76719437
647009359 76719437
232735207 76719437
338231922 76719437
134997920 76719437
219221462 76719437
566555426 76719437
287101391 76719437
77740734 76719437
295818759 76719437
4431576 76719437
240099248 734075329
49183747 76719437
