51841465 528599030
51841465 749803502
51841465 163799507
182095607 449707626
182095607 299365190
131477604 163799507
131477604 820175849
131477604 455796244
16169720 528702395
16169720 459740836
16169720 163799507
16169720 211001910
16169720 455796244
16169720 216078491
16169720 216077989
16169720 820175849
16169720 833299793
16169720 130187194
211001910 144537777
211001910 99916775
211001910 178738549
211001910 820175849
211001910 216078491
211001910 455796244
211001910 16169720
99916775 528702395
99916775 369128962
99916775 163799507
99916775 211001910
99916775 455796244
99916775 216077989
99916775 453866093
99916775 820175849
99916775 144826889
449707626 55566346
449707626 163799507
449707626 455796244
449707626 820175849
453866093 528702395
453866093 455796244
453866093 216078491
453866093 216077989
453866093 833299793
453866093 144537777
453866093 99916775
453866093 528376464
453866093 55566346
453866093 144826889
216078491 99916775
216078491 528599030
216078491 459740836
216078491 131477604
216078491 738281503
216078491 55566346
216078491 163799507
216078491 211001910
216078491 16169720
216078491 455796244
216078491 453866093
216078491 216077989
216078491 820175849
216078491 1615233
60857413 388393661
60857413 163799507
60857413 499865167
528376464 55566346
528376464 453866093
144537777 528702395
144537777 556157758
144537777 163799507
144537777 211001910
144537777 455796244
144537777 216077989
144537777 99916775
144537777 459740836
144537777 55566346
144537777 453866093
144537777 820175849
144537777 421460155
182427744 750937671
182427744 388393661
529483974 528702395
529483974 216077989
162754881 59582050
162754881 163799507
453572716 215952657
388393661 56653490
388393661 182427744
388393661 455796244
820187169 499865167
56653490 144547178
56653490 388393661
750329340 55566346
833299793 528591549
833299793 99916775
833299793 89947730
833299793 302644750
833299793 131477604
833299793 738281503
833299793 55566346
833299793 163799507
833299793 16169720
833299793 449707626
833299793 528468266
833299793 455796244
833299793 216078491
833299793 453866093
833299793 695724644
833299793 216077989
833299793 820175849
833299793 144826889
833299793 130187194
59582050 162754881
687757776 55566346
687757776 455796244
687757776 216077989
369128962 661142718
369128962 99916775
369128962 144826889
528222316 216077989
528222316 820175849
459740836 16169720
459740836 216078491
459740836 216077989
459740836 144537777
556157758 144537777
556157758 163799507
163799507 528599030
163799507 749803502
163799507 16169720
163799507 455796244
750937671 820175849
750937671 455796244
750937671 182427744
695724644 163799507
695724644 833299793
108082594 163799507
130187194 16169720
130187194 455796244
130187194 216077989
130187194 528702395
835274230 163799507
455796244 528702395
455796244 144537777
455796244 99916775
455796244 55566346
455796244 163799507
455796244 211001910
455796244 16169720
455796244 449707626
455796244 453866093
455796244 216077989
455796244 833299793
455796244 144826889
455796244 421460155
455796244 130187194
528599030 749803502
528599030 782536768
528599030 163799507
528599030 130187194
102136314 55566346
56606296 1615233
299365190 182095607
834902523 216077989
834902523 497201242
215952657 453572716
192703496 163799507
661142718 528702395
661142718 369128962
661142718 455796244
661142718 216077989
497201242 834902523
497201242 163799507
308979004 163799507
308979004 455796244
308979004 820175849
178738549 163799507
144826889 528702395
144826889 83559831
144826889 369128962
144826889 163799507
144826889 528468266
144826889 455796244
144826889 216077989
144826889 833299793
144826889 144537777
144826889 55566346
144826889 453866093
144826889 820175849
529458639 1615233
529458639 163799507
528702395 661142718
528702395 144537777
528702395 99916775
528702395 302644750
528702395 529483974
528702395 55566346
528702395 16169720
528702395 455796244
528702395 216078491
528702395 453866093
528702395 216077989
528702395 21198468
528702395 820175849
528702395 144826889
528702395 130187194
738281503 528599030
738281503 163799507
499865167 60857413
499865167 820187169
421460155 163799507
421460155 455796244
421460155 144537777
421460155 820175849
83559831 163799507
83559831 144826889
302644750 163799507
302644750 455796244
302644750 820175849
216077989 528702395
216077989 661142718
216077989 144537777
216077989 834902523
216077989 99916775
216077989 528222316
216077989 687757776
216077989 459740836
216077989 131477604
216077989 738281503
216077989 55566346
216077989 163799507
216077989 16169720
216077989 455796244
216077989 453866093
216077989 820175849
216077989 833299793
216077989 144826889
216077989 130187194
528468266 144826889
410982180 455796244
782536768 163799507
1615233 529483974
1615233 529458639
1615233 56606296
661281587 455796244
55566346 455796244
55566346 216077989
55566346 820175849
749803502 528599030
749803502 163799507
749803502 51841465
450349874 55566346
820175849 528702395
