84456946 131882217
84456946 30430155
134998026 30430155
31285890 21194997
298711978 127551402
298711978 30430155
295656707 30430155
288225691 30430155
94002074 80716173
94002074 129409358
94002074 40215753
21194997 144814849
21194997 30430155
21194997 31285890
40215753 94002074
40215753 129409358
40215753 80716173
297473226 247350781
131882217 127551402
57068341 57171573
144737171 129409358
127551402 131882217
127551402 30430155
127551402 298711978
217189514 127551402
57648585 129409358
144814849 107674284
144814849 21194997
230414111 30430155
57171573 57068341
57590293 94002074
129409358 144737171
129409358 94002074
129409358 40215753
129409358 57648585
286272157 127551402
286272157 131882217
247350781 31285890
30430155 127551402
30430155 131882217
581634940 57418888
107670207 127551402
107670207 30430155
288125868 30430155
107674284 30430155
297426234 30430155
297703985 30430155
