199728906 11579186
19779591 11579186
581316221 11579186
258928846 11579186
56908807 11579186
56908807 45162009
56908807 205891048
31932241 11579186
155562528 11579186
127547101 127712320
4192422 191906800
18621221 11579186
149095198 11579186
47904520 11579186
12062991 11579186
10748146 11579186
114572615 11579186
58326505 11579186
104605635 11579186
78505369 39349020
45497661 11579186
216071664 11579186
155044924 11579186
19439685 11579186
364906729 11579186
228219163 11579186
45405305 11579186
223880364 11579186
750235713 11579186
178227350 11579186
303575838 11579186
299428339 11579186
299462233 11579186
359905559 11579186
836611495 11579186
32948399 11579186
136186468 11579186
50177100 11579186
194477469 11579186
205891048 56908807
199765131 11579186
54434218 11579186
300041003 11579186
581088980 11579186
81483340 11579186
323518917 11579186
42106086 11579186
258458187 11579186
299140230 11579186
45427602 11579186
64508356 11579186
39527148 11579186
706459720 11579186
26472277 11579186
45481061 11579186
52039439 11579186
127712320 127547101
129701474 11579186
40948989 11579186
191906800 11579186
191906800 4192422
182306158 11579186
45162009 56908807
45162009 11579186
164394698 11579186
18684028 11579186
18684028 45427602
83955219 11579186
39349020 11579186
39349020 78505369
212615987 155562528
47983882 11579186
12060052 11579186
