164059678 36005124
164059678 39680738
164059678 6883527
582577008 58153047
582577008 121878416
582577008 15579405
582577008 145456673
57648770 44754951
57648770 36005124
57648770 39680738
57648770 45498888
57648770 121878416
57648770 6883527
57648770 90795647
57648770 21450189
210228393 12218802
210228393 36005124
210228393 58147768
210228393 39680738
210228393 121878416
210228393 6883527
210228393 29196272
210228393 15579405
210228393 58173433
210228393 21450189
13241009 44754951
13241009 26997993
13241009 12218802
13241009 20240473
13241009 145456673
13241009 58085742
13241009 36005124
13241009 49520716
13241009 57649233
13241009 58147768
13241009 10860279
13241009 581991812
13241009 45498888
13241009 58157192
13241009 121878416
13241009 152896070
13241009 3266450
13241009 60384115
13241009 101699317
13241009 6883527
13241009 128732363
13241009 149185149
13241009 152785387
13241009 44758566
13241009 29196272
13241009 101695656
13241009 15579405
13241009 23451022
13241009 152858581
13241009 57661479
13241009 152674464
13241009 57589791
13241009 58173433
13241009 21450189
121878416 581532663
121878416 26997993
121878416 152592762
121878416 58153047
121878416 210185566
121878416 12218802
121878416 20240473
121878416 145456673
121878416 58002573
121878416 58085742
121878416 155849997
121878416 36005124
121878416 42131113
121878416 210231342
121878416 49520716
121878416 74932698
121878416 58147768
121878416 152567687
121878416 148981234
121878416 10860279
121878416 39680738
121878416 581991812
121878416 45498888
121878416 210228393
121878416 78642227
121878416 152576289
121878416 58157192
121878416 13241009
121878416 152896070
121878416 3266450
121878416 60384115
121878416 148320904
121878416 152735082
121878416 139708534
121878416 101699317
121878416 6883527
121878416 128732363
121878416 149185149
121878416 152785387
121878416 44758566
121878416 36996775
121878416 164059678
121878416 29196272
121878416 101695656
121878416 15579405
121878416 23451022
121878416 152858581
121878416 44754951
121878416 57649233
121878416 45820576
121878416 582577008
121878416 57661479
121878416 152674464
121878416 57589791
121878416 58173433
121878416 152572838
121878416 21450189
152674464 57589791
152674464 58147768
152674464 57661479
152674464 13241009
152674464 15579405
152674464 45498888
152674464 39680738
152674464 44754951
152674464 12218802
152674464 10860279
152674464 152858581
152674464 36005124
152674464 148981234
152674464 6883527
152674464 121878416
152674464 57649233
152674464 58173433
152674464 21450189
152858581 12218802
152858581 36005124
152858581 39680738
152858581 121878416
152858581 13241009
152858581 6883527
152858581 15579405
152858581 21450189
58157192 36005124
58157192 58147768
58157192 10860279
58157192 45498888
58157192 121878416
58157192 13241009
58157192 6883527
58157192 15579405
58157192 21450189
152576289 44754951
152576289 485493516
152576289 210228193
152576289 58002573
152576289 36005124
152576289 58147768
152576289 10860279
152576289 39680738
152576289 45498888
152576289 121878416
152576289 6883527
152576289 90795647
152576289 58173433
152576289 21450189
26997993 44754951
26997993 58153047
26997993 145456673
26997993 36005124
26997993 39680738
26997993 45498888
26997993 121878416
26997993 13241009
26997993 29196272
26997993 101695656
26997993 152898313
26997993 57661479
26997993 57589791
36005124 44754951
36005124 60288964
36005124 26997993
36005124 58153047
36005124 12218802
36005124 20240473
36005124 45544675
36005124 101698236
36005124 58002573
36005124 9594453
36005124 210231342
36005124 74932698
36005124 58147768
36005124 148981234
36005124 10860279
36005124 39680738
36005124 581991812
36005124 45498888
36005124 210228393
36005124 58157192
36005124 121878416
36005124 13241009
36005124 152896070
36005124 3266450
36005124 60384115
36005124 148320904
36005124 101699317
36005124 57648770
36005124 6883527
36005124 128732363
36005124 149185149
36005124 44758566
36005124 36996775
36005124 164059678
36005124 29196272
36005124 90795647
36005124 15579405
36005124 152898313
36005124 23451022
36005124 152858581
36005124 582577008
36005124 57661479
36005124 152674464
36005124 58173433
36005124 21450189
152506684 39680738
152506684 57661479
152592762 44754951
152592762 58002573
152592762 36005124
152592762 58147768
152592762 39680738
152592762 45498888
152592762 121878416
152592762 13241009
152592762 6883527
152592762 128732363
152592762 15579405
152592762 58173433
152592762 21450189
152785387 20240473
152785387 39680738
152785387 121878416
152785387 13241009
152785387 6883527
152785387 15579405
152785387 21450189
57649233 20240473
57649233 36005124
57649233 58147768
57649233 39680738
57649233 45498888
57649233 13241009
57649233 6883527
57649233 149185149
57649233 29196272
57649233 15579405
57649233 23451022
57649233 44754951
57649233 121878416
57649233 152674464
57649233 58173433
57649233 21450189
42131113 12218802
42131113 58147768
42131113 10860279
42131113 39680738
42131113 45498888
42131113 13241009
42131113 6883527
42131113 21450189
581532663 45498888
581532663 121878416
581532663 6883527
581532663 15579405
274022619 36005124
274022619 10860279
274022619 39680738
36996775 12218802
36996775 20240473
36996775 145456673
36996775 36005124
36996775 39680738
36996775 45498888
36996775 121878416
36996775 6883527
36996775 15579405
36996775 58173433
39680738 152580680
39680738 44754951
39680738 152900044
39680738 60288964
39680738 485493516
39680738 26997993
39680738 58153047
39680738 12218802
39680738 20240473
39680738 101698236
39680738 58085742
39680738 36005124
39680738 74932698
39680738 58147768
39680738 148981234
39680738 10860279
39680738 45498888
39680738 210228393
39680738 121878416
39680738 152896070
39680738 3266450
39680738 60384115
39680738 152506684
39680738 139708534
39680738 101699317
39680738 57648770
39680738 6883527
39680738 44758566
39680738 36996775
39680738 164059678
39680738 29196272
39680738 101695656
39680738 175162651
39680738 15579405
39680738 152898313
39680738 23451022
39680738 57661479
39680738 152674464
39680738 58173433
39680738 21450189
45498888 44754951
45498888 26997993
45498888 12218802
45498888 20240473
45498888 36005124
45498888 57649233
45498888 74932698
45498888 58147768
45498888 10860279
45498888 39680738
45498888 121878416
45498888 13241009
45498888 6883527
45498888 29196272
45498888 175162651
45498888 15579405
45498888 57661479
45498888 152674464
45498888 58173433
45498888 21450189
148981234 12218802
148981234 36005124
148981234 58147768
148981234 10860279
148981234 39680738
148981234 121878416
148981234 13241009
148981234 6883527
148981234 15579405
148981234 58173433
148981234 21450189
58153047 152580680
58153047 26997993
58153047 39680738
58153047 121878416
58153047 13241009
58153047 152735082
58153047 128732363
58153047 90795647
58153047 23451022
58153047 582577008
58153047 21450189
58495329 21450189
210228193 36005124
210228193 58147768
210228193 39680738
210228193 152576289
210228193 121878416
210228193 6883527
210228193 15579405
210228193 21450189
45544675 36005124
45544675 58147768
45544675 6883527
45544675 15579405
45544675 21450189
152567687 44754951
152567687 36005124
152567687 58147768
152567687 39680738
152567687 45498888
152567687 121878416
152567687 13241009
152567687 6883527
152567687 15579405
152567687 21450189
57651985 44754951
57651985 6883527
57651985 23451022
57651985 21450189
74932698 44754951
74932698 12218802
74932698 36005124
74932698 58147768
74932698 39680738
74932698 45498888
74932698 121878416
74932698 21450189
45820576 39680738
45820576 45498888
45820576 13241009
45820576 6883527
45820576 15579405
45820576 21450189
10860279 44754951
10860279 12218802
10860279 36005124
10860279 58147768
10860279 39680738
10860279 45498888
10860279 121878416
10860279 13241009
10860279 6883527
10860279 29196272
10860279 15579405
10860279 57661479
10860279 152674464
10860279 58173433
10860279 21450189
20240473 12218802
20240473 145456673
20240473 58085742
20240473 36005124
20240473 57649233
20240473 58147768
20240473 39680738
20240473 45498888
20240473 121878416
20240473 13241009
20240473 6883527
20240473 152785387
20240473 36996775
20240473 175162651
20240473 15579405
20240473 23451022
152898313 44754951
152898313 26997993
152898313 57649233
152898313 58147768
152898313 10860279
152898313 39680738
152898313 45498888
152898313 121878416
152898313 13241009
152898313 152896070
152898313 6883527
152898313 15579405
152898313 21450189
57644667 44754951
57644667 12218802
57644667 58147768
57644667 39680738
57644667 45498888
57644667 78642227
57644667 121878416
57644667 13241009
57644667 15579405
57644667 58173433
485493516 39680738
485493516 6883527
58021747 44754951
58021747 12218802
155849997 6883527
55039451 58002573
49520716 44754951
49520716 12218802
49520716 36005124
49520716 58147768
49520716 45498888
49520716 121878416
49520716 13241009
49520716 6883527
49520716 15579405
49520716 57661479
49520716 58173433
49520716 21450189
77980368 45498888
77980368 6883527
145456673 44754951
145456673 26997993
145456673 20240473
145456673 36005124
145456673 58147768
145456673 148981234
145456673 121878416
145456673 13241009
145456673 44758566
145456673 36996775
145456673 582577008
145456673 57661479
145456673 58173433
145456673 21450189
580981445 6883527
580981445 36005124
580981445 55039451
580981445 58147768
580981445 15579405
580981445 12218802
580981445 21450189
582034275 36005124
582034275 10860279
582034275 39680738
582034275 45498888
582034275 13241009
582034275 6883527
582034275 15579405
582034275 21450189
101695656 44754951
101695656 26997993
101695656 12218802
101695656 36005124
101695656 58147768
101695656 10860279
101695656 39680738
101695656 121878416
101695656 13241009
101695656 6883527
101695656 29196272
101695656 15579405
101695656 58173433
101695656 21450189
23451022 58153047
23451022 12218802
23451022 20240473
23451022 36005124
23451022 57649233
23451022 39680738
23451022 121878416
23451022 13241009
23451022 3266450
23451022 6883527
23451022 128732363
23451022 57651985
23451022 44758566
23451022 29196272
23451022 15579405
175162651 39680738
152896070 36005124
152896070 210231342
152896070 39680738
152896070 121878416
152896070 6883527
152896070 128732363
152896070 15579405
152896070 152898313
152896070 57661479
152896070 57589791
152896070 58173433
152896070 21450189
3266450 36005124
3266450 58147768
3266450 39680738
3266450 121878416
3266450 23451022
3266450 21450189
58173433 29196272
58173433 58147768
58173433 121878416
58173433 6883527
58173433 15579405
58173433 10860279
58173433 13241009
58173433 210228393
58173433 44754951
58173433 49520716
58173433 152900044
58173433 57649233
58173433 12218802
58173433 101695656
58173433 57661479
58173433 36996775
58173433 36005124
58173433 45498888
58173433 60384115
58173433 152896070
58173433 57644667
58173433 148981234
58173433 39680738
58173433 152735082
58173433 152674464
58173433 145456673
58173433 152576289
58173433 152592762
58173433 128502405
58173433 21450189
413933308 58147768
413933308 10860279
413933308 39680738
413933308 6883527
413933308 44754951
413933308 45498888
413933308 21450189
152580967 39680738
90795647 152900044
90795647 12218802
90795647 58002573
90795647 36005124
90795647 58147768
90795647 10860279
90795647 39680738
90795647 581991812
90795647 152576289
90795647 57648770
90795647 29196272
90795647 15579405
90795647 21450189
44758566 145456673
44758566 36005124
44758566 10860279
44758566 39680738
44758566 45498888
44758566 78642227
44758566 121878416
44758566 13241009
44758566 6883527
44758566 15579405
44758566 23451022
44758566 21450189
155829619 44754951
155829619 12218802
155829619 36005124
155829619 45498888
155829619 121878416
155829619 6883527
155829619 15579405
155829619 21450189
581991812 36005124
581991812 58147768
581991812 10860279
581991812 6883527
58147768 44754951
58147768 210228193
58147768 210185566
58147768 12218802
58147768 20240473
58147768 45544675
58147768 145456673
58147768 57644667
58147768 152913388
58147768 58002573
58147768 9594453
58147768 36005124
58147768 42131113
58147768 210231342
58147768 128502405
58147768 57649233
58147768 74932698
58147768 10860279
58147768 39680738
58147768 581991812
58147768 45498888
58147768 210228393
58147768 152576289
58147768 58157192
58147768 121878416
58147768 13241009
58147768 3266450
58147768 60384115
58147768 152735082
58147768 6883527
58147768 149185149
58147768 582453590
58147768 29196272
58147768 101695656
58147768 90795647
58147768 175162651
58147768 15579405
58147768 152898313
58147768 57661479
58147768 413933308
58147768 152674464
58147768 58173433
58147768 21450189
29196272 44754951
29196272 26997993
29196272 12218802
29196272 36005124
29196272 57649233
29196272 58147768
29196272 10860279
29196272 39680738
29196272 45498888
29196272 210228393
29196272 121878416
29196272 13241009
29196272 6883527
29196272 101695656
29196272 23451022
29196272 58173433
29196272 21450189
582453590 58147768
582453590 13241009
581602688 6883527
15579405 44754951
15579405 152900044
15579405 581532663
15579405 152592762
15579405 12218802
15579405 45544675
15579405 101698236
15579405 58085742
15579405 155849997
15579405 36005124
15579405 49520716
15579405 57649233
15579405 58147768
15579405 152567687
15579405 148981234
15579405 10860279
15579405 39680738
15579405 581991812
15579405 155829619
15579405 45498888
15579405 137028992
15579405 268406208
15579405 210228393
15579405 78642227
15579405 58157192
15579405 121878416
15579405 13241009
15579405 152896070
15579405 60384115
15579405 152735082
15579405 139708534
15579405 101699317
15579405 6883527
15579405 128732363
15579405 149185149
15579405 44758566
15579405 36996775
15579405 164059678
15579405 29196272
15579405 101695656
15579405 90795647
15579405 175162651
15579405 152898313
15579405 23451022
15579405 152858581
15579405 582577008
15579405 57661479
15579405 152674464
15579405 57589791
15579405 58173433
15579405 21450189
9594453 44754951
9594453 12218802
9594453 36005124
9594453 58147768
9594453 10860279
9594453 39680738
9594453 45498888
9594453 121878416
9594453 13241009
9594453 6883527
9594453 15579405
9594453 21450189
581201867 121878416
581201867 6883527
581201867 21450189
148320904 44754951
148320904 12218802
148320904 39680738
148320904 13241009
148320904 6883527
21450189 29196272
21450189 12218802
21450189 3266450
21450189 13241009
21450189 15579405
21450189 10860279
21450189 152898313
21450189 36005124
21450189 58147768
21450189 6883527
21450189 175162651
21450189 128732363
21450189 57661479
21450189 58173433
21450189 45498888
21450189 44754951
21450189 60384115
21450189 57649233
21450189 152896070
21450189 39680738
21450189 58085742
21450189 121878416
21450189 49520716
21450189 152674464
21450189 210228193
21450189 152858581
21450189 58153047
21450189 145456673
21450189 101695656
21450189 57651985
21450189 44758566
21450189 90795647
21450189 57589791
21450189 581139094
21450189 581532663
21450189 210228393
21450189 152735082
21450189 58157192
21450189 152592762
21450189 581991812
21450189 152900044
21450189 210185566
152913388 44754951
152913388 58147768
152913388 39680738
60384115 44754951
60384115 12218802
60384115 36005124
60384115 58147768
60384115 39680738
60384115 121878416
60384115 13241009
60384115 6883527
60384115 15579405
60384115 58173433
60384115 21450189
210231342 44754951
210231342 36005124
210231342 58147768
210231342 10860279
210231342 39680738
210231342 581991812
210231342 45498888
210231342 121878416
210231342 13241009
210231342 152896070
210231342 6883527
210231342 15579405
48514045 36005124
48514045 6883527
48514045 21450189
12218802 44754951
12218802 485493516
12218802 20240473
12218802 101698236
12218802 57644667
12218802 58002573
12218802 58085742
12218802 58021747
12218802 36005124
12218802 210231342
12218802 152580967
12218802 49520716
12218802 74932698
12218802 58147768
12218802 148981234
12218802 10860279
12218802 39680738
12218802 581991812
12218802 155829619
12218802 45498888
12218802 210228393
12218802 58157192
12218802 121878416
12218802 13241009
12218802 60384115
12218802 148320904
12218802 152735082
12218802 139708534
12218802 101699317
12218802 6883527
12218802 128732363
12218802 149185149
12218802 36996775
12218802 164059678
12218802 29196272
12218802 101695656
12218802 90795647
12218802 274022619
12218802 15579405
12218802 152898313
12218802 23451022
12218802 152858581
12218802 152674464
12218802 58173433
12218802 580981445
12218802 21450189
215749781 10860279
44754951 152580680
44754951 26997993
44754951 152592762
44754951 210185566
44754951 12218802
44754951 145456673
44754951 152913388
44754951 58002573
44754951 581139094
44754951 58021747
44754951 36005124
44754951 49520716
44754951 74932698
44754951 58147768
44754951 152567687
44754951 10860279
44754951 39680738
44754951 45498888
44754951 13241009
44754951 60384115
44754951 152735082
44754951 6883527
44754951 149185149
44754951 57651985
44754951 29196272
44754951 101695656
44754951 15579405
44754951 152898313
44754951 121878416
44754951 57649233
44754951 57661479
44754951 152674464
44754951 57589791
44754951 58173433
44754951 21450189
60288964 39680738
101698236 36005124
101698236 39680738
101698236 6883527
101698236 15579405
101698236 21450189
101699317 12218802
101699317 36005124
101699317 39680738
101699317 121878416
101699317 13241009
57589791 152674464
57589791 44754951
57589791 58147768
57589791 26997993
57589791 15579405
57589791 6883527
57589791 58002573
57589791 13241009
57589791 121878416
57589791 39680738
57589791 152896070
57589791 57661479
57589791 36005124
57589791 21450189
152900044 12218802
152900044 58147768
152900044 39680738
152900044 45498888
152900044 6883527
152900044 90795647
152900044 15579405
152900044 58173433
152900044 21450189
58002573 44754951
58002573 12218802
58002573 58147768
58002573 10860279
58002573 39680738
58002573 45498888
58002573 152576289
58002573 121878416
58002573 13241009
58002573 6883527
58002573 149185149
58002573 55039451
58002573 90795647
58002573 57661479
58002573 57589791
152735082 44754951
152735082 58153047
152735082 12218802
152735082 36005124
152735082 58147768
152735082 10860279
152735082 39680738
152735082 45498888
152735082 121878416
152735082 13241009
152735082 6883527
152735082 15579405
152735082 57661479
152735082 58173433
152735082 21450189
128502405 44754951
128502405 12218802
128502405 36005124
128502405 58147768
128502405 10860279
128502405 39680738
128502405 45498888
128502405 13241009
128502405 15579405
128502405 58173433
58085742 12218802
58085742 39680738
58085742 121878416
210185566 44754951
210185566 36005124
210185566 58147768
210185566 10860279
210185566 39680738
210185566 45498888
210185566 121878416
210185566 13241009
210185566 6883527
210185566 15579405
210185566 21450189
149185149 44754951
149185149 12218802
149185149 36005124
149185149 58147768
149185149 10860279
149185149 39680738
149185149 581991812
149185149 45498888
149185149 121878416
149185149 13241009
149185149 6883527
149185149 55039451
149185149 15579405
149185149 21450189
152572838 36005124
152572838 121878416
152572838 6883527
152572838 39680738
152572838 21450189
78642227 57644667
78642227 36005124
78642227 39680738
78642227 121878416
78642227 6883527
78642227 44758566
78642227 15579405
78642227 21450189
139708534 39680738
57661479 36005124
57661479 121878416
57661479 215749781
57661479 44754951
57661479 13241009
57661479 58147768
57661479 58002573
57661479 15579405
57661479 10860279
57661479 6883527
57661479 152896070
57661479 45498888
57661479 39680738
57661479 145456673
57661479 26997993
57661479 49520716
57661479 152735082
57661479 152674464
57661479 57589791
57661479 58173433
57661479 21450189
137028992 36005124
137028992 39680738
137028992 13241009
137028992 6883527
137028992 15579405
581139094 44754951
581139094 36005124
581139094 13241009
581139094 21450189
581139094 15579405
581139094 6883527
152580680 44754951
152580680 36005124
152580680 39680738
152580680 45498888
152580680 121878416
152580680 6883527
152580680 21450189
6883527 152580680
6883527 44754951
6883527 12218802
6883527 20240473
6883527 36005124
6883527 49520716
6883527 57649233
6883527 58147768
6883527 148981234
6883527 10860279
6883527 39680738
6883527 581991812
6883527 77980368
6883527 45498888
6883527 210228393
6883527 121878416
6883527 13241009
6883527 60384115
6883527 152735082
6883527 57648770
6883527 128732363
6883527 29196272
6883527 101695656
6883527 15579405
6883527 152898313
6883527 23451022
6883527 57661479
6883527 152674464
6883527 58173433
6883527 21450189
268406208 39680738
268406208 6883527
268406208 15579405
268406208 21450189
128732363 58153047
128732363 12218802
128732363 36005124
128732363 39680738
128732363 121878416
128732363 13241009
128732363 152896070
128732363 6883527
128732363 15579405
128732363 23451022
128732363 21450189
