58365891 57648448
58365891 6579930
85180259 50057018
85180259 6579930
58155797 6579930
152812744 6579930
166854382 6579930
836611454 6579930
756549426 6579930
152904768 58017083
152571896 57645828
152571896 57648448
152571896 6579930
152571896 57645010
76185055 6579930
756496363 833306839
833344074 57648448
50057018 6579930
50057018 85180259
152504990 6579930
680396282 6579930
152511056 6579930
152601931 152928152
141107545 57645828
141107545 57648448
141107545 9764072
141107545 6579930
152816698 57645828
152816698 6579930
152816698 57645010
9764072 57645828
9764072 152928152
9764072 244123631
9764072 152602549
9764072 152896605
9764072 141107545
9764072 210253757
9764072 116146240
9764072 152817651
152660668 581676621
833310959 159779067
215762132 36656058
215762132 152601931
215762132 6579930
36656058 6579930
152540811 57645828
152540811 57645010
581185276 6579930
19896076 152928152
19896076 152672735
19896076 65385388
114837199 6579930
152817651 57645828
152817651 9764072
152817651 152928152
152817651 152602549
152817651 210253757
152817651 152604218
152817651 152933361
30457562 152713047
30457562 6579930
15619947 6579930
15619947 57647230
152933361 152928152
152933361 152817651
152604218 6579930
152604218 152796951
152604218 152817651
310639093 57645828
310639093 152928152
310639093 152672735
310639093 6579930
57645828 210200058
57645828 152571896
57645828 152540811
57645828 298831798
57645828 33788440
57645828 57648448
57645828 9764072
57645828 152921328
57645828 152672735
57645828 244123631
57645828 152602549
57645828 310639093
57645828 141107545
57645828 210253757
57645828 57647573
57645828 152816698
57645828 6579930
57645828 65385388
57645828 44755051
57645828 152817651
57645828 57647230
57645828 57645010
812467019 6579930
58156753 57647573
497964649 57648448
58017083 101699854
58017083 6579930
58017083 152933361
152796951 152713047
152796951 152604218
210200058 57645828
46936049 152713047
57609645 6579930
228464896 6579930
298831798 57645828
298831798 6579930
131015431 244123631
74647578 6579930
78282737 114837199
101699854 33788440
101699854 116146240
101699854 6579930
85837841 6579930
442190276 6579930
57647230 57645828
57647230 57648448
57647230 15619947
57647230 152816698
57648448 152571896
57648448 57645828
57648448 833344074
57648448 30457562
57648448 152885694
57648448 152928152
57648448 152672735
57648448 581676621
57648448 497964649
57648448 58365891
57648448 57647230
27319986 6579930
152918978 6579930
634006037 6579930
152602549 57645828
152602549 9764072
152602549 152928152
152602549 152817651
152602549 57645010
244123631 57645828
244123631 9764072
244123631 152928152
244123631 152564250
244123631 131015431
244123631 6579930
833324283 6579930
812456328 6579930
152713047 6579930
152713047 152796951
711393754 6579930
152885694 6579930
152481789 152540811
152481789 57645010
152481789 58365891
152481789 6579930
607249547 6579930
116146240 101699854
116146240 9764072
116146240 152933361
116146240 65385388
152921328 57645828
152921328 152928152
152921328 6579930
65438607 6579930
833306839 57645828
159779067 833310959
44755051 57645828
44755051 6579930
581676621 210253757
581676621 6579930
22284138 218637288
22284138 152928152
22284138 6579930
57647573 58156753
57647573 57645828
57647573 6579930
210253757 57645828
210253757 9764072
210253757 152928152
210253757 152817651
218637288 22284138
8863871 36656058
152833105 6579930
152672735 57645828
152672735 57648448
152672735 19896076
152672735 310639093
65385388 57645828
65385388 19896076
65385388 116146240
152564250 57645828
152564250 244123631
152564250 6579930
84862981 152928152
84862981 6579930
57645010 152571896
57645010 152540811
57645010 57645828
57645010 152602549
57645010 152816698
57645010 152933361
152928152 22284138
152928152 812456328
152928152 19896076
152928152 9764072
152928152 152921328
152928152 30457562
152928152 244123631
152928152 84862981
152928152 152602549
152928152 57609645
152928152 310639093
152928152 210253757
152928152 6579930
152928152 152933361
152928152 152817651
601612514 6579930
33788440 57645828
