44753200 582604991
210187290 15659139
582522615 99951094
582522615 15659139
582522615 30580176
582522615 139842072
57611378 114438374
358078257 15659139
139842072 15659139
139842072 44753200
139842072 30580176
139842072 582522615
139842072 152502058
139842072 103145569
128502437 15659139
128502437 30580176
582049125 15659139
302408074 15659139
302408074 61932593
302408074 152926256
601844995 15659139
581766549 15659139
302083424 15659139
68203533 15659139
130237340 15659139
298858040 15659139
210256806 31632553
210256806 15659139
130228391 15659139
357447664 15659139
58055928 15659139
61932593 127581653
61932593 15659139
61932593 57645184
61932593 302408074
582687144 15659139
581161781 15659139
581889035 15659139
127581653 15659139
127581653 61932593
152578376 15659139
99951094 582522615
99951094 30580176
99951094 15659139
298836081 15659139
15659139 101699923
15659139 82790466
15659139 833344145
15659139 130228391
15659139 228990265
15659139 68203533
15659139 30580176
15659139 582604991
152502058 15659139
152502058 152907340
152502058 103145569
152502058 139842072
152502058 582604991
152502058 57644609
601633416 15659139
581308998 15659139
528384229 15659139
582200432 15659139
152674411 15659139
152674411 210191460
27552079 15659139
215747220 15659139
57645184 31632553
57645184 15659139
57645184 210191460
57645184 61932593
57645184 30580176
57645184 132684902
298852793 15659139
298852793 57644609
581136771 15659139
581910846 15659139
310639013 15659139
582257377 15659139
522435605 15659139
801371836 15659139
114438374 15659139
114438374 57611378
114438374 152674411
582604991 15659139
582346190 15659139
58412711 15659139
38819584 15659139
30580176 210242773
30580176 31632553
30580176 210215999
30580176 128502437
30580176 57645184
30580176 582522615
30580176 103145569
30580176 139842072
30580176 99951094
30580176 15659139
370678181 15659139
210215999 31632553
210215999 30580176
58107935 15659139
152524513 15659139
758039699 44590698
228990265 15659139
215750162 15659139
215750162 582604991
601890976 15659139
152926256 302408074
152926256 15659139
103145569 15659139
103145569 30580176
103145569 139842072
298848214 15659139
362986634 15659139
833344145 15659139
298857796 15659139
82790466 31632553
82790466 15659139
82790466 30580176
132684902 15659139
132684902 57645184
581582364 15659139
58136458 15659139
57644609 15659139
57644609 31632553
672772461 15659139
581846937 15659139
152907340 15659139
241835210 15659139
101699923 15659139
581162141 15659139
581162141 362986634
31632553 210242773
31632553 210215999
31632553 15659139
31632553 210256806
31632553 210191460
31632553 152674411
31632553 82790466
31632553 30580176
31632553 57645184
31632553 581161781
31632553 302408074
31632553 582604991
31632553 57644609
152731684 15659139
581292791 15659139
462559934 15659139
58246036 15659139
58105990 15659139
210242773 31632553
210242773 15659139
210242773 30580176
210191460 31632553
210191460 15659139
210191460 152674411
210191460 57645184
601773928 15659139
582729367 15659139
44590698 15659139
152722090 15659139
152722090 302408074
634018522 15659139
604091765 15659139
