100862973 26846727
84565990 57653172
676742943 57653172
676742943 833343874
16648096 57653172
16648096 39250462
16648096 152655615
16648096 155821766
16648096 44600943
16648096 57588057
16648096 27147210
16648096 581187645
16648096 17596425
16648096 833343980
16648096 581288317
16648096 210253068
16648096 152691730
16648096 33977984
16648096 57646513
16648096 45542935
16648096 33221965
16648096 581205037
16648096 24279683
16648096 152679499
16648096 31629476
16648096 84565990
16648096 192311264
16648096 20919054
16648096 26846727
16648096 132161673
16648096 45163565
833343980 26846727
833343980 16648096
45163565 57588057
45163565 5146498
45163565 26846727
45163565 16648096
45163565 58310115
447686250 83571809
24279683 108398604
24279683 57588057
24279683 16648096
24279683 26846727
228999524 57588057
228999524 26846727
132537558 93736621
132537558 57588057
132537558 210253068
132537558 20919054
132537558 26846727
152655615 83571809
152655615 57588057
152655615 16648096
152655615 26846727
215746675 26846727
152954668 57588057
152954668 26846727
210253068 152701677
210253068 57588057
210253068 132537558
210253068 16648096
210253068 20919054
210253068 26846727
833603193 57588057
833603193 16648096
44758749 93736621
44758749 57588057
44758749 26846727
58310115 45163565
17596425 57588057
17596425 152626906
17596425 16648096
17596425 20919054
17596425 26846727
298851685 57588057
60051511 26846727
52195170 57588057
152679499 57588057
152679499 16648096
152679499 26846727
192311264 93736621
192311264 57588057
192311264 16648096
192311264 26846727
52571066 26846727
108398604 93736621
108398604 57588057
108398604 33977984
108398604 33221965
108398604 24279683
108398604 26846727
834522258 57588057
27147210 93736621
27147210 152954668
27147210 57588057
27147210 16648096
27147210 152579982
27147210 26846727
83571809 152655615
83571809 57588057
83571809 33977984
83571809 20919054
83571809 26846727
57653172 676742943
57653172 93736621
57653172 16648096
57653172 84565990
581149122 26846727
581149122 57588057
132161673 26846727
132161673 57588057
58325010 57588057
5146498 45163565
582886484 26846727
581205037 57588057
581205037 16648096
581205037 26846727
155821766 16648096
57646513 33977984
57646513 16648096
57588057 57653172
57588057 39250462
57588057 108398604
57588057 152701677
57588057 152655615
57588057 93736621
57588057 83571809
57588057 152730163
57588057 27147210
57588057 152626906
57588057 17596425
57588057 210253068
57588057 152691730
57588057 33977984
57588057 132537558
57588057 16648096
57588057 45542935
57588057 33221965
57588057 24279683
57588057 31629476
57588057 20919054
57588057 152579982
57588057 44758749
57588057 26846727
57588057 132161673
210277552 26846727
93736621 57653172
93736621 39250462
93736621 108398604
93736621 57588057
93736621 27147210
93736621 17596425
93736621 152691730
93736621 33977984
93736621 20919054
93736621 44758749
93736621 26846727
152730163 57588057
152730163 26846727
20919054 39250462
20919054 93736621
20919054 83571809
20919054 812470384
20919054 57588057
20919054 17596425
20919054 581288317
20919054 210253068
20919054 132537558
20919054 634599744
20919054 16648096
20919054 581205037
20919054 121835129
73988079 26846727
634599744 57588057
634599744 26846727
634599744 20919054
152579982 57588057
152579982 27147210
152579982 26846727
812470384 20919054
33221965 108398604
33221965 57588057
33221965 17596425
33221965 16648096
33221965 26846727
155823037 26846727
806265507 20919054
45542935 57588057
45542935 16648096
45542935 26846727
582510395 26846727
152691730 93736621
152691730 57588057
152691730 16648096
152691730 26846727
31629476 57588057
31629476 26846727
152582246 833343874
152475673 26846727
833343874 152582246
833343874 676742943
833343874 33977984
152626906 57588057
152626906 17596425
152626906 26846727
39250462 93736621
39250462 57588057
39250462 16648096
39250462 20919054
39250462 26846727
152701677 108398604
152701677 57588057
152701677 210253068
152701677 33977984
152701677 26846727
33977984 108398604
33977984 833343874
33977984 152701677
33977984 93736621
33977984 83571809
33977984 57588057
33977984 57646513
33977984 16648096
33977984 581205037
33977984 26846727
580941099 26846727
571469703 57588057
571469703 17596425
26846727 833343980
26846727 17596425
26846727 93736621
26846727 33221965
26846727 39250462
26846727 83571809
26846727 27147210
26846727 132537558
26846727 31629476
26846727 108398604
26846727 60051511
26846727 16648096
26846727 33977984
26846727 44758749
26846727 210277552
26846727 24279683
26846727 215746675
26846727 582510395
26846727 152954668
26846727 45542935
26846727 100862973
26846727 152691730
26846727 152730163
26846727 57588057
26846727 210253068
26846727 52571066
26846727 152701677
26846727 152655615
26846727 152626906
26846727 581288317
26846727 57646513
26846727 581205037
26846727 152679499
26846727 155823037
26846727 44600943
26846727 228999524
26846727 73988079
26846727 152579982
26846727 634599744
26846727 581149122
26846727 192311264
26846727 132161673
26846727 45163565
26846727 582886484
581187645 57588057
581187645 16648096
