149557826 31400699
149557826 21008253
51786469 65474998
51786469 19285426
51786469 73198614
58183272 21008253
58183272 152727514
58183272 152927545
58183272 38636995
58183272 31400699
58183272 164362121
58183272 26285018
58183272 58253751
58183272 58089535
58183272 215747976
58183272 421479878
58183272 73198614
58183272 253933660
99560360 21008253
27658103 38636995
27658103 580880357
164362121 21008253
164362121 58183272
164362121 73198614
164362121 772327954
164362121 99560233
164362121 644826470
152938619 21008253
421475225 31400699
421475225 21008253
421475225 421466321
421475225 772327954
421475225 9023080
16944767 38636995
16944767 21008253
16944767 58253751
8664574 19285426
64507981 21008253
580880357 27658103
73198614 164362121
73198614 421479878
73198614 164382919
73198614 26285018
73198614 644826470
73198614 19285426
73198614 51786469
73198614 9023080
73198614 58183272
73198614 38636995
73198614 129992696
73198614 253933660
111700108 49905425
111700108 21008253
111700108 59715772
98993262 21008253
98993262 99560233
172414798 21008253
172414798 99560233
152926174 31400699
152926174 21008253
152926174 58089535
152926174 38636995
152926174 634811592
152926174 65474998
152926174 19285426
152926174 58253751
152926174 215747976
152926174 253933660
9023080 21008253
9023080 421462229
9023080 758004696
9023080 58253751
9023080 38636995
9023080 73198614
9023080 253933660
694659195 21008253
58253751 16944767
58253751 58183272
58253751 19285426
58253751 152926174
58253751 26285018
58253751 31400699
58253751 65474998
58253751 21008253
58253751 38636995
58253751 58089535
58253751 9023080
58253751 215747976
58253751 253933660
421476296 9023080
421476296 21008253
215747976 38636995
215747976 31400699
215747976 21008253
215747976 58183272
253933660 421479878
253933660 26285018
253933660 9023080
253933660 73198614
253933660 58253751
253933660 152926174
253933660 772327954
253933660 644826470
253933660 58183272
253933660 19285426
253933660 58089535
253933660 21008253
421462229 21008253
421462229 9023080
38636995 152926174
38636995 73501928
38636995 31400699
38636995 58183272
38636995 27658103
38636995 19285426
38636995 16944767
38636995 58253751
38636995 58089535
38636995 9023080
38636995 772327954
38636995 215747976
38636995 421479878
38636995 73198614
38636995 253933660
164382919 21008253
152727514 21008253
152727514 152593868
152727514 58183272
21008253 65474998
21008253 99560233
245271748 21008253
245271748 26285018
349607611 21008253
758013547 21008253
67943479 31400699
67943479 21008253
67943479 99560360
67943479 9023080
58089535 244101635
58089535 21008253
58089535 31400699
58089535 58183272
58089535 58253751
58089535 38636995
58089535 253933660
58089535 421479878
58089535 9023080
58011868 21008253
644826470 253933660
19285426 38636995
19285426 129992696
19285426 26285018
19285426 31400699
19285426 581079209
19285426 152477462
19285426 8664574
19285426 21008253
19285426 215747976
19285426 73198614
19285426 253933660
772327954 31400699
772327954 38636995
772327954 164362121
772327954 421475225
772327954 421466321
772327954 253933660
806268556 21008253
121574361 21008253
581079209 21008253
581079209 149557826
220518041 21008253
220518041 65474998
178876345 21008253
37126216 21008253
537129046 758013547
537129046 21008253
758004696 31400699
758004696 21008253
758004696 9023080
244101635 21008253
244101635 9023080
244101635 58089535
833606824 149557826
421466321 772327954
421466321 421462229
421466321 694659195
421466321 21008253
421466321 421475225
421479878 38636995
421479878 58089535
421479878 21008253
421479878 152926174
421479878 580880357
421479878 772327954
421479878 58183272
421479878 253933660
421479878 73198614
152593868 152727514
152593868 21008253
152593868 215747976
152593868 9023080
243277035 21008253
324349220 21008253
324349220 421476296
152927545 21008253
152927545 58183272
833310319 21008253
49905425 59715772
49905425 111700108
497958726 21008253
359301162 21008253
359301162 99560233
32868840 21008253
59715772 49905425
59715772 111700108
26285018 21008253
26285018 58183272
26285018 152477462
26285018 58253751
26285018 9023080
26285018 215747976
26285018 73198614
316260141 21008253
129992696 65474998
129992696 73198614
129992696 19285426
65474998 129992696
65474998 21008253
65474998 58253751
73501928 21008253
152477462 19285426
152473907 21008253
271918699 21008253
99560233 21008253
99560233 99560360
3377860 21008253
31400699 59715772
31400699 21008253
31400699 149557826
31400699 152477462
31400699 644826470
31400699 772327954
31400699 38636995
31400699 58183272
31400699 67943479
31400699 65474998
31400699 52582630
31400699 58253751
31400699 73198614
31400699 215747976
31400699 9023080
31400699 99560233
31400699 58089535
