551761331 107496042
551761331 18895592
26706600 18895592
152928591 107496042
152928591 35838433
152928591 152601432
152928591 18895592
580925145 18895592
76107753 18895592
57605534 18895592
580932755 18895592
152921456 18895592
57483975 60696747
57483975 18895592
633989188 18895592
79437403 18895592
18895592 130465776
18895592 152601432
18895592 152856112
18895592 86012652
18895592 58362923
18895592 322661552
18895592 83545003
18895592 61422557
18895592 582561167
18895592 35714360
18895592 15800466
18895592 79437403
18895592 65490065
18895592 75286197
152728851 18895592
50620403 60696747
152906319 152728851
152906319 18895592
147913256 18895592
227975227 18895592
130465776 152601432
130465776 86012652
130465776 18895592
130465776 57644999
130465776 15800466
130465776 65490065
130465776 75286197
130465776 57647367
501645847 18895592
75286197 130465776
75286197 18895592
262605457 18895592
215734180 18895592
58168080 18895592
830304658 18895592
531755230 18895592
152601432 130465776
152601432 22636916
152601432 18895592
57647367 130465776
57647367 67858152
57647367 18895592
57647367 152701761
57647367 57644999
57647367 15800466
57647367 65490065
389889563 18895592
581445933 18895592
61422557 18895592
35714360 18895592
52576358 83545003
52576358 18895592
58362923 67858152
58362923 18895592
65490065 130465776
65490065 67858152
65490065 18895592
65490065 57647367
107496042 152928591
107496042 18895592
107496042 551761331
322661552 18895592
60696747 50620403
60696747 35838433
60696747 152839678
60696747 57644999
60696747 15800466
60696747 57483975
152856112 18895592
47610449 18895592
22636916 152601432
22636916 18895592
114775492 18895592
114775492 57644999
57644999 130465776
57644999 67858152
57644999 83545003
57644999 60696747
57644999 114775492
57644999 57647367
136593315 18895592
35838433 152928591
35838433 152839678
35838433 18895592
35838433 60696747
199980581 18895592
83545003 52576358
83545003 18895592
83545003 57644999
57744509 18895592
67858152 58362923
67858152 18895592
67858152 57644999
67858152 65490065
582561167 18895592
534114691 18895592
40228917 18895592
152839678 35838433
152839678 60696747
166534236 18895592
152701761 18895592
152701761 57647367
99899581 18895592
86012652 130465776
86012652 18895592
298830405 18895592
581975503 18895592
15800466 130465776
15800466 18895592
15800466 60696747
15800466 57647367
