147989890 57648628
27609283 57648628
27609283 45161890
59846495 5581510
59846495 57648628
45161890 27609283
45161890 57648628
5330402 5581510
5330402 57600278
5330402 57648628
5330402 27609283
34109777 16523641
34109777 2634374
421457115 57648628
421457115 58184117
72464292 58184117
421455511 58184117
421455511 57648628
5581510 59846495
5581510 57648628
5581510 5330402
165405654 34109777
165405654 57648628
128732418 57648628
57648628 27609283
57648628 252476893
57648628 5581510
57648628 59846495
57648628 165405654
57648628 128732418
57648628 45161890
57648628 147989890
57648628 2634374
57648628 5330402
298848587 27609283
298848587 57648628
298848587 16523641
298848587 58184117
298848587 578733077
57600278 252476893
58184117 72464292
58184117 54729597
58184117 421455511
58184117 57648628
58184117 2634374
58184117 421457115
54729597 58184117
252476893 57600278
252476893 57648628
2634374 34109777
2634374 58184117
2634374 57648628
16523641 34109777
16523641 57648628
16523641 165405654
16523641 298848587
16523641 578733077
578733077 16523641
578733077 298848587
