152576519 58381306
58303556 302740905
58303556 199822511
58303556 833299962
58303556 152920721
58303556 58130694
58303556 421466135
58303556 152800827
58303556 107476941
58303556 189496096
58303556 254993545
58303556 231720577
58303556 57611444
58303556 65499074
58303556 92755083
58303556 826092702
58303556 58381306
58303556 184789535
108799176 421466135
108799176 107476941
108799176 189496096
108799176 58381306
833299962 152920721
833299962 421466135
833299962 107476941
833299962 58381306
833299962 9023080
833299962 231720577
833299962 189496096
28060160 57646483
28060160 189496096
28060160 97137345
399872888 189496096
634944780 152920721
634944780 189496096
421518209 189496096
14904787 58130694
833270824 152920721
833270824 189496096
833270824 421466135
184789535 302740905
184789535 58381306
184789535 189496096
184789535 231720577
152920721 152850832
152920721 210228165
152920721 421518209
152920721 58304254
152920721 58394376
152920721 212625333
152920721 833299962
152920721 58303556
152920721 45810615
152920721 49008508
152920721 833270824
152920721 58130694
152920721 3306348
152920721 152800827
152920721 2264394
152920721 218106210
152920721 634944780
152920721 421472088
152920721 189496096
152920721 231720577
152920721 57611444
152920721 65499074
152920721 826092702
152920721 56907330
152920721 97137345
152920721 184789535
152920721 58381306
212625008 58381306
212625008 107476941
231720577 189496096
231720577 184789535
52576984 189496096
72471441 9023080
72471441 58304254
72471441 58381306
72471441 189496096
261671774 720512004
261671774 359400352
261671774 152850832
261671774 302740905
261671774 421466135
261671774 2264394
261671774 152839422
261671774 189496096
261671774 231720577
261671774 65499074
261671774 9023080
261671774 58381306
261671774 97137345
152800827 152920721
152800827 52575656
152800827 210228165
152800827 58381306
152800827 231720577
152850832 152572934
152850832 152920721
152850832 261671774
152850832 3306348
152850832 421466135
152850832 2264394
152850832 65499074
152850832 189496096
152850832 69748230
58096059 189496096
720512004 107476941
720512004 97137345
720512004 58381306
720512004 65499074
720512004 231720577
144832605 65499074
49008508 58394376
49008508 152920721
49008508 189496096
58304254 152920721
58304254 72471441
58304254 189496096
9023080 189496096
9023080 74895016
9023080 3306348
9023080 92755083
9023080 65499074
9023080 421466135
9023080 58304254
9023080 212625333
9023080 833299962
9023080 107476941
9023080 58381306
9023080 97137345
298849623 9100508
298849623 316536857
258883074 189496096
258883074 97137345
199822511 58381306
833325031 189496096
833325031 107674512
833325031 2264394
833325031 58381306
58394376 302740905
58394376 49008508
58394376 152920721
58394376 3306348
58394376 421466135
58394376 2264394
58394376 107476941
58394376 189496096
58394376 57611444
58394376 65499074
58394376 9023080
58394376 58381306
58394376 193398101
152572934 152850832
152572934 421466135
152572934 65499074
152572934 58381306
152572934 9023080
3306348 58394376
3306348 302740905
3306348 152850832
3306348 421466135
3306348 189496096
3306348 9023080
3306348 58381306
69748230 152850832
69748230 212625008
69748230 5135503
69748230 720512004
69748230 421472088
69748230 189496096
69748230 9023080
69748230 58381306
69748230 56907330
359400352 302740905
359400352 58381306
359400352 189496096
359400352 97137345
152534675 302740905
152534675 189496096
152534675 58381306
152534675 9023080
152534675 65499074
82395764 189496096
82395764 421466135
82395764 92755083
82395764 58381306
82395764 56907330
316536857 298849623
316536857 421466135
316536857 189496096
316536857 107476941
316536857 65499074
316536857 58381306
316536857 9023080
316270637 58381306
5135503 210228165
5135503 58130694
5135503 69748230
5135503 107476941
5135503 65499074
5135503 56907330
152595107 189496096
152595107 254993545
152595107 58381306
107674512 189496096
107674512 58381306
107674512 833325031
65499074 107476941
65499074 152850832
65499074 254993545
65499074 212625333
65499074 74895016
65499074 210228165
65499074 720512004
65499074 58130694
65499074 58303556
65499074 152920721
65499074 302740905
65499074 144832605
65499074 5135503
65499074 152534675
65499074 316536857
65499074 261671774
65499074 58394376
65499074 421466135
65499074 152572934
65499074 9023080
65499074 58381306
65499074 184789535
65499074 56907330
65499074 193398101
421472088 2264394
421472088 69748230
421472088 152920721
421472088 58381306
107476941 73171191
107476941 57646483
107476941 58394376
107476941 720512004
107476941 9100508
107476941 58303556
107476941 152839422
107476941 833299962
107476941 212625008
107476941 189496096
107476941 108799176
107476941 316536857
107476941 65499074
107476941 9023080
107476941 58381306
107476941 193398101
193398101 107476941
193398101 58394376
193398101 189496096
193398101 92755083
193398101 302740905
193398101 9100508
193398101 9023080
193398101 65499074
193398101 56907330
193398101 58381306
193398101 254993545
193398101 184789535
193398101 152534675
193398101 421466135
2264394 152920721
2264394 421466135
2264394 73171191
2264394 152850832
2264394 261671774
2264394 421472088
2264394 189496096
57611444 152800827
57611444 58303556
57611444 189496096
57611444 58394376
57611444 2264394
57611444 58381306
57611444 826092702
152934011 49395568
152934011 58381306
152934011 189496096
57646483 28060160
57646483 107476941
57646483 189496096
57646483 58381306
58420320 189496096
58420320 58394376
302740905 58394376
302740905 58303556
302740905 359400352
302740905 261671774
302740905 3306348
302740905 421466135
302740905 152534675
302740905 65499074
302740905 193398101
302740905 184789535
302740905 58381306
189496096 45810615
189496096 2264394
189496096 57611275
189496096 634944780
189496096 58130694
189496096 49008508
189496096 399872888
189496096 58303556
189496096 52575656
189496096 58096059
189496096 152920721
189496096 3306348
189496096 152850832
189496096 107476941
189496096 421518209
189496096 210228165
189496096 9100508
189496096 212625333
189496096 152595107
189496096 258883074
189496096 28060160
189496096 152934011
189496096 73171191
189496096 58420320
189496096 218106210
189496096 57646483
189496096 833299962
189496096 107674512
189496096 152534675
189496096 833325031
189496096 231720577
189496096 316536857
189496096 57611444
189496096 92755083
189496096 826092702
189496096 9023080
189496096 58381306
189496096 184789535
189496096 559003289
189496096 56907330
189496096 193398101
92755083 212625333
92755083 421466135
92755083 58303556
92755083 189496096
92755083 193398101
92755083 97137345
92755083 9023080
97137345 9023080
97137345 189496096
97137345 92755083
97137345 258883074
97137345 28060160
152839422 421466135
152839422 28060160
152839422 107476941
152839422 231720577
152839422 58381306
52575656 85739290
52575656 189496096
52575656 152800827
421485891 189496096
421466135 261671774
421466135 58303556
421466135 3306348
421466135 152572934
421466135 58394376
421466135 2264394
421466135 665818510
421466135 108799176
421466135 82395764
421466135 316536857
421466135 65499074
421466135 92755083
421466135 9023080
421466135 193398101
421466135 783320421
421466135 184789535
421466135 58381306
9100508 720512004
9100508 107476941
9100508 189496096
9100508 298849623
9100508 254993545
9100508 9023080
9100508 58381306
9100508 193398101
210228165 5135503
210228165 152920721
210228165 152800827
210228165 189496096
210228165 65499074
212625333 421518209
212625333 833299962
212625333 152920721
212625333 189496096
212625333 9023080
212625333 92755083
212625333 65499074
73171191 3306348
73171191 2264394
73171191 107476941
73171191 189496096
73171191 231720577
73171191 58381306
83171621 58381306
74895016 189496096
74895016 9023080
74895016 65499074
56907330 5135503
56907330 152920721
56907330 189496096
56907330 82395764
56907330 65499074
56907330 69748230
56907330 193398101
58130694 58303556
58130694 14904787
58130694 45810615
58130694 5135503
58130694 152920721
58130694 2264394
58130694 189496096
58130694 65499074
58130694 58381306
58130694 56907330
58381306 107476941
58381306 65499074
58381306 254993545
58381306 9100508
58381306 231720577
58381306 9023080
58381306 720512004
58381306 57646483
58381306 302740905
58381306 58394376
58381306 189496096
58381306 3306348
58381306 316536857
58381306 826092702
58381306 152534675
58381306 58303556
58381306 108799176
58381306 833299962
58381306 421466135
58381306 152920721
58381306 92755083
58381306 184789535
559003289 189496096
254993545 9100508
254993545 65499074
254993545 97137345
254993545 58381306
85739290 52575656
57611275 189496096
783320421 189496096
783320421 421466135
45810615 189496096
218106210 189496096
642462854 189496096
