742619864 78690860
742619864 68462751
742619864 144524619
742619864 699740997
742619864 668042282
742619864 160306425
160306425 68462751
160306425 144524619
160306425 224961677
160306425 833613993
160306425 689360866
160306425 834552026
160306425 91866039
160306425 78690860
689360866 78690860
689360866 224961677
689360866 144533781
689360866 159856375
689360866 68462751
689360866 144524619
689360866 215922612
689360866 40500779
689360866 699740997
689360866 668042282
689360866 160306425
182032037 144533781
182032037 159856375
182032037 144524619
224961677 78690860
224961677 144533781
224961677 159856375
224961677 68462751
224961677 144524619
224961677 215922612
224961677 40500779
224961677 668042282
224961677 689360866
224961677 160306425
64485766 144524619
144524619 78690860
144524619 224961677
144524619 144533781
144524619 159856375
144524619 68462751
144524619 742619864
144524619 7123090
144524619 182032037
144524619 215922612
144524619 40500779
144524619 668042282
144524619 689360866
144524619 160306425
68462751 78690860
68462751 224961677
68462751 144533781
68462751 159856375
68462751 742619864
68462751 144524619
68462751 215922612
68462751 40500779
68462751 699740997
68462751 668042282
68462751 689360866
68462751 98422694
68462751 160306425
98422694 68462751
834552026 160306425
7123090 144524619
262224792 144524619
699740997 144533781
699740997 159856375
699740997 68462751
699740997 742619864
699740997 689360866
699740997 668042282
699740997 215922612
159856375 78690860
159856375 224961677
159856375 144533781
159856375 68462751
159856375 144524619
159856375 215922612
159856375 40500779
159856375 699740997
159856375 668042282
159856375 689360866
303434805 144533781
303434805 144524619
144533781 78690860
144533781 224961677
144533781 159856375
144533781 68462751
144533781 303434805
144533781 144524619
144533781 182032037
144533781 215922612
144533781 40500779
144533781 699740997
144533781 668042282
144533781 689360866
833613993 224961677
833613993 144533781
833613993 144524619
833613993 160306425
215922612 78690860
215922612 224961677
215922612 144533781
215922612 159856375
215922612 68462751
215922612 144524619
215922612 182032037
215922612 40500779
215922612 699740997
215922612 668042282
215922612 689360866
78690860 224961677
78690860 144533781
78690860 159856375
78690860 68462751
78690860 742619864
78690860 144524619
78690860 215922612
78690860 40500779
78690860 668042282
78690860 689360866
78690860 160306425
378175672 144524619
91866039 224961677
91866039 159856375
91866039 144524619
91866039 160306425
40500779 78690860
40500779 224961677
40500779 144533781
40500779 159856375
40500779 68462751
40500779 144524619
40500779 215922612
40500779 668042282
40500779 689360866
142786574 144524619
668042282 78690860
668042282 224961677
668042282 144533781
668042282 159856375
668042282 68462751
668042282 144524619
668042282 215922612
668042282 40500779
668042282 699740997
668042282 689360866
