836111105 127996398
140137165 127996398
517095669 127996398
165141488 127996398
365174994 127996398
834913581 127996398
124177398 127996398
152565431 127996398
118448481 127996398
642307959 127996398
49396482 127996398
327244684 127996398
695225651 127996398
542775345 127996398
499714690 127996398
603845503 127996398
188795482 127996398
694198706 127996398
384151036 148001356
384151036 127996398
833546925 127996398
368225834 127996398
33516073 127996398
161926008 127996398
369686742 127996398
833621601 127996398
322923045 127996398
636507083 127996398
182194096 127996398
499708116 319198854
499708116 127996398
319198854 499708116
692594652 127996398
233240822 695771993
233240822 127996398
178641782 127996398
162010807 127996398
162996931 127996398
142798795 127996398
729796096 127996398
456557442 127996398
327071151 127996398
743556161 127996398
780275054 127996398
695364467 127996398
104205763 127996398
501534038 127996398
695771993 233240822
695771993 127996398
54256952 127996398
836108445 127996398
548434407 127996398
693474973 127996398
642889763 127996398
134850079 127996398
836110208 127996398
243293979 127996398
506085089 127996398
7082392 127996398
647505785 127996398
836108212 127996398
486714529 127996398
693064751 127996398
13214046 127996398
369030890 127996398
807808375 127996398
140174891 127996398
178780929 127996398
111402128 127996398
148001356 384151036
148001356 127996398
364582456 127996398
262528127 127996398
836108414 337480866
836108414 127996398
83171621 127996398
166391050 127996398
50485141 127996398
34465794 127996398
836110155 127996398
539234043 127996398
437760532 127996398
365068587 127996398
162844662 127996398
527991756 127996398
178680380 83171621
178680380 127996398
