299226292 8437378
559429221 8437378
765415314 434054818
216101958 57634786
58381442 127309566
166613180 8437378
50645932 8437378
44891767 8437378
136853703 8437378
695174526 8437378
57449952 8437378
563599329 8437378
107503271 8437378
152482242 8437378
270008827 8437378
255076352 8437378
152669114 8437378
230112682 8437378
195685514 8437378
806304726 8437378
174325537 15312737
57634786 216101958
307420929 8437378
54374455 8437378
797490730 8437378
152914419 8437378
152914419 15312737
152914419 30415365
630522415 8437378
57645106 8437378
57645106 15312737
57645106 57645371
297287451 8437378
230277852 8437378
44894112 15312737
49218826 8437378
152481400 8437378
57645371 15312737
57645371 57645106
30415365 8437378
30415365 21926415
152517020 8437378
50645689 8437378
152572846 8437378
152572846 152633885
302009091 8437378
559024012 8437378
799114716 8437378
799114716 131567230
83643297 8437378
225862418 8437378
135335457 8437378
38012724 8437378
130125598 8437378
127309566 8437378
131567230 799114716
52149970 8437378
15312737 8437378
15312737 57645106
15312737 152914419
15312737 174325537
836611713 8437378
206667302 8437378
386687796 8437378
152545171 8437378
58066610 8437378
152633885 8437378
152633885 152572846
131518709 8437378
16282105 8437378
21926415 8437378
833542317 8437378
152601297 8437378
152601297 30415365
