611200001 52582630
611200001 215757790
58091576 215757790
58325928 302427415
58325928 75191505
58325928 215757790
138573061 215757790
89063176 215757790
601648423 215757790
163918192 215757790
152564118 635167881
152564118 215757790
39549401 215757790
152890536 635167881
152890536 215757790
635167881 152576152
635167881 326908479
635167881 61306089
635167881 536510130
635167881 522435605
635167881 64664580
635167881 36689158
635167881 756533833
635167881 215757790
635167881 152921324
635167881 52582630
635167881 152934153
635167881 13139115
635167881 75191505
215757790 61306089
215757790 302427415
215757790 522435605
215757790 472323198
215757790 152921324
215757790 52582630
152485566 215757790
326908479 635167881
64664580 13139115
64664580 635167881
64664580 39549401
64664580 215757790
192291385 215757790
61306089 635167881
61306089 215757790
199822511 215757790
199822511 13139115
302427415 152576152
302427415 58325928
302427415 36689158
302427415 756533833
302427415 215757790
302427415 75191505
302427415 152934153
522435605 152576152
522435605 536510130
522435605 635167881
522435605 756533833
522435605 152921324
522435605 215757790
36689158 215746810
36689158 61306089
36689158 635167881
36689158 52452238
36689158 302427415
36689158 756533833
36689158 215757790
36689158 152921324
36689158 13139115
36689158 75191505
59635988 215757790
223810824 152576152
223810824 635167881
223810824 61306089
223810824 536510130
223810824 52582630
223810824 75191505
142626483 215757790
581417704 215757790
581417704 75191505
581417704 13139115
833314189 635167881
52452238 635167881
52452238 59635988
52452238 215757790
52452238 75191505
152934153 635167881
152934153 302427415
152934153 215757790
13139115 635167881
13139115 61306089
13139115 215757790
13139115 36689158
13139115 64664580
152517385 83283043
152517385 215757790
833356438 635167881
833356438 215757790
83283043 152517385
756533833 302427415
756533833 833356438
756533833 36689158
756533833 522435605
756533833 536510130
756533833 635167881
756533833 152576152
756533833 215757790
756533833 152921324
756533833 75191505
756533833 52582630
665819383 635167881
665819383 215757790
536510130 635167881
536510130 223810824
536510130 36689158
536510130 756533833
536510130 215757790
152576152 635167881
152576152 536510130
152576152 223810824
152576152 302427415
152576152 833314189
152576152 61306089
152576152 522435605
152576152 756533833
152576152 215757790
152576152 152921324
152576152 52582630
152576152 75191505
52582630 635167881
52582630 756533833
52582630 75191505
601938604 215757790
152921324 635167881
152921324 601648423
152921324 215757790
152921324 152576152
152921324 58325928
152921324 36689158
152921324 756533833
152921324 536510130
152921324 75191505
147942850 215757790
75191505 36689158
75191505 302427415
75191505 58325928
75191505 152576152
75191505 152921324
75191505 52452238
75191505 52582630
75191505 756533833
75191505 223810824
75191505 581417704
75191505 635167881
215746810 36689158
470112968 215757790
472323198 635167881
472323198 215757790
833547051 635167881
131064331 152921324
131064331 215757790
131064331 756533833
