806503362 130569351
806503362 162775855
806503362 80968599
834147581 162775855
296750235 71459022
165100984 162775855
84216397 214274398
86481600 162775855
151400247 178587516
217145625 92304981
217145625 80968599
217145625 212721465
130569351 806503362
130569351 178604023
482313002 212721465
162789917 162775855
80968599 833966021
80968599 212721465
80968599 162775855
80968599 833310387
184203493 162775855
103602333 212721465
178587516 638659083
178587516 178604023
178587516 105790421
178587516 94031518
178587516 151400247
178587516 92304981
518703308 127281556
518703308 80968599
148116593 162775855
71459022 74646950
71459022 296750235
71459022 212721465
71459022 162754557
162754557 71459022
162754557 80968599
162754557 162775855
43723776 80968599
43723776 162775855
214274398 84216397
212721465 163249638
212721465 217145625
212721465 71459022
212721465 638659083
212721465 833966021
212721465 482313002
212721465 162775855
212721465 103602333
212721465 80968599
212721465 833310387
6465962 836611703
89864804 833310387
567228075 701508657
567228075 162775855
701508657 45508967
701508657 163249638
701508657 178604023
701508657 567228075
701508657 162775855
215059458 162775855
673024394 127281556
84783377 92304981
84783377 812462235
84783377 162775855
833310387 212721465
833310387 89864804
125363000 127281556
101176646 162775855
92304981 84783377
92304981 178587516
92304981 105790421
638659083 178587516
638659083 212721465
836611703 6465962
163249638 701508657
163249638 212721465
44817536 833310387
45508967 701508657
45508967 127281556
45508967 162775855
45508967 80968599
833966021 155429138
833966021 212721465
833966021 162775855
833966021 80968599
364484879 162775855
155429138 833966021
162739770 162775855
57600140 127281556
812462235 84783377
812462235 833475357
812462235 127281556
105790421 178587516
105790421 92304981
105790421 94031518
178604023 130569351
178604023 701508657
74646950 71459022
833475357 812462235
796279272 836610356
833699944 127281556
127281556 125363000
127281556 833699944
127281556 518703308
127281556 673024394
127281556 812462235
127281556 57600140
94031518 178587516
94031518 105790421
