58123074 357564236
58123074 114746776
24253636 149526857
24253636 13139115
252119622 58325652
114746776 58325652
114746776 14066551
152503535 58325652
164362121 359066445
86229971 58325652
421515259 359066445
421515259 84294130
421515259 269472576
421515259 357564236
421515259 114746776
421515259 14930209
421515259 58325652
357564236 421515259
357564236 58325652
357564236 14930209
581381224 152671287
581381224 58325652
199000204 152731637
199000204 58325652
199000204 152671287
84294130 421515259
14930209 14066551
14930209 421498191
14930209 357564236
14930209 421515259
14930209 24253636
14930209 58325652
14066551 58416563
14066551 359066445
14066551 114746776
14066551 14930209
58325652 421498191
58325652 357564236
58325652 252119622
58325652 199000204
58325652 421515259
58325652 152731637
58325652 86229971
58325652 359066445
58325652 269472576
58325652 152671287
58325652 581381224
58325652 58416563
58325652 13139115
58325652 14930209
13139115 58325652
421498191 58325652
421498191 14930209
421498191 13139115
421498191 149526857
152731637 199000204
152731637 58325652
152671287 58325652
152671287 199000204
152671287 581381224
152671287 149526857
57651140 359066445
269472576 421515259
269472576 58325652
58416563 58325652
58416563 14066551
359066445 421515259
359066445 58325652
149526857 421498191
149526857 357564236
149526857 359066445
149526857 152671287
149526857 24253636
