499807491 737458850
59653838 480090054
505611720 11008742
528445359 11008742
7471989 14913727
7471989 23300100
100776555 11008742
111430980 11008742
106977604 77263052
700168734 2946406
700168734 77263052
687332762 11008742
114655023 77263052
454405070 77263052
400013655 11008742
83205048 2946406
83205048 77263052
2946406 83205048
2946406 700168734
2946406 499807491
2946406 77263052
251846849 77263052
184740858 11008742
34949765 480090054
480090054 109606471
480090054 59653838
38846993 109606471
14913727 7471989
93751737 77263052
148972237 77263052
98542915 109606471
298809470 109606471
737458850 499807491
737458850 77263052
109606471 38846993
109606471 480090054
109606471 98542915
109606471 298809470
236153759 77263052
236153759 11008742
201422782 11008742
77263052 93751737
77263052 454405070
77263052 236153759
77263052 737458850
