152898782 29420507
152898782 59713602
128504168 21203381
301963302 581830444
301963302 29420507
301963302 57651114
301963302 24155635
152576443 29420507
581830444 29420507
581830444 65389283
152729475 29420507
152729475 59713602
57647687 29420507
57647687 45544675
57647687 210253291
57647687 21203381
57647687 57649493
57647687 57646248
152681546 29420507
21203381 57647687
21203381 29420507
21203381 52831667
21203381 59713602
21203381 65389283
29420507 581830444
29420507 154867739
29420507 301963302
29420507 57647687
29420507 45544675
29420507 152576443
29420507 152812293
29420507 152681546
29420507 52831667
29420507 581078805
29420507 210253291
29420507 21203381
29420507 152729475
29420507 50633540
29420507 582011445
29420507 152725664
29420507 57649493
29420507 57651114
29420507 581729113
29420507 59713602
29420507 152501631
29420507 582223607
29420507 152898782
29420507 65389283
210307106 154867739
210253291 57647687
210253291 29420507
210253291 45544675
210253291 50633540
210253291 152725664
210253291 59713602
210253291 57646248
45544675 57647687
45544675 29420507
45544675 210253291
45544675 582075752
45544675 152725664
45544675 65389283
58329687 29420507
58329687 59713602
581729113 29420507
581729113 57651114
581729113 57646248
581078805 29420507
154867739 29420507
154867739 52831667
154867739 210307106
582011445 29420507
52831667 154867739
52831667 29420507
52831667 21203381
52831667 582075752
52831667 59713602
52831667 57646248
57651114 301963302
57651114 29420507
57651114 152725664
57651114 581729113
57651114 59713602
582223607 29420507
85964935 29420507
582075752 45544675
582075752 52831667
582075752 57646248
50633540 29420507
50633540 210253291
50633540 57649493
57649493 57647687
57649493 29420507
57649493 50633540
57649493 59713602
24155635 301963302
59713602 29420507
59713602 52831667
59713602 210253291
59713602 21203381
59713602 152729475
59713602 152725664
59713602 57649493
59713602 65389283
59713602 57646248
152812293 29420507
152725664 29420507
152725664 210253291
152725664 57651114
152725664 59713602
152725664 152501631
152501631 29420507
152501631 152725664
57646248 152725664
57646248 210253291
57646248 65389283
57646248 59713602
57646248 57647687
57646248 52831667
57646248 581729113
65389283 21203381
65389283 59713602
65389283 29420507
65389283 45544675
65389283 581830444
65389283 57646248
