754773728 383440637
754773728 131127756
383052835 514165414
383052835 131127756
383052835 107292355
383440637 754773728
383440637 514165414
364614143 835460621
364614143 27189925
135788813 131127756
692802167 514165414
131127756 132514277
131127756 754773728
131127756 135788813
131127756 383052835
131127756 127486176
131127756 107292355
27189925 364614143
662862385 514165414
743240934 154083517
743240934 301672239
743240934 223760198
743240934 127486176
743240934 131127756
743240934 107292355
127486176 154083517
127486176 132514277
127486176 743240934
127486176 131127756
127486176 107292355
187057914 132514277
193059252 107292355
154083517 743240934
154083517 127486176
154083517 514165414
154083517 34268426
223760198 743240934
528386078 107292355
363776389 514165414
707346606 383052835
707346606 514165414
707346606 107292355
135124045 514165414
505297004 514165414
132514277 630204007
132514277 530060039
132514277 187057914
132514277 127486176
132514277 131127756
132514277 107292355
301672239 743240934
301672239 34268426
34268426 301672239
34268426 383052835
34268426 127486176
34268426 107292355
107292355 743240934
107292355 167519776
107292355 131127756
107292355 383052835
107292355 127486176
107292355 34268426
107292355 514165414
107292355 132514277
167519776 34268426
167519776 107292355
129960061 107292355
696952482 514165414
514165414 383052835
514165414 107292355
630204007 132514277
530060039 132514277
