155883 58323684
677718684 58323684
7034804 101696808
170681243 58323684
52576164 58323684
89879457 56648048
89879457 25654330
89879457 57623656
89879457 58492473
89879457 541463179
89879457 298848807
89879457 58257005
89879457 23379023
89879457 54632916
89879457 56915195
89879457 52577013
89879457 45162147
89879457 58017903
555125122 56648048
555125122 58323684
555125122 57644699
555125122 298848807
58257005 56648048
58257005 58323684
58257005 25654330
58257005 52583653
58257005 56572163
58257005 58492473
58257005 89879457
58257005 45163666
58257005 56915195
58257005 52577013
219586839 541453112
152929461 56648048
152929461 58323684
102360460 58323684
14480697 25654330
14480697 58323684
58323684 56648048
58323684 130423340
58323684 541484039
58323684 833628360
58323684 25654330
58323684 52583653
58323684 541446775
58323684 52576899
58323684 56572163
58323684 58245923
58323684 177312996
58323684 152730998
58323684 205891090
58323684 3532479
58323684 663342733
58323684 57644699
58323684 155883
58323684 13816639
58323684 258181444
58323684 655739065
58323684 170681243
58323684 298848807
58323684 57994254
58323684 128732393
58323684 58257005
58323684 152580293
58323684 526554769
58323684 52508237
58323684 9161720
58323684 102360460
58323684 54362879
58323684 69848293
58323684 54632916
58323684 640401156
58323684 72522003
58323684 57584544
58323684 152929461
58323684 142566735
58323684 152914201
58323684 6055724
58323684 52577013
58323684 65357700
58323684 58017903
58323684 14480697
58323684 57065754
58323684 421462298
58323684 34199870
52508237 58323684
663342733 58323684
58492473 58323684
58492473 65272618
58492473 57623656
58492473 89879457
58492473 298848807
58492473 58257005
58492473 23379023
58492473 57584544
58492473 52577013
58492473 57644699
58492473 56915195
58492473 45162147
58492473 65357700
58492473 58017903
58492473 34199870
152580293 58323684
34199870 3532479
34199870 25654330
34199870 52576899
34199870 58323684
34199870 58492473
34199870 12579484
258181444 58323684
52577013 58323684
52577013 25654330
52577013 52576899
52577013 56572163
52577013 57623656
52577013 58492473
52577013 57644699
52577013 89879457
52577013 298848807
52577013 58257005
52577013 6055724
52577013 58017903
57584544 58323684
57584544 58492473
57584544 6055724
177312996 58323684
216093944 25654330
205885457 58323684
205885457 25654330
205885457 58492473
69848293 58323684
58008680 58323684
541446775 58323684
541446775 25654330
541446775 52576164
541446775 57065754
541446775 56915195
52576899 56648048
52576899 58323684
52576899 25654330
52576899 57623656
52576899 205891090
52576899 89879457
52576899 58257005
52576899 6055724
52576899 52577013
52576899 3532479
52576899 57644699
52576899 216093944
52576899 45162147
52576899 65357700
52576899 58017903
52576899 34199870
52576899 57065754
101696808 7034804
12579484 58323684
12579484 58257005
12579484 6055724
12579484 45162147
65272618 3532479
205885101 45162147
152730998 58323684
833628360 58323684
3532479 58323684
3532479 65272618
3532479 25654330
3532479 52583653
3532479 89879457
3532479 298848807
3532479 82022039
3532479 6055724
3532479 52576899
3532479 34199870
72522003 58323684
541484039 58323684
57644699 58323684
57644699 25654330
57644699 298848807
57644699 52577013
57644699 52576899
57644699 58492473
57644699 45162147
57644699 58017903
541453112 58323684
541453112 25654330
541453112 298848807
541453112 219586839
55256835 50644464
130423340 58323684
58362923 37287608
640401156 58323684
45162147 89879457
45162147 57644699
45162147 65272618
45162147 56648048
45162147 52576899
45162147 6055724
45162147 52577013
45162147 298848807
45162147 56572163
45162147 56915195
45162147 205885101
45162147 58492473
45162147 23379023
45162147 12579484
45162147 14480697
58017903 56648048
58017903 57644699
58017903 6055724
58017903 25654330
58017903 52576899
58017903 57623656
58017903 58492473
58017903 52577013
58017903 23379023
58017903 58323684
58017903 298848807
58017903 89879457
58017903 45163666
54362879 58323684
50644464 55256835
65357700 58323684
65357700 58492473
65357700 25654330
57994303 58323684
57994303 56915195
142566735 58323684
298848807 58323684
298848807 25654330
298848807 58245923
298848807 57623656
298848807 58492473
298848807 3532479
298848807 57644699
298848807 89879457
298848807 555125122
298848807 58257005
298848807 54632916
298848807 45163666
298848807 541453112
298848807 56915195
298848807 52577013
298848807 45162147
298848807 58017903
57605696 58323684
56648048 58323684
56648048 89879457
56648048 555125122
56648048 58257005
56648048 56915195
56648048 65357700
56648048 58017903
9161720 58323684
57994254 58323684
54350079 58323684
152914201 58323684
828447778 6055724
25654330 58323684
25654330 541446775
25654330 52576899
25654330 58245923
25654330 205885457
25654330 3532479
25654330 57644699
25654330 89879457
25654330 298848807
25654330 58257005
25654330 82022039
25654330 30787942
25654330 541453112
25654330 6055724
25654330 52577013
25654330 216093944
25654330 65357700
25654330 58017903
25654330 14480697
25654330 34199870
22509894 58323684
30787942 58323684
30787942 25654330
30787942 128732393
56915195 56648048
56915195 57994303
56915195 541446775
56915195 89879457
56915195 298848807
56915195 58257005
56915195 526554769
56915195 23379023
56915195 45163666
56915195 58492473
56915195 45162147
57065754 3532479
57065754 58323684
677322130 58323684
128732393 30787942
54632916 58323684
54632916 89879457
54632916 298848807
54632916 23379023
54632916 57584544
205891090 58323684
82022039 58323684
82022039 25654330
82022039 3532479
6055724 56648048
6055724 58323684
6055724 828447778
6055724 25654330
6055724 52576164
6055724 3532479
6055724 57644699
6055724 23379023
6055724 57584544
6055724 541453112
6055724 52577013
6055724 45162147
6055724 300087173
6055724 58017903
13816639 58323684
421462298 58323684
23379023 58323684
23379023 56572163
23379023 58492473
23379023 89879457
23379023 58257005
23379023 54632916
23379023 56915195
23379023 6055724
23379023 45162147
23379023 58017903
45163666 58323684
45163666 298848807
45163666 58257005
45163666 52508237
45163666 56915195
45163666 58017903
58245923 58323684
58245923 25654330
58245923 298848807
37287608 58362923
541463179 56648048
541463179 58323684
541463179 57623656
541463179 89879457
541463179 152929461
177095312 58323684
57623656 58323684
57623656 52576899
57623656 58492473
57623656 541463179
57623656 89879457
57623656 298848807
57623656 52577013
57623656 58017903
300087173 58323684
655739065 58323684
56572163 58323684
56572163 3532479
56572163 58257005
56572163 23379023
56572163 52577013
56572163 45162147
52583653 58323684
52583653 3532479
52583653 58257005
52583653 526554769
526554769 58323684
526554769 52583653
526554769 56915195
