37114730 32341514
45139876 67089560
52540135 81376936
52540135 8982013
26944604 67089560
64606088 130119874
54375059 67089560
91176227 136566966
81376936 67089560
81376936 52540135
49502901 32341514
127913259 67089560
8982013 25199942
8982013 52540135
135803122 67089560
79419486 82815724
48872052 665593550
130119874 64606088
82815724 32341514
82815724 79419486
82815724 130460934
32341514 37114730
32341514 79419486
32341514 82815724
130460934 82815724
130460934 39374843
39374843 130460934
2220673 766298671
25199942 8982013
30278057 67089560
