326864011 72843371
326864011 36949398
326864011 69077290
326864011 149545979
326864011 828444571
326864011 31468787
326864011 30868692
326864011 25373951
326864011 22988074
326864011 16302718
326864011 6852339
30868692 16302718
30868692 149545979
30868692 31468787
30868692 25373951
30868692 326864011
30868692 22988074
15114950 25373951
149545979 828444571
149545979 72843371
149545979 22988074
149545979 783320421
149545979 326864011
149545979 25373951
149545979 31468787
149545979 30868692
69077290 65474998
69077290 72843371
69077290 30868692
69077290 31468787
69077290 25373951
69077290 326864011
69077290 253933660
69077290 783320421
253933660 97137345
253933660 25373951
253933660 69077290
253933660 326864011
253933660 31468787
253933660 72843371
253933660 783320421
72843371 22988074
72843371 69077290
72843371 149545979
72843371 31468787
72843371 25373951
72843371 326864011
72843371 783320421
72843371 6852339
6852339 326864011
6852339 31468787
6852339 97137345
6852339 72843371
6852339 22988074
78282696 25373951
78282696 31468787
58340139 31468787
97137345 65474998
22988074 72843371
22988074 97137345
22988074 326864011
22988074 25373951
22988074 31468787
22988074 30868692
22988074 16302718
22988074 6852339
22988074 149545979
25373951 72843371
25373951 31468787
25373951 69077290
25373951 30868692
25373951 15114950
25373951 36949398
25373951 828444571
25373951 149545979
25373951 326864011
25373951 16302718
25373951 22988074
31468787 828444571
31468787 65474998
31468787 30868692
31468787 58340139
31468787 78282696
31468787 72843371
31468787 36949398
31468787 69077290
31468787 25373951
31468787 326864011
31468787 253933660
31468787 6852339
31468787 16302718
31468787 22988074
16302718 30868692
16302718 326864011
16302718 31468787
16302718 25373951
16302718 22988074
36949398 16302718
36949398 326864011
36949398 97137345
36949398 25373951
36949398 31468787
65474998 97137345
65474998 31468787
783320421 25373951
783320421 149545979
783320421 72843371
783320421 253933660
783320421 69077290
783320421 31468787
783320421 326864011
