638095397 57578608
785144401 57578608
421457718 57578608
606880436 57578608
177908600 57578608
833297898 57578608
280252421 57578608
49262478 694829797
14915191 57578608
561688093 57578608
323170712 57578608
694829797 57578608
57578608 57607912
834628482 57578608
49499102 136843258
103357964 57578608
421542661 57578608
83098834 57578608
57607912 57578608
836611664 57578608
582071215 57578608
199980581 57578608
599262872 57578608
131763132 57578608
45491850 57578608
654155347 57578608
804711625 57578608
134102519 57578608
52030906 57578608
218457045 57578608
1967817 606880436
