155862065 609813390
155862065 58381306
421476501 58381306
421476501 81379139
49915144 14996134
49915144 58381306
49915144 97137345
49915144 252043380
88591671 421514196
81379139 806293696
81379139 107476941
81379139 64664580
81379139 421476501
81379139 58381306
81379139 7276762
252043380 107476941
252043380 49915144
252043380 97137345
252043380 609813390
252043380 58381306
252043380 193398101
252043380 6852339
64664580 609813390
64664580 193398101
64664580 58381306
421476912 58381306
6852339 97137345
6852339 252043380
6852339 58381306
67943479 58381306
609813390 107476941
609813390 252043380
609813390 97137345
107476941 806293696
107476941 64664580
107476941 609813390
107476941 81379139
107476941 58381306
107476941 193398101
107476941 252043380
193398101 107476941
193398101 64664580
193398101 58381306
193398101 252043380
14996134 49915144
84589948 58381306
84589948 17212193
7276762 81379139
7276762 58381306
97137345 49915144
97137345 609813390
97137345 252043380
189458671 64664580
189458671 58381306
58381306 107476941
58381306 49915144
58381306 7276762
58381306 609813390
58381306 421476501
58381306 64664580
58381306 155862065
58381306 189458671
58381306 252043380
58381306 6852339
783320421 81379139
806293696 58381306
806293696 81379139
806293696 107476941
17212193 58381306
17212193 84589948
17212193 609813390
