58091957 713381443
58091957 152933444
58091957 23518497
216704495 23518497
152938056 152933444
152938056 210186992
152938056 23518497
581386387 23518497
300097706 23518497
477919745 128389261
477919745 23518497
133222036 145457107
133222036 152933444
133222036 106980382
152933444 106980382
152933444 152900435
152933444 152938056
152933444 152932521
152933444 152476282
152933444 38844424
152933444 57588069
152933444 152818371
152933444 152937989
152933444 152933926
152933444 130256870
152933444 210236937
152933444 298850818
152933444 152695022
152933444 133222036
152933444 26520057
152933444 57419911
152933444 152576598
152933444 152955774
152933444 601660007
152933444 152691215
152933444 152811111
152933444 154957805
152933444 58091957
152933444 52450987
152933444 152688511
152933444 152897758
152933444 58183352
152933444 23518497
152933444 152932588
152933444 56947252
152933444 152602903
130256870 713381443
38463131 23518497
152243260 38844424
152900435 145457107
152900435 152933444
152900435 812510252
152900435 23518497
633993930 23518497
38844424 152933444
38844424 152933926
38844424 152817386
38844424 152243260
152691215 23518497
713381443 601660007
152713123 23518497
58183352 152933444
58183352 145457107
58183352 152933926
58183352 23518497
152435224 23518497
4364419 23518497
152932521 152933444
154957805 152933444
154957805 713381443
298850818 152933444
298850818 23518497
230653125 23518497
152688511 145457107
152688511 152933444
152688511 23518497
26520057 210236937
26520057 23518497
298849623 23518497
152602903 152933444
152602903 128389261
152602903 23518497
152602903 230653125
210186992 152938056
62172889 23518497
152695022 145457107
152695022 152933444
152695022 23518497
522436353 152531701
522436353 23518497
522436353 128389261
152933926 145457107
152933926 152933444
152933926 38844424
152933926 152630841
152933926 58183352
152933926 23518497
152933926 56947252
57653453 152565402
57653453 23518497
601660007 152933444
601660007 713381443
601660007 23518497
56947252 152820531
56947252 152933444
56947252 152933926
145458625 23518497
152476282 152933444
152476282 713381443
145457107 152900435
145457107 57588069
145457107 152937989
145457107 152933926
145457107 152695022
145457107 133222036
145457107 52450987
145457107 57419911
145457107 152688511
145457107 58183352
152932588 23518497
152932588 152933444
152693925 23518497
152693925 152502615
152811111 152933444
152702824 145457107
152702824 23518497
152516054 23518497
152516054 128389261
106980382 152933444
106980382 133222036
106980382 152897758
106980382 128389261
106980382 23518497
107496206 23518497
152897758 106980382
152897758 152933444
152897758 23518497
57588069 145457107
57588069 152933444
57588069 23518497
210236937 26520057
72089174 23518497
580946272 152933444
57652159 128389261
57652159 23518497
57652159 152693925
326863100 23518497
152817386 38844424
833336871 128389261
833336871 23518497
833958263 128389261
152565402 152933444
152565402 57653453
152565402 23518497
152937989 145457107
152937989 152933444
680466528 152602903
152820531 145457107
152820531 56947252
638099077 23518497
638099077 128389261
833958265 23518497
152899772 23518497
128389261 127908107
57419911 145457107
57419911 152933444
57419911 23518497
52450987 145457107
52450987 152933444
52450987 23518497
127908107 230653125
127908107 128389261
139356939 128389261
139356939 23518497
152502615 152693925
152630841 152933926
349545958 152933444
349545958 23518497
349545958 152602903
152892868 23518497
152892868 128389261
812510252 152900435
17936635 23518497
152955774 152933444
152531701 522436353
152531701 128389261
23518497 26520057
23518497 638099077
23518497 128389261
23518497 152900435
23518497 522436353
23518497 152892868
23518497 57652159
23518497 152695022
23518497 62172889
23518497 152897758
23518497 152688511
23518497 145458625
23518497 57588069
23518497 58091957
23518497 477919745
23518497 107496206
23518497 57653453
23518497 633993930
23518497 139356939
23518497 581386387
23518497 152691215
23518497 298850818
23518497 601660007
23518497 152713123
23518497 152933926
23518497 38463131
23518497 58183352
23518497 52450987
23518497 833958265
23518497 300097706
23518497 216704495
23518497 833336871
23518497 152579005
23518497 152516054
23518497 152702824
23518497 806281032
23518497 152937989
23518497 152938056
23518497 152899772
23518497 57419911
23518497 833958263
23518497 152435224
23518497 152933444
23518497 72089174
23518497 152531701
23518497 4364419
23518497 152565402
23518497 349545958
23518497 152243260
23518497 106980382
23518497 421490291
23518497 130256870
23518497 298849623
23518497 152932588
23518497 17936635
23518497 326863100
23518497 152693925
23518497 152602903
23518497 230653125
152579005 128389261
