27266495 130722267
27266495 497877436
27266495 32712617
27266495 5692991
27266495 127361911
581762448 5692991
56903648 130722267
56903648 32712617
56903648 5692991
155865029 5692991
72523381 32827444
72523381 82022811
72523381 5939664
72523381 5692991
72523381 4695774
72523381 127361911
581238597 5692991
152499114 130722267
152499114 32712617
152499114 5692991
214031586 5692991
298839380 5692991
349481775 210187952
349481775 5692991
152482771 75191505
806990426 5692991
806990426 127361911
685154073 5692991
155868892 32712617
155868892 5692991
483693659 5692991
528470077 5692991
447731815 130722267
447731815 5692991
2481606 39311949
2481606 34296661
2481606 152834420
2481606 57645188
2481606 65279235
2481606 152854962
2481606 5939664
2481606 6570669
2481606 152924889
2481606 5692991
2481606 27266495
2481606 149543624
2481606 580992318
2481606 210187952
2481606 167140222
2481606 32712617
2481606 582884367
2481606 74870513
2481606 582542413
2481606 152581215
2481606 349481775
2481606 582173112
2481606 152733339
2481606 75191505
2481606 57645630
298839536 5692991
152854877 5692991
76771784 5692991
128745514 5692991
218104339 5692991
634009268 5692991
4695774 72523381
4695774 210186235
4695774 65279235
4695774 5692991
167140222 65279235
167140222 2481606
65279235 82022811
65279235 6570669
65279235 152956953
65279235 57645188
65279235 167140222
65279235 152924889
65279235 4695774
65279235 2481606
152854962 2481606
528303171 5692991
580992318 2481606
152579861 5692991
558855103 5692991
82022811 162513920
82022811 72523381
82022811 65279235
82022811 57645188
82022811 2481606
82022811 57645630
582173112 5692991
73902116 5692991
65118728 127361911
210186235 4695774
82949252 58085013
152581215 130722267
152581215 5692991
161771557 5692991
161771557 75191505
6570669 65279235
6570669 57645188
6570669 5692991
6570669 2481606
127361911 72523381
127361911 5692991
127361911 806990426
155865035 5692991
32827444 72523381
32827444 32712617
32827444 5692991
582542413 5692991
152733339 5692991
152733339 127361911
152733339 2481606
28112340 5692991
39311949 130722267
39311949 32712617
39311949 152924889
39311949 5692991
39311949 2481606
32712617 27266495
32712617 32827444
32712617 130722267
32712617 210187952
32712617 5692991
57645188 82022811
57645188 6570669
57645188 65279235
57645188 152924889
57645188 2481606
36012649 57645630
364187471 5692991
497877436 27266495
497877436 130722267
497877436 5692991
74870513 582542413
74870513 149543624
74870513 582884367
74870513 349481775
74870513 152581215
74870513 210187952
74870513 5692991
74870513 581437058
74870513 2481606
5939664 72523381
5939664 5692991
5939664 127361911
582884367 5692991
152834420 2481606
129224828 5692991
728543350 210187952
728543350 5692991
83362677 210187952
83362677 5692991
601865168 5692991
149543624 2481606
149543624 5692991
149543624 74870513
149543624 210187952
42108927 5692991
298838305 5692991
312464501 5692991
467274309 130722267
467274309 497877436
467274309 32712617
467274309 5692991
57645630 2481606
57645630 75191505
57645630 82022811
57645630 130722267
57645630 36012649
152956953 65279235
581437058 5692991
642521087 5692991
152577893 5692991
152577893 32712617
152577893 130722267
127439400 5692991
152924889 65279235
152924889 5692991
152924889 57645188
75191505 2481606
75191505 161771557
75191505 5692991
75191505 152482771
75191505 57645630
5692991 642521087
5692991 76771784
5692991 27266495
5692991 582542413
5692991 298839380
5692991 32827444
5692991 582173112
5692991 581762448
5692991 72523381
5692991 130722267
5692991 149543624
5692991 5939664
5692991 364187471
5692991 312464501
5692991 582884367
5692991 83362677
5692991 6570669
5692991 129224828
5692991 73902116
5692991 349481775
5692991 298838305
5692991 728543350
5692991 32712617
5692991 685154073
5692991 128745514
5692991 152581215
5692991 210187952
5692991 581238597
5692991 152924889
5692991 74870513
5692991 161771557
5692991 357661656
5692991 155868892
5692991 4695774
5692991 581437058
5692991 155865035
5692991 601865168
5692991 2481606
5692991 127361911
5692991 75191505
836611466 130722267
836611466 5692991
836611755 5692991
130722267 27266495
130722267 497877436
130722267 467274309
130722267 32712617
130722267 5692991
357661656 807138717
210187952 149543624
210187952 83362677
210187952 349481775
210187952 728543350
210187952 32712617
210187952 2481606
210187952 5692991
