30493854 9600627
30493854 127170791
30493854 35268581
11647345 33451686
11647345 4753298
44363789 35268581
836611483 127170791
37028903 35268581
322984525 35268581
45485392 127170791
45485392 35268581
71299230 35268581
11627410 127170791
39257744 127170791
39257744 35268581
72063837 35268581
69238412 127170791
4753298 35268581
4753298 33451686
4753298 11647345
99813141 127170791
79351975 9600627
67617144 127170791
67617144 35268581
22261179 127170791
22261179 35268581
54345050 127170791
54345050 35268581
17424245 35268581
81602507 35268581
73179364 35268581
73179364 14668848
127323613 127170791
127323613 35268581
127195997 68952256
54437119 67730824
54437119 142766299
54437119 33451686
89177589 135316433
11604613 35268581
96871050 38423610
68952256 35268581
68952256 127195997
69096962 135316433
105678334 127170791
35376500 127170791
35376500 35268581
4594892 127170791
922690 18847195
922690 33451686
64569219 127170791
328321390 35268581
10365490 9600627
10365490 33451686
83648628 33451686
172418900 127170791
14668848 35268581
14668848 33451686
7347041 9600627
7347041 127170791
7347041 35268581
75279365 127170791
129890907 33451686
674367494 127170791
112352486 127170791
142766299 127323613
96840524 9600627
96840524 127170791
96840524 35268581
96840524 72472843
52391678 35268581
52391678 56046587
158235393 35268581
35268581 9600627
35268581 127170791
35268581 30493854
35268581 45485392
35268581 328321390
35268581 67617144
35268581 81602507
35268581 7347041
35268581 39191923
35268581 18847195
35268581 33451686
35268581 38423610
35268581 68952256
8475047 81602507
8475047 35268581
8475047 33451686
9600627 10365490
9600627 79351975
9600627 7347041
9600627 35268581
9600627 72472843
9600627 33451686
128210997 127170791
135316433 69096962
135316433 89177589
56153102 35268581
2372862 35268581
75312725 127170791
36295299 9600627
36295299 35268581
36295299 33451686
52454353 54437119
20874982 35268581
33451686 10365490
33451686 127170791
33451686 39191923
33451686 35268581
33451686 129890907
33451686 11647345
33451686 4753298
79186242 127170791
38423610 96871050
38423610 35268581
54396431 127170791
54396431 45485392
54396431 35268581
54396431 127323613
56046587 35268581
174272658 35268581
40387624 127170791
91085215 127170791
2404863 35268581
18847195 35268581
18847195 33451686
67730824 127170791
67730824 35268581
67730824 54437119
26516687 35268581
20054777 127170791
20054777 35268581
39191923 127170791
39191923 35268581
39191923 33451686
58248836 81602507
802184471 35268581
49501974 127170791
140924732 14668848
127170791 35268581
