156008814 27228910
151994231 27228910
504656387 27228910
504656387 98913738
38312617 27228910
30868946 27228910
215918762 27228910
33784562 27228910
400304077 27228910
400304077 504656387
67568509 27228910
67568509 424506663
338767240 27228910
312417681 27228910
571779753 27228910
98422694 32402342
62104856 27228910
62104856 504656387
99009571 27228910
97532645 27228910
224311058 27228910
350185820 27228910
350185820 504656387
448162648 27228910
448162648 504656387
98913738 27228910
98913738 504656387
23808803 27228910
23808803 504656387
383714529 27228910
6576925 504656387
258811514 27228910
168248995 27228910
168248995 424506663
158340104 27228910
545691164 27228910
833966887 27228910
742735287 27228910
216698800 27228910
249555115 27228910
2092650 27228910
153650839 27228910
27228910 504656387
27228910 224311058
241310642 27228910
128068595 27228910
39523750 27228910
8006095 27228910
173052191 27228910
437523161 27228910
32402342 98422694
512983822 27228910
388983603 27228910
25143689 27228910
579087960 27228910
579087960 51998004
579087960 149090144
217176457 27228910
424506663 67568509
220556084 27228910
155652683 27228910
503134489 27228910
37563742 27228910
71609108 27228910
51998004 27228910
51998004 579087960
299162439 27228910
835926730 27228910
232061302 27228910
104591848 27228910
279007364 27228910
9547718 27228910
206745225 27228910
149997645 27228910
149997645 504656387
359499841 27228910
109097310 27228910
22711973 27228910
20036714 27228910
177298002 27228910
177298002 62104856
203280736 27228910
149090144 27228910
454786199 27228910
76207826 27228910
67611216 27228910
135278688 27228910
68079481 27228910
83545530 27228910
579386783 27228910
155672779 27228910
