129366571 127396945
164593775 127396945
164593775 54478822
578774100 745786571
578774100 127396945
235915755 127396945
836611354 127396945
72247125 127396945
578738823 127396945
578723609 127396945
346915914 127396945
129366538 127396945
805296702 127396945
33272513 127396945
54478822 127396945
350306081 833313833
350306081 833313809
350306081 833313796
350306081 833313664
350306081 745731110
350306081 745723017
350306081 124249900
229629563 127396945
836611629 833313836
836611629 833313664
836611629 745731110
57221575 127396945
833313664 833313833
833313664 350306081
833313664 833313836
833313664 126002177
833313664 745723017
833313664 745731110
833313664 833313796
833313664 836611629
833313664 833313809
833313664 833313820
814940801 127396945
450332438 3918520
259160298 127396945
164988200 127396945
657081310 127396945
298808978 182310132
298808978 166653783
298808978 833313796
298808978 144531240
298808978 259160298
298808978 578743207
298808978 127396945
298808978 451316134
350212666 3918520
289192299 833309375
289192299 127396945
159902717 3918520
357772368 435800579
100327172 3918520
100327172 159902717
185537072 127396945
685699679 19569913
211154036 127396945
321364001 127396945
674389872 127396945
19382877 127396945
160481264 3918520
558902674 127396945
745731110 833313833
745731110 350306081
745731110 833313836
745731110 833313820
745731110 833313809
745731110 836611629
745731110 166653783
745731110 833313796
745731110 836611530
745731110 833313664
745731110 127396945
745731110 298808978
745731110 451316134
745731110 126002177
745731110 745723017
3918520 579404333
3918520 350212666
3918520 160481264
3918520 298809023
3918520 578732253
3918520 19569913
3918520 833309375
3918520 450332438
3918520 22537870
3918520 144531240
3918520 449618837
3918520 61125535
3918520 159852849
3918520 100327172
3918520 159902717
3918520 451316134
263177543 127396945
835827267 127396945
833313809 350306081
833313809 833313820
833313809 451316134
833313809 833313664
833309375 3918520
833309375 289192299
449618837 3918520
449618837 127396945
745786571 578774100
58290783 127396945
578757007 127396945
833313820 833313833
833313820 833313836
833313820 833313796
833313820 833313664
833313820 745731110
833313820 745723017
182310132 127396945
546799155 127396945
451316134 833313809
451316134 3918520
451316134 745731110
451316134 298808978
451316134 127396945
142536791 127396945
578734164 127396945
745723017 579013219
745723017 833313833
745723017 350306081
745723017 833313836
745723017 833313820
745723017 833313809
745723017 833313796
745723017 833313664
745723017 745731110
745723017 126002177
745723017 124249900
298866111 127396945
166653783 833313833
166653783 127396945
166653783 578743207
166653783 745731110
124249900 350306081
61125535 3918520
61125535 127396945
421460327 127396945
833313833 350306081
833313833 833313836
833313833 833313820
833313833 833313796
833313833 833313664
833313833 127396945
833313833 745731110
833313833 745723017
298809023 127396945
298809023 3918520
836611765 3918520
435800579 357772368
477815675 127396945
19569913 685699679
19569913 3918520
12029411 144531240
166926192 127396945
144531240 3918520
144531240 12029411
144531240 298808978
578743207 833313796
578743207 127396945
159852849 3918520
833313796 833313833
833313796 833313836
833313796 833313820
833313796 833313809
833313796 578743207
833313796 745723017
833313796 745731110
833313796 127396945
284725632 127396945
579404333 3918520
579404333 127396945
163890111 127396945
579013219 745723017
579013219 127396945
156226116 127396945
578732253 127396945
22537870 3918520
22537870 127396945
299691362 127396945
578723846 127396945
833313836 833313833
833313836 833313820
833313836 836611629
833313836 166653783
833313836 833313796
833313836 833313664
833313836 127396945
833313836 745731110
833313836 745723017
690107141 127396945
