17707485 128503695
17707485 42565606
17707485 19145610
17707485 57650813
17707485 58025296
17707485 152940708
17707485 84207070
17707485 152955391
17707485 67521842
17707485 152933164
17707485 38112531
17707485 137716730
17707485 60732607
17707485 152956692
17707485 152934210
17707485 15963570
17707485 125992813
17707485 298835249
17707485 152932359
17707485 85053573
17707485 152954125
17707485 57648250
17707485 4003976
17707485 152935029
17707485 58419646
17707485 152893039
17707485 42153787
9624827 128503695
9624827 19145610
9624827 42565606
9624827 57431181
9624827 152954125
9624827 57648250
9624827 57643274
9624827 152893039
152904557 56916220
152904557 42565606
152904557 67521842
152904557 57648250
152904557 152940708
152904557 15938128
152904557 152935029
152904557 25592731
15938128 42565606
152898294 42565606
152898294 42153787
152954609 42565606
152954609 152893039
152934210 57647241
152934210 39666918
152934210 42565606
152934210 4001806
152934210 152954990
152934210 152893039
152931199 42565606
152931199 152920490
152932730 42565606
152932730 57647265
57647265 57647241
57647265 58419646
57647265 57648250
57647265 57648848
57647265 57648816
57647265 152893039
57647265 152932730
57647265 38112531
57647265 84207070
57647265 152941762
57648848 152956970
57648848 125992813
57648848 57651817
57648848 57650813
57648848 152935029
57648848 42565606
57648848 57431181
57648848 49734278
57648848 152932359
57648848 57648816
57648848 4003976
57648848 58025296
57648848 57643274
57648848 57647265
25592731 57647241
25592731 125992813
25592731 97087389
25592731 42565606
25592731 534420385
25592731 4003976
25592731 15963570
25592731 152904557
25592731 152893039
56916220 152891167
56916220 42565606
56916220 57431181
56916220 152904557
56916220 152954990
56916220 152893039
56916220 42153787
152723451 57649576
152723451 42565606
39666918 152941762
39666918 125992813
39666918 128503695
39666918 57650813
39666918 42565606
39666918 57648250
39666918 152731503
39666918 152934210
39666918 57643274
39666918 152893039
145458659 42565606
145458659 57643274
145458659 152921944
145458659 152893039
152731537 42565606
152731503 39666918
152731503 42565606
152731503 85053573
152731503 152893039
152621103 42565606
40034927 84207070
40034927 57648816
152954990 58025296
152954990 42565606
152954990 152956692
152954990 152940708
152954990 152934210
152954990 60732607
152954990 534420385
152954990 298835249
152954990 137716730
152954990 57650813
152954990 125992813
152954990 58419646
152954990 152893039
152954990 42153787
57651817 57647241
57651817 42565606
57651817 57648848
152893039 17707485
152893039 152954990
152893039 9624827
152893039 57650813
152893039 57431181
152893039 152921944
152893039 42565606
152893039 39666918
152893039 49734278
152893039 57643274
152893039 152956970
152893039 298835249
152893039 152954609
152893039 15963570
152893039 152955391
32555912 152956970
32555912 60732607
32555912 19145610
32555912 42565606
32555912 152940708
32555912 4003976
32555912 152954990
32555912 58419646
32555912 152893039
4001806 128503695
4001806 42565606
4001806 152934210
57650813 125992813
57650813 128503695
57650813 39666918
57650813 42565606
57650813 67521842
57650813 57648848
57650813 57643274
57650813 152954990
57650813 152838893
57650813 152593449
57650813 58419646
57650813 152893039
57650813 152920490
57650813 42153787
152928115 42565606
152928115 4003976
152928115 152893039
216087807 42565606
58419646 152954990
58419646 17707485
58419646 42565606
58419646 57650813
58419646 125992813
58419646 31659063
58419646 84207070
58419646 32555912
58419646 57643274
58419646 57431181
58419646 57647241
58419646 60732607
58419646 152893039
58419646 57647265
60732607 42565606
60732607 57643274
60732607 58419646
60732607 152893039
15963570 19145610
15963570 42565606
15963570 67521842
15963570 84207070
15963570 152934210
15963570 57648848
15963570 4003976
15963570 152893039
152884803 42565606
152954125 15963570
152954125 38112531
152954125 125992813
152954125 128503695
152954125 97087389
152954125 42565606
152954125 57431181
152954125 67521842
152954125 84207070
152954125 534420385
152954125 128732497
152954125 57643274
152954125 152954990
152954125 17707485
152954125 152593449
67521842 57649576
67521842 15963570
67521842 152941762
67521842 152956970
67521842 128503695
67521842 97087389
67521842 152956692
67521842 57650813
67521842 19145610
67521842 42565606
67521842 57431181
67521842 152954125
67521842 152919267
67521842 152904557
67521842 25592731
67521842 298835249
67521842 137716730
67521842 93736626
67521842 57643274
67521842 17707485
67521842 152893039
67521842 152920490
67521842 42153787
152730145 42565606
152730145 4003976
152730145 152893039
42153787 125992813
42153787 42565606
42153787 152893039
42153787 38112531
19145610 57649576
19145610 15963570
19145610 38112531
19145610 32555912
19145610 97087389
19145610 42565606
19145610 67521842
19145610 152955391
19145610 57648816
19145610 137716730
19145610 4003976
19145610 58025296
19145610 17707485
19145610 152893039
19145610 152920490
152921944 57643274
152921944 125992813
152921944 145458659
152921944 152891167
152921944 42565606
152921944 58251652
152921944 152893039
152921944 152920490
38112531 19145610
38112531 42565606
38112531 152938109
38112531 84207070
38112531 152933164
38112531 137716730
38112531 152893039
38112531 57647265
38112531 42153787
137716730 38112531
137716730 152956970
137716730 128503695
137716730 19145610
137716730 42565606
137716730 67521842
137716730 152932213
137716730 298835249
137716730 93736626
137716730 58025296
137716730 57643274
137716730 152954990
137716730 152893039
137716730 42153787
152938109 38112531
152938109 42565606
58025296 152941762
58025296 125992813
58025296 19145610
58025296 42565606
58025296 84207070
58025296 152954990
58025296 17707485
58025296 152593449
58025296 152893039
152956970 42565606
152956970 67521842
152956970 57648848
152956970 137716730
152956970 152893039
125992813 152941762
125992813 58251652
125992813 39666918
125992813 57650813
125992813 42565606
125992813 57431181
125992813 152955391
125992813 152954125
125992813 152932213
125992813 152940708
125992813 57648816
125992813 25592731
125992813 31659063
125992813 57648848
125992813 298835249
125992813 58025296
125992813 152954990
125992813 17707485
125992813 152921944
125992813 58419646
125992813 42153787
152932213 125992813
152932213 42565606
152932213 137716730
152932213 152838893
57431181 152956970
57431181 152891167
57431181 125992813
57431181 128503695
57431181 97087389
57431181 42565606
57431181 67521842
57431181 9624827
57431181 152955391
57431181 57648250
57431181 152940708
57431181 31659063
57431181 57648848
57431181 57643274
57431181 152893039
57431181 152920490
152935029 42565606
152935029 57648848
152935029 4003976
152935029 152904557
152935029 152954990
152935029 17707485
152935029 152893039
152935029 42153787
152955391 125992813
152955391 128503695
152955391 19145610
152955391 42565606
152955391 57431181
152955391 84207070
152955391 17707485
152955391 152893039
152937989 152893039
152940708 152941762
152940708 125992813
152940708 128503695
152940708 60732607
152940708 42565606
152940708 152904557
152940708 25592731
152940708 57643274
152940708 152954990
152940708 17707485
57643274 57648848
57643274 67521842
57643274 152954125
57643274 57650813
57643274 137716730
57643274 152940708
57643274 9624827
57643274 57648250
57643274 42565606
57643274 145458659
57643274 60732607
57643274 152891167
57643274 84207070
57643274 57431181
57643274 39666918
57643274 57649576
57643274 152919267
57643274 152941762
57643274 152921944
57643274 58419646
57643274 152893039
57643274 152920490
152919267 42565606
152919267 67521842
152919267 57643274
152919267 152838893
57648250 39666918
57648250 42565606
57648250 57431181
57648250 49734278
57648250 9624827
57648250 152904557
57648250 84207070
57648250 4003976
57648250 57643274
57648250 17707485
57648250 152893039
57648250 57647265
152838893 42565606
31659063 125992813
31659063 128503695
31659063 60732607
31659063 32555912
31659063 15938128
31659063 42565606
31659063 57431181
31659063 67521842
31659063 58419646
31659063 152893039
85647489 42565606
152956692 128503695
152956692 60732607
152956692 42565606
152956692 152937989
152956692 298835249
152956692 42153787
128732497 42565606
128732497 152893039
84207070 15963570
84207070 38112531
84207070 42565606
84207070 152955391
84207070 152954125
84207070 57648250
84207070 40034927
84207070 58025296
84207070 57643274
84207070 17707485
84207070 58419646
85053573 128503695
85053573 42565606
85053573 152731503
85053573 17707485
85053573 152893039
152941762 125992813
152941762 39666918
152941762 42565606
152941762 67521842
152941762 152940708
152941762 58025296
152941762 57643274
152941762 152593449
152941762 152893039
152941762 57647265
152593449 58025296
152593449 42565606
152593449 152954125
152593449 152941762
152593449 57650813
152593449 152893039
57648816 125992813
57648816 19145610
57648816 42565606
57648816 57648848
57648816 40034927
57648816 152893039
57648816 57647265
55387218 42565606
57647241 57651817
57647241 42565606
57647241 25592731
57647241 152934210
57647241 58419646
57647241 152920490
57647241 57647265
49734278 38112531
49734278 152954609
49734278 42565606
49734278 57648250
49734278 152932359
49734278 57648848
49734278 152893039
152932359 152891167
152932359 42565606
152932359 49734278
152932359 57648848
152932359 152838893
152932359 17707485
57649576 152723451
57649576 19145610
57649576 42565606
57649576 67521842
57649576 298835249
57649576 4003976
57649576 57643274
152920490 42565606
152920490 19145610
152920490 57650813
152920490 534420385
152920490 57647241
152920490 57431181
152920490 152935029
152920490 152856342
152920490 67521842
152920490 58419646
152920490 152921944
152920490 152931199
152920490 57643274
152920490 17707485
152920490 152730145
152906267 42565606
152933164 42565606
42565606 57649576
42565606 15963570
42565606 38112531
42565606 152723451
42565606 152956970
42565606 55387218
42565606 125992813
42565606 128503695
42565606 60732607
42565606 32555912
42565606 152956692
42565606 152730145
42565606 39666918
42565606 216087807
42565606 152954609
42565606 57651817
42565606 57650813
42565606 19145610
42565606 15938128
42565606 152935029
42565606 152731537
42565606 152937989
42565606 57431181
42565606 145458659
42565606 49734278
42565606 67521842
42565606 152955391
42565606 152954125
42565606 152932213
42565606 152938109
42565606 152898294
42565606 152919267
42565606 152956307
42565606 152904557
42565606 57648250
42565606 152924581
42565606 152940708
42565606 152731503
42565606 84207070
42565606 152932359
42565606 534420385
42565606 57648816
42565606 152933164
42565606 31659063
42565606 152884803
42565606 4001806
42565606 57648848
42565606 152906267
42565606 298835249
42565606 128732497
42565606 4003976
42565606 93736626
42565606 85053573
42565606 58025296
42565606 57643274
42565606 152954990
42565606 152838893
42565606 17707485
42565606 152931389
42565606 152593449
42565606 152921944
42565606 58419646
42565606 152893039
42565606 152920490
42565606 42153787
298835249 57649576
298835249 125992813
298835249 128503695
298835249 152956692
298835249 42565606
298835249 137716730
298835249 4003976
298835249 152954990
298835249 17707485
298835249 152893039
58251652 125992813
58251652 42565606
58251652 152921944
152891167 128503695
152891167 32555912
152891167 56916220
152891167 152935029
152891167 42565606
152891167 57431181
152891167 152932359
152891167 128732497
152891167 152621103
152891167 57643274
152891167 152921944
152891167 152893039
93736626 42565606
93736626 67521842
152931389 42565606
152931389 152893039
152956307 42565606
128503695 152956970
128503695 60732607
128503695 32555912
128503695 152956692
128503695 39666918
128503695 57650813
128503695 19145610
128503695 42565606
128503695 57431181
128503695 67521842
128503695 9624827
128503695 152955391
128503695 152954125
128503695 152940708
128503695 152731503
128503695 152933164
128503695 31659063
128503695 4001806
128503695 298835249
128503695 137716730
128503695 85053573
128503695 17707485
128503695 152893039
534420385 42565606
4003976 57649576
4003976 38112531
4003976 32555912
4003976 152730145
4003976 57650813
4003976 19145610
4003976 42565606
4003976 152731537
4003976 67521842
4003976 57648250
4003976 57648848
4003976 298835249
4003976 152838893
4003976 17707485
4003976 152893039
97087389 19145610
97087389 67521842
97087389 152954125
97087389 152938109
97087389 534420385
97087389 25592731
152924581 42565606
152924581 152893039
