833322173 127218152
823769687 152725470
823769687 58161244
823769687 694659195
823769687 45567514
134279228 127218152
45012387 127218152
45012387 58161244
562954086 127218152
152565431 127218152
16835749 50615146
16835749 134380311
16835749 152932166
152733633 44866233
152504990 127218152
477847025 823769687
477847025 127218152
835275051 127218152
169730247 65267637
169730247 127218152
809595627 127218152
58176595 127218152
167814118 127218152
216087965 711841944
20454838 127218152
20454838 152932166
152932166 16835749
152932166 20454838
152932166 50615146
384013862 58161244
694659195 823769687
52085742 127218152
162798756 127218152
160231898 127218152
6508532 127218152
401787922 127218152
42604205 127218152
263684654 127218152
526649894 127218152
362961699 127218152
58161244 823769687
134380311 16835749
134380311 127218152
154829978 127218152
44866233 152733633
161102150 127218152
566564776 127218152
45567514 823769687
284289487 127218152
152725470 823769687
152725470 127218152
152725470 58161244
152725470 44866233
65267637 127218152
65267637 169730247
58148894 127218152
147936356 127218152
496909455 127218152
52235344 127218152
158492594 197842266
197842266 158492594
421640260 127218152
151141128 127218152
68510587 127218152
155521214 127218152
349582776 127218152
349582776 58161244
814099245 127218152
220255069 127218152
50615146 16835749
50615146 152932166
578838958 127218152
836611503 127218152
582375959 58161244
622596371 127218152
152934868 127218152
60489790 127218152
604143618 127218152
836611372 127218152
