211713561 106413087
58183272 226096340
58183272 497926035
58183272 11893515
50892216 106413087
305131388 106413087
601507206 106413087
296425938 106413087
756507232 106413087
364019114 106413087
42469364 106413087
349806322 106413087
152788254 106413087
91785592 106413087
226096340 58183272
110385511 106413087
198061863 106413087
297711400 106413087
128502952 106413087
644090321 106413087
438219457 106413087
52532879 106413087
643817474 106413087
179588319 106413087
83689992 106413087
296342801 106413087
177114297 106413087
679314610 106413087
297695603 106413087
58037655 106413087
224352063 106413087
186850336 106413087
110534224 106413087
497926035 58183272
195969401 106413087
637383165 106413087
172782139 106413087
218051448 106413087
11893515 58183272
