144815612 350418820
144815612 128104811
161647530 128104811
161647530 55417087
161647530 399267868
161647530 67495231
161647530 252549999
59691113 128104811
579029670 67495231
836611694 129003212
506682635 67495231
128104811 129003212
128104811 144815612
128104811 54160571
128104811 448013537
128104811 67495231
128104811 161647530
836611344 36635594
836611344 129003212
700748403 67495231
52030037 128104811
52030037 67495231
674909773 67495231
399267868 130564336
35369396 167808088
35369396 128104811
35369396 67495231
36635594 129003212
674353839 67495231
787902575 129003212
364938932 67495231
94969989 129003212
130564336 67495231
538444944 128104811
538444944 67495231
538444944 299452728
4543772 67495231
448644875 67495231
448644875 68506615
35994302 67495231
54160571 128104811
54160571 67495231
129003212 36635594
129003212 128104811
2611236 67495231
167808088 129003212
45495184 128104811
45495184 67495231
67495231 128104811
67495231 448013537
836611557 129003212
578796401 67495231
756504000 67495231
24281998 67495231
68506615 448644875
350418820 144815612
350418820 747384895
836611848 129003212
98966141 67495231
120480127 36635594
120480127 129003212
51863442 67495231
747384895 350418820
787921000 129003212
836611346 129003212
746003673 67495231
364629598 67495231
836611389 36635594
836611389 129003212
455409475 67495231
298808478 67495231
580892309 129003212
57409147 67495231
448013537 128104811
448013537 54160571
448013537 67495231
767815577 67495231
289208906 128104811
289208906 67495231
746067643 67495231
836611809 129003212
10948815 67495231
579221946 67495231
92054824 67495231
42319695 129003212
299452728 538444944
299452728 67495231
833456010 36635594
833456010 129003212
836611700 67495231
698678654 129003212
72395098 67495231
83120445 67495231
6868808 36635594
6868808 129003212
65461874 129003212
448171981 67495231
578872875 67495231
836611803 36635594
836611803 129003212
55417087 128104811
55417087 67495231
55417087 161647530
