39316651 163536960
39316651 601629761
29963275 132589140
29963275 756505159
29963275 163536960
29963275 298839645
29963275 601629761
29963275 833318872
833318872 756505159
833318872 298839645
833318872 163536960
833318872 601629761
806343743 163536960
490446856 163536960
490446856 601629761
67624619 163536960
67624619 601629761
294736468 601629761
132589140 756505159
132589140 298839645
132589140 163536960
132589140 601629761
132589140 833318872
301348889 601629761
301348889 163536960
479724496 601629761
298852514 601629761
215754059 601629761
215754059 163536960
49043888 163536960
49043888 67624619
49043888 601629761
834163987 601629761
155865035 163536960
155865035 601629761
163536960 67624619
163536960 601629761
421493793 163536960
421493793 601629761
601629761 163536960
601629761 132589140
601629761 298839645
298839645 163536960
298839645 833318872
298839645 601629761
298839645 132589140
252008677 601629761
117934222 163536960
117934222 601629761
756505159 163536960
756505159 298839645
756505159 833318872
756505159 601629761
756505159 132589140
152956278 163536960
152956278 601629761
52613263 163536960
52613263 601629761
210187022 601629761
57611060 132589140
57611060 601629761
456672373 601629761
