637068810 34831411
17216110 34831411
17216110 349555116
58403114 302887572
58403114 34831411
222390555 833310313
836611515 833310313
497186019 34831411
833310313 34831411
55249062 25447603
55249062 833303809
55249062 25373951
55249062 34831411
55249062 114677782
55249062 421466388
55249062 833310313
114677782 34831411
114677782 55249062
55241220 302887572
55241220 34831411
55241220 25447603
55241220 25373951
33449302 34831411
650563903 34831411
149545979 25447603
149545979 82513675
149545979 57266444
149545979 34831411
149545979 55246007
149545979 55249062
149545979 25373951
349555116 685178668
349555116 34831411
34831411 302887572
34831411 833310313
34831411 25373951
57266444 302887572
57266444 34831411
57266444 421466388
55246007 34831411
55246007 833310313
55246007 33826910
55246007 149545979
695140175 34831411
82513675 34831411
82513675 149545979
788792246 833303809
421466388 34831411
421466388 833303809
33826910 34831411
836611492 34831411
497201242 34831411
601838362 34831411
25373951 34831411
25373951 579260766
25373951 302887572
25373951 55241220
25373951 17216110
25373951 149545979
25373951 25447603
25373951 55249062
25373951 16302718
302887572 55241220
302887572 34831411
833303809 650563903
833303809 34831411
833303809 788792246
833303809 833310313
833303809 421466388
833303809 57266444
833303809 25447603
833303809 55249062
833303809 25373951
579260766 34831411
579260766 25373951
25447603 34831411
25447603 16302718
25447603 25373951
465127185 17216110
16302718 34831411
16302718 57266444
16302718 25447603
16302718 25373951
2349825 34831411
36934123 34831411
44858157 34831411
177095312 34831411
685178668 349555116
147911736 55241220
742316393 34831411
