31356902 698364899
137606873 67935382
137606873 130368603
164969100 347514701
304560586 568129286
130368656 17947266
130368656 130368603
163949146 137341508
163949146 84442002
67935382 137606873
67935382 44986666
67935382 359574435
137799279 136518495
137341508 163949146
836611560 217253823
811460988 217253823
217253823 836611560
678954086 112385476
512306830 111086435
500635561 836611380
112385476 678954086
111086435 512306830
698364899 130368656
698364899 31356902
17947266 130368656
17947266 137606873
17947266 130368603
636241061 163949146
164650611 164476232
44986666 67935382
305970247 269422848
305970247 137944493
164476232 164650611
137944493 305970247
136518495 137799279
359574435 67935382
84442002 692183641
84442002 269422848
84442002 163949146
836611380 500635561
269422848 305970247
269422848 84442002
692183641 84442002
568129286 304560586
130368603 130368656
130368603 137606873
