152435153 57644999
19068240 152785234
19068240 6579930
37396612 152572981
37396612 36774033
37396612 6579930
58005960 6579930
834157730 6579930
307629986 6579930
545081303 6579930
42131113 36774033
42131113 6579930
10962460 152938725
10962460 6579930
10962460 57644999
152935110 36774033
152935110 75230997
152935110 6579930
152935110 57644302
122067638 605074923
122067638 6579930
104853222 6579930
19566747 833310848
20842890 16379135
20842890 6579930
20842890 7191564
45163574 58150388
45163574 5422837
45163574 57644302
601643350 6579930
63451330 6579930
152785234 58150388
152785234 152732198
152785234 6579930
152785234 19068240
152785234 152906222
26871207 6579930
152812814 36774033
152812814 6579930
58093466 6579930
58093466 7191564
152602776 6579930
152602776 58173831
415901370 6579930
298836730 16379135
298836730 7191564
120595922 6579930
58150388 152785234
58150388 210230534
58150388 36774033
58150388 152913702
58150388 152572981
58150388 57607315
58150388 6579930
58150388 57644999
58150388 5422837
58150388 45163574
58150388 210228175
58150388 152906222
58150388 57644302
210228175 36774033
210228175 58150388
210228175 152732198
210228175 57644999
16379135 152934518
16379135 36774033
16379135 75230997
16379135 20842890
16379135 6579930
16379135 298836730
16379135 7191564
16379135 57644302
16379135 152713174
5422837 152934518
5422837 36774033
5422837 152913702
5422837 58150388
5422837 152732198
5422837 57644999
5422837 203394616
5422837 45163574
5422837 93075770
5422837 58173831
5422837 80328045
5422837 10962460
5422837 152604227
5422837 152930897
5422837 57644302
72523086 6579930
72523086 7191564
111385070 6579930
152920196 6579930
152930897 298836730
152930897 5422837
152930897 57644999
152930897 6579930
210230534 36774033
210230534 58150388
210230534 152906222
152713174 57644999
152713174 6579930
152713174 16379135
93075770 52392312
93075770 5422837
93075770 7191564
93075770 57644302
152596477 6579930
152604227 6579930
57598229 36774033
57598229 6579930
36774033 152934518
36774033 210230534
36774033 65387449
36774033 152938725
36774033 152913702
36774033 152572981
36774033 42131113
36774033 58005960
36774033 16379135
36774033 58150388
36774033 75230997
36774033 152935110
36774033 152900049
36774033 6579930
36774033 148331391
36774033 57644999
36774033 5422837
36774033 40119228
36774033 210228175
36774033 80328045
36774033 10962460
36774033 57598229
36774033 7191564
36774033 37396612
36774033 57644302
80328045 36774033
80328045 5422837
605057486 6579930
7191564 6579930
7191564 16379135
7191564 298836730
833310848 19566747
75230997 36774033
75230997 16379135
75230997 6924180
75230997 6579930
669778667 6579930
399765756 6579930
57644302 6579930
57644302 152935110
57644302 16379135
57644302 5422837
57644302 152572981
57644302 152934518
57644302 36774033
57644302 58150388
57644302 93075770
57644302 152906222
57644302 152938725
57644302 57644999
57644302 45163574
57644302 148331391
203394616 152688797
203394616 6579930
203394616 57644999
203394616 5422837
421547637 6579930
648884987 6579930
152906222 152785234
152906222 152934518
152906222 210230534
152906222 152688797
152906222 58150388
152906222 57644999
152906222 57644302
40119228 36774033
57607315 152938725
57607315 152957060
57607315 58150388
57607315 6579930
57607315 57644999
152913702 36774033
152913702 58150388
152913702 6579930
152913702 5422837
57644999 152688797
57644999 36774033
57644999 152572981
57644999 57607315
57644999 58150388
57644999 6579930
57644999 203394616
57644999 5422837
57644999 210228175
57644999 58173831
57644999 152906222
57644999 10962460
57644999 152930897
57644999 57644302
57644999 152713174
58173831 152602776
58173831 6579930
58173831 57644999
58173831 5422837
152934518 36774033
152934518 16379135
152934518 152900049
152934518 6579930
152934518 5422837
152934518 152906222
152934518 57644302
52392312 93075770
6924180 75230997
6924180 6579930
148331391 36774033
148331391 58401745
148331391 57644302
152957060 57607315
152957060 128093950
152732198 152785234
152732198 210228175
152900049 152934518
152900049 36774033
152900049 6579930
152603712 6579930
58401745 6579930
58401745 148331391
152572981 36774033
152572981 58150388
152572981 57644999
152572981 37396612
152688797 42131113
152688797 6579930
152688797 57644999
152688797 203394616
152688797 152906222
605074923 122067638
144892254 60951486
152938725 36774033
152938725 57607315
152938725 6579930
152938725 10962460
152938725 57644302
833579416 6579930
836611849 6579930
658761672 6579930
128093950 152957060
128093950 6579930
