666335369 366084152
666335369 836611608
666335369 367332819
666335369 735843732
836611591 366084152
215894158 578862997
215894158 299091796
215894158 814954439
519412767 366084152
519412767 367332819
519412767 836611323
836611826 366084152
666376934 230316099
666376934 144760898
388446633 366084152
388446633 182419430
388446633 367332819
388446633 836611323
126676549 366084152
814954439 215894158
836611618 366084152
578768251 366084152
34002797 366084152
34002797 144760898
233721644 366084152
836611323 366084152
836611323 836611707
836611323 836611608
836611323 388446633
836611323 519412767
836611323 367332819
836611323 735843732
836611519 366084152
166580407 366084152
166580407 836611707
166580407 144760898
109490842 366084152
836611707 182004703
836611707 366084152
836611707 166580407
836611707 836611608
836611707 367332819
836611707 757690697
836611707 836611323
37605664 366084152
37605664 132307326
37605664 666335369
321749393 215894158
182419430 366084152
182419430 388446633
8870375 366084152
366104324 366084152
364899884 366084152
836611778 366084152
836611387 366084152
230316099 366084152
230316099 666376934
836611578 366084152
311193990 366084152
836611548 366084152
815580623 366084152
815580623 37605664
299140475 366084152
645843575 366084152
687043170 366084152
182004703 366084152
182004703 836611707
182004703 836611608
182004703 367332819
182004703 735843732
836610470 366084152
212482452 366084152
260521998 144538058
299091796 215894158
757690697 366084152
757690697 836611707
836611458 366084152
666800297 366084152
369582108 366084152
144538058 260521998
160303335 215894158
367332819 182004703
367332819 366084152
367332819 836611707
367332819 836611608
367332819 388446633
367332819 519412767
367332819 666335369
367332819 836611323
692506955 366084152
835986014 366084152
836611565 366084152
670827172 366084152
182370669 366084152
448599651 366084152
448599651 16848998
448599651 144760898
836611768 366084152
166490560 366084152
836611608 182004703
836611608 366084152
836611608 836611707
836611608 367332819
836611608 836611323
144760898 448599651
144760898 34002797
144760898 666376934
144760898 166580407
132307326 366084152
132307326 37605664
260523977 144538058
735843732 182004703
735843732 366084152
735843732 666335369
735843732 836611323
545085797 366084152
367281833 366084152
