581274392 58519792
30596929 31415083
175157958 58519792
676774354 58519792
268931432 58519792
45212995 58519792
57651046 58519792
57651046 210221298
57651046 91809238
57651046 57644575
57651046 31415083
57651046 57652289
57651046 54475210
57651046 84313938
57651046 57646907
57651046 210199676
57651046 98723424
57651046 115741321
175152129 58519792
175152129 57644575
175152129 23616220
833302816 58519792
833302816 23616220
582034290 58519792
581961730 58519792
210231294 58519792
32611561 58519792
152435052 58519792
152435052 23616220
98723424 58519792
98723424 152957228
98723424 57651046
98723424 57644575
152911889 58519792
152911889 152693003
836611541 58519792
152957228 152482396
152957228 58519792
152957228 91809238
152957228 98723424
54475210 152957228
54475210 58519792
54475210 57651046
54475210 57334037
54475210 4200442
54475210 84313938
54475210 23616220
735845357 31415083
17487275 58519792
17487275 23616220
17487275 91809238
17487275 57644575
580970250 58519792
580970250 152934011
552001259 58519792
65317511 84313938
65317511 58519792
65317511 31415083
65317511 23616220
581451154 58519792
581467644 58519792
581736872 58519792
57646907 58519792
57646907 57651046
57646907 57644575
57646907 44760204
57646907 4200442
57646907 23616220
50859726 58519792
50859726 57652289
58105639 58519792
152693003 152957228
152693003 58519792
152693003 57652289
152693003 152911889
152693003 23616220
57993963 58519792
413362514 58519792
833813281 58519792
210199676 58519792
210199676 57651046
70100054 58519792
210208632 58519792
210208632 58143652
582386923 58519792
152619893 152482396
152619893 58519792
152619893 58105639
152619893 580970250
57649298 91809238
57649298 84313938
58108767 58519792
581932259 58519792
581932259 23616220
446859095 58519792
57652289 50859726
57652289 58519792
57652289 57651046
57652289 152934011
57652289 152693003
57652289 4200442
57652289 23616220
57652706 57644575
57652706 31415083
57652706 23616220
152934011 58519792
152934011 57652289
563168804 58519792
152732984 58519792
152732984 91809238
152732984 23616220
601615849 58519792
58143652 84313938
58143652 91809238
23616220 17487275
23616220 57334037
23616220 65317511
23616220 152732984
23616220 31415083
23616220 152435052
23616220 581932259
23616220 84313938
23616220 57646907
23616220 115741321
23616220 54475210
23616220 58143652
23616220 57644575
23616220 175152129
23616220 58519792
23616220 57652706
23616220 152693003
23616220 210221298
23616220 833302816
44760204 58519792
44760204 210221298
44760204 57644575
44760204 57646907
91809238 152957228
91809238 58519792
91809238 57651046
91809238 17487275
91809238 57649298
91809238 152732984
91809238 152888749
91809238 58143652
31415083 735845357
31415083 30596929
31415083 58519792
31415083 57651046
31415083 446859095
31415083 57652706
31415083 57334037
31415083 57644575
31415083 152620019
31415083 54475210
31415083 84313938
31415083 65317511
31415083 23616220
148158207 58519792
148158207 57644575
148158207 84313938
38012724 58519792
152888749 58519792
152888749 91809238
152482396 152957228
152482396 58519792
152482396 152619893
836611686 58519792
581835339 152435052
581835339 58519792
581835339 57644575
57334037 23616220
836611398 58519792
4200442 57652289
4200442 54475210
4200442 84313938
4200442 57646907
152620019 31415083
541362505 58519792
210221298 58519792
210221298 57651046
210221298 57644575
210221298 23616220
750859897 58519792
84313938 58519792
84313938 57651046
84313938 57644575
84313938 31415083
84313938 54475210
84313938 4200442
84313938 58143652
84313938 65317511
84313938 148158207
84313938 23616220
115741321 58519792
582055194 58519792
57644575 58519792
57644575 57651046
57644575 17487275
57644575 57652706
57644575 210221298
57644575 581835339
57644575 31415083
57644575 44760204
57644575 84313938
57644575 57646907
57644575 98723424
57644575 58143652
57644575 148158207
57644575 23616220
763248329 58519792
152620915 58519792
34935348 58519792
398368856 58519792
