152899806 57652964
152899806 25592731
152899806 44759118
152899806 152732917
152899806 298831541
44759118 152904654
44759118 152580780
44759118 57650813
44759118 152546203
44759118 152630303
44759118 152899806
44759118 152732917
44759118 298831541
44759118 44754953
34789292 298831315
34789292 152603712
34789292 298831541
10005176 152933004
10005176 298831541
45542669 152684854
45542669 298831541
25592731 34789292
25592731 228980852
25592731 152546203
25592731 54426765
25592731 152732917
25592731 298831541
152732917 152899806
152732917 152580780
152732917 44759118
152732917 25592731
152732917 57652964
152732917 54426765
152732917 57652033
152546203 152931735
152546203 152956691
152546203 25592731
152546203 298831541
152546203 44754953
152904654 34789292
152904654 57652964
152904654 44759118
152904654 57652033
152904654 152546203
152904654 54426765
152904654 152725750
152904654 298831541
152931735 152580780
152931735 57650813
152931735 298831541
57649139 152732917
57649139 152546203
57652033 152899806
57652033 152904654
57652033 152732917
57652033 298831541
57650813 67749344
57650813 44759118
57650813 152580780
57650813 152546203
57650813 152725750
209445632 57652964
209445632 298831541
28708595 298831541
58391531 298831541
152580780 228980852
152580780 152931735
152580780 67749344
152580780 44759118
152580780 57650813
152580780 152956691
152580780 152732917
152580780 298831541
36895440 61745787
36895440 57650813
36895440 298831541
60764261 152933004
44754953 152546203
44754953 298831541
44754953 44759118
152630303 36895440
152630303 152603712
152630303 152684854
152630303 44759118
152630303 152581460
54426765 57652964
54426765 152904654
54426765 25592731
54426765 152732917
54426765 298831541
152728477 152684854
152728477 298831541
298831315 34789292
298831315 298831541
61745787 298831541
67749344 36895440
67749344 152580780
67749344 61745787
67749344 228980852
67749344 298831541
152684854 152728477
152684854 57652964
152684854 152630303
152684854 152899806
152684854 298831541
97409150 152580780
152725750 57652964
152725750 152904654
152725750 57650813
152725750 298831541
57652964 152904654
57652964 54426765
57652964 58391531
57652964 152684854
57652964 152725750
57652964 152899806
57652964 152732917
57652964 298831541
152581460 152630303
152581460 298831541
298831541 10005176
298831541 36895440
298831541 25592731
298831541 54426765
298831541 34789292
298831541 152956691
298831541 152580780
298831541 152546203
298831541 152581460
298831541 298831315
298831541 152931735
298831541 152725750
298831541 152904654
298831541 45542669
298831541 57847233
298831541 61745787
298831541 28708595
298831541 152603712
298831541 152899806
298831541 152933004
298831541 67749344
298831541 209445632
298831541 57652964
298831541 44754953
152603712 152546203
152603712 298831541
57847233 298831541
228980852 152580780
228980852 25592731
152956691 36895440
152956691 152933004
152956691 152580780
152956691 152546203
152956691 298831541
152933004 10005176
152933004 34789292
152933004 298831541
152907155 298831541
152907155 152933004
