83658287 215747976
10938824 23300100
152832800 57647712
152810923 57848843
44584749 57652539
44584749 14494980
261671774 31374742
261671774 23300100
57647712 44760202
57647712 152604218
57647712 152574289
57647712 57651644
57647712 152832800
57651644 152604218
57651644 57647712
57647484 44760202
57647484 57652539
57647484 152808868
57647484 581841387
57647484 152691177
38719517 63437317
57848843 47642390
63437317 38719517
63437317 152810923
63437317 69212821
215747976 73171191
581841387 57647484
581841387 58247197
47642390 57652539
152604218 57647712
152604218 57651644
57652539 47642390
57652539 57647484
57652539 298835490
57652539 152891288
57652539 69212821
123730504 69212821
152891288 57652539
581529703 14494980
58247197 581841387
58247197 58327259
152574289 57647712
152574289 69212821
152574289 152856794
152574289 23300100
44760202 57647484
44760202 57647712
152808868 57647484
69212821 57652539
69212821 152574289
152691177 57647484
58327259 58247197
152856794 73171191
73171191 215747976
14494980 581529703
14494980 44584749
7585266 57652539
7585266 44584749
152928974 57652539
31374742 261671774
152581171 69212821
