230077060 174526509
230077060 579029751
230077060 127396945
449454201 127396945
811894634 579029751
811894634 127396945
699049549 127396945
462658154 127396945
154942971 127396945
235915755 127396945
578738823 127396945
448846527 127396945
15823242 127396945
299525327 127396945
299974399 127396945
700715134 127396945
50756936 127396945
20782584 127396945
814940801 127396945
511585833 700715134
511585833 127396945
19173619 127396945
11059661 129344521
11059661 127396945
72848654 127396945
348399834 127396945
579029751 811894634
579029751 578732583
579029751 814943523
579029751 229636577
579029751 127396945
814943523 579029751
449923170 127396945
699532282 127396945
578988252 127396945
124768015 127396945
302162952 127396945
59551037 127396945
229636577 579029751
229636577 232778984
229636577 127396945
229636577 129344521
346267182 127396945
129344521 127396945
754377122 127396945
174526509 579029751
174526509 745773706
174526509 814943523
174526509 229636577
174526509 127396945
174526509 230077060
578849057 127396945
302799836 127396945
579260835 127396945
30901943 745773706
30901943 129344521
59556524 127396945
448844989 127396945
578738739 127396945
367861724 127396945
523071234 127396945
105768279 127396945
421460327 127396945
25220857 127396945
447404476 127396945
235610576 127396945
300050255 127396945
298810662 127396945
421523472 127396945
289208906 127396945
536009938 127396945
11225935 127396945
732414514 127396945
633983191 127396945
232778984 229636577
232778984 127396945
789827075 127396945
578783315 127396945
45494288 127396945
579235439 127396945
578732583 579029751
578732583 127396945
578733319 127396945
578932107 127396945
299691362 127396945
578723846 127396945
448725550 127396945
745773706 30901943
745869417 127396945
578724260 127396945
690107141 127396945
