44421639 127180909
136238975 127180909
44720263 75363165
36081797 33968646
161142722 127180909
44501793 75363165
44501793 32836032
44501793 49053374
44501793 49068125
44501793 82528167
44501793 44345472
65301520 17173142
65301520 54682052
65301520 26386472
65301520 127180909
58504266 127180909
44986325 127180909
44986325 134109086
44256073 127180909
44492650 75363165
44492650 34032055
44492650 26386472
33113523 44211445
33113523 26386472
33113523 127180909
33113523 49068125
33113523 82528167
19677623 32046735
19677623 127180909
29311583 54379870
46985427 127180909
129715053 127180909
44345472 44501793
44148198 127180909
67835899 17173142
67835899 75363165
67835899 26386472
67835899 127180909
44020686 75363165
44020686 127180909
43983931 75363165
43983931 127180909
82264795 49068125
82264795 50885243
82264795 65267242
44340756 127180909
50885243 82264795
50885243 127180909
50885243 49068125
44392722 127180909
95747318 82264881
460036856 54682052
15140803 127180909
127180909 21579400
34032055 127180909
34032055 44492650
44437095 127180909
48316330 127180909
48316330 130019019
48316330 82528167
44211445 33113523
44211445 57435723
44211445 44360167
44211445 127180909
44298320 26386472
44298320 127180909
28157948 127180909
49053374 44501793
49053374 127180909
82738530 127180909
75363165 44720263
75363165 44501793
75363165 97833956
75363165 43983931
75363165 228465202
75363165 26386472
75363165 44020686
75363165 67835899
75363165 33968646
75363165 45367510
75363165 82528167
75363165 44492650
97833956 75363165
97833956 127180909
21579400 26386472
21579400 127180909
44360167 44211445
44360167 127180909
254056492 127180909
44319321 127180909
231677420 127180909
45367510 75363165
11517205 127180909
33968646 75363165
33968646 127180909
33968646 36081797
57435723 44211445
82528167 44501793
82528167 48316330
82528167 75363165
82528167 33113523
82528167 26386472
82528167 127180909
82528167 49068125
44055318 127180909
56080057 127180909
82639479 127180909
82639479 49068125
231736365 127180909
17173142 26386472
17173142 127180909
17173142 49068125
17173142 67835899
17173142 65301520
49068125 82264795
49068125 44501793
49068125 17173142
49068125 33113523
49068125 82639479
49068125 50885243
49068125 82528167
49068125 65267242
82264881 127180909
231222900 127180909
44561038 32836032
54379870 29311583
54379870 127180909
32836032 44501793
32836032 44561038
44319326 127180909
44341695 127180909
228465202 75363165
65267242 82264795
65267242 49068125
32046735 26386472
32046735 19677623
32046735 127180909
26386472 17173142
26386472 75363165
26386472 33113523
26386472 32046735
26386472 44256073
26386472 127180909
26386472 67835899
26386472 134109086
26386472 65301520
26386472 82528167
26386472 43811711
26386472 44492650
155318221 127180909
43811711 26386472
134109086 44986325
134109086 26386472
134109086 127180909
54682052 26386472
54682052 127180909
54682052 460036856
54682052 65301520
