434669153 138771438
7751164 99071947
7751164 138771438
7751164 39490929
99071947 138771438
155560161 138771438
166667071 138771438
67863390 138771438
806493583 138771438
204021707 138771438
13004640 138771438
13004640 39490929
30117406 138771438
155586068 138771438
51947026 138771438
135851274 138771438
11583519 138771438
224509162 138771438
214327680 138771438
347423360 138771438
65653872 138771438
65653872 454188211
159891538 138771438
17421247 138771438
17421247 130291950
17421247 51947026
59581155 138771438
454188211 138771438
454188211 65653872
21876467 138771438
138771438 99071947
138771438 17421247
138771438 65653872
48720487 138771438
57450219 138771438
57450219 65653872
220536055 138771438
177208759 138771438
53495305 138771438
300481788 138771438
300481788 65653872
300077689 138771438
51872353 138771438
130291950 138771438
