165034921 165202924
152897147 127504265
152897147 601602960
152816082 127504265
152728119 127504265
152541281 127504265
57646601 127504265
228051047 127504265
199852521 127504265
58107760 21428347
152566384 152921897
581660651 127504265
130228969 152477301
73173166 127504265
581155245 127504265
777389579 127504265
152477301 130228969
152921897 127504265
152921897 152566384
58169815 127504265
11277617 127504265
692403599 127504265
22909948 127504265
139367070 127504265
528469199 161480546
47893674 127504265
63437317 127504265
421480225 127504265
138566629 127504265
21428347 127504265
57759422 127504265
165202924 165034921
307657397 127504265
162434163 127504265
57648259 152593747
152816045 127504265
582361762 127504265
161480546 528469199
812463138 127504265
152687139 127504265
152691843 127504265
152593747 57648259
152501717 127504265
58093029 127504265
5249394 127504265
582764347 127504265
