133553116 27609283
133553116 27729281
130470991 27729281
130470991 32109397
377317312 27729281
54396470 45162148
54396470 60711178
54396470 32109397
54396470 27729281
295336564 129433848
45161831 130358191
42072004 27729281
18833982 27729281
152928660 27729281
299995730 129433848
27609283 45162148
27609283 60711178
27609283 54394231
27609283 133553116
27609283 32109397
27609283 27729281
27609283 274689999
205885187 32109397
205885187 45162148
11443897 27729281
516608294 27729281
421502622 27729281
130358191 45161831
130358191 45162148
130358191 129433848
130358191 27609283
130358191 27729281
8219413 27729281
649953964 8219413
649953964 27729281
649953964 32109397
649953964 54394231
649953964 45162148
73875569 32109397
27729281 22682308
27729281 42072004
27729281 92112142
27729281 129433848
27729281 421542142
27729281 93921525
27729281 32109397
27729281 152603358
27729281 86117325
27729281 102230113
27729281 747754840
27729281 152596364
27729281 27609283
27729281 58296482
27729281 85242431
27729281 649953964
274689999 27729281
54394231 45162148
54394231 359375375
54394231 27609283
54394231 32109397
54394231 27729281
54394231 649953964
44759746 27729281
86117325 27729281
86117325 30931981
152628912 27729281
152596364 59188798
152596364 152725296
152596364 27729281
413453575 516608294
413453575 27729281
93921525 27729281
662777761 45162148
662777761 27729281
834195500 27729281
58296482 27729281
58296482 32109397
32109397 60711178
32109397 45162148
32109397 129433848
32109397 92112142
32109397 28104089
32109397 27609283
32109397 54394231
32109397 54396470
32109397 58296482
32109397 73875569
32109397 677185131
32109397 130470991
32109397 205885187
32109397 27729281
32109397 649953964
149772642 60711178
149772642 69549919
149772642 57635139
569844508 27729281
677185131 27729281
677185131 32109397
677185131 92112142
58163632 27729281
22682308 92112142
22682308 129433848
22682308 27729281
102230113 129433848
102230113 27729281
57635139 149772642
57635139 27729281
57580861 421461453
57580861 27729281
60711178 142454675
60711178 149772642
60711178 45162148
60711178 27609283
60711178 54396470
60711178 58169027
60711178 32109397
60711178 152725296
104737059 27729281
92112142 421491757
92112142 129433848
92112142 32109397
92112142 27729281
421461453 57580861
421461453 27729281
152604046 27729281
45810672 27729281
152725296 152596364
152725296 60711178
758009859 27729281
58169027 27729281
58169027 60711178
85242431 27729281
28104089 45162148
28104089 32109397
45162148 54394231
45162148 601678845
45162148 130358191
45162148 677185131
45162148 27609283
45162148 54396470
45162148 152596364
45162148 28104089
45162148 60711178
45162148 199677889
45162148 32109397
45162148 205885187
45162148 649953964
421542142 27729281
299569973 152808612
421491757 92112142
421491757 129433848
421491757 27729281
152603358 27729281
69549919 54394231
69549919 149772642
69549919 74614241
101696967 92112142
199677889 45162148
199677889 27729281
10290525 27729281
142454675 60711178
142454675 27729281
25912208 92112142
25912208 27729281
152808612 299569973
152808612 27729281
154921550 27729281
30931981 27729281
30931981 86117325
747754840 27729281
59188798 152596364
59188798 27729281
129433848 92112142
129433848 32109397
129433848 27729281
359375375 54394231
359375375 27729281
833332313 27729281
601678845 45162148
74614241 69549919
152068113 27729281
298857306 27729281
298857306 32109397
13749559 27729281
