666001402 57068428
666001402 262484683
666001402 301963297
666001402 57494574
45485559 301963297
57067785 103095560
747084026 34428761
304879732 45238514
304879732 565293209
634210479 34428761
634210479 301963297
401836464 155870960
401836464 57068305
401836464 301963297
401836464 57494574
505506742 301963297
505506742 57068305
505506742 54636854
57068305 401836464
57068305 57494574
57068305 301963297
57068305 634210479
57068305 45238514
57068305 54636854
57068305 155870960
57068305 262484683
57068305 45236862
34428761 57494574
34428761 301963297
34428761 634210479
34428761 45238514
34428761 747084026
34428761 565293209
565293209 301963297
565293209 45238514
565293209 34428761
565293209 54636854
565293209 304879732
57494574 401836464
57494574 301963297
57494574 45238514
57494574 836611690
57494574 666001402
57494574 57068305
45238514 301963297
45238514 634210479
45238514 57068305
45238514 155870960
45238514 262484683
45238514 52609021
155870960 401836464
155870960 301963297
155870960 374497763
155870960 103095560
155870960 57068305
155870960 747210792
155870960 45238514
52609021 45238514
262484683 57494574
262484683 301963297
262484683 52608769
262484683 634210479
262484683 666001402
262484683 57068305
301963297 401836464
301963297 57494574
301963297 634210479
301963297 45238514
301963297 666001402
301963297 34428761
301963297 57068305
301963297 262484683
301963297 155870960
301963297 505506742
301963297 54636854
301963297 565293209
301963297 45485559
52608769 262484683
281586353 103095560
54636854 301963297
54636854 57068305
54636854 565293209
602535678 262484683
28951207 103095560
57068428 666001402
