30862761 68948265
30862761 66986781
30862761 35221935
33915497 64605624
33915497 38128350
33915497 66986781
7549066 34858511
7549066 60695821
38128350 33915497
38128350 98856811
156581758 66986781
68947686 66986781
35221935 34858511
35221935 30862761
35221935 66986781
44678477 66986781
18885881 64605624
18885881 34858511
18885881 66986781
98856811 38128350
98856811 66986781
64605624 49067297
64605624 33915497
64605624 18885881
64605624 66986781
64605624 35221935
131932114 66986781
49067297 64605624
34858511 7549066
34858511 66986781
323087378 66986781
68948265 66986781
44339839 66986781
44564333 66986781
302883790 66986781
84206822 66986781
34186413 34858511
34186413 66986781
60695821 34858511
60695821 7549066
60695821 66986781
