712440040 149543613
741243667 149543613
741243667 121056193
230170764 149543613
230170764 328394955
230170764 128547423
230170764 132222034
230170764 121056193
218432199 690709918
690709918 421455673
690709918 218432199
154977574 834157674
154977574 690709918
154977574 421455673
154977574 149543613
214274398 149543613
328394955 149543613
328394955 230170764
328394955 121056193
421455673 154977574
421455673 690709918
421455673 161480546
421455673 836079927
11286041 836079927
149543613 741243667
149543613 230170764
132222034 230170764
161480546 741243667
161480546 149543613
161480546 421455673
121056193 741243667
121056193 230170764
121056193 128547423
121056193 328394955
18331928 149543613
836079927 11286041
836079927 421455673
162742217 230170764
162742217 149543613
834157674 154977574
834157674 690709918
128547423 230170764
128547423 121056193
