23935352 44490203
38198083 313696828
38198083 114399293
38198083 15718899
38198083 383856491
38198083 114407955
50707175 38198083
50707175 114407955
383856491 38198083
383856491 28160934
141211253 38198083
141211253 114407955
456974971 137497119
298810594 38198083
144539437 28160934
15718899 38198083
217181649 28160934
217181649 114407955
50592089 38198083
50592089 114407955
50592089 133221814
156026841 38198083
156026841 295610147
156026841 114407955
364602954 38198083
364602954 298808155
364602954 500032085
364602954 114407955
364602954 44683363
298803941 836611854
645719078 38198083
645719078 114407955
298802594 215867154
298807358 164843771
216084683 38198083
216084683 684201651
216084683 28160934
216084683 37800854
216084683 114407955
216084683 570007112
607319114 38198083
607319114 74555686
20725873 38198083
20725873 37800854
20725873 114407955
299480782 38198083
299480782 114407955
5617213 38198083
5617213 114407955
204021707 99003747
44683363 38198083
44683363 132179533
44683363 364602954
44683363 500032085
44683363 114407955
44683363 204021707
44683363 37800854
60909531 114407955
28160934 601609246
28160934 155641396
28160934 295610147
28160934 216084683
28160934 59609971
28160934 298808155
28160934 132179533
28160934 833525798
28160934 164843771
28160934 217181649
28160934 99003747
28160934 298807358
28160934 60909531
28160934 313696828
28160934 383856491
28160934 114407955
28160934 296922325
28160934 144539437
28160934 141211253
224810726 129826942
156128700 114407955
114399293 38198083
289192045 114407955
289192045 38198083
133221814 50592089
133221814 114407955
115796982 296571702
115796982 114407955
115796982 114399293
115796982 74555686
131733931 37800854
131733931 114407955
104749601 114407955
104749601 37800854
307642557 114407955
22451261 114407955
114404934 114407955
114404934 456974971
760265 513783386
114395350 38198083
114395350 114407955
155641396 28160934
155641396 99003747
155641396 114407955
215867154 37800854
215867154 114407955
215867154 298802594
135596927 38198083
135596927 298808155
135596927 28160934
135596927 114399293
135596927 114407955
135596927 114407721
134310449 77905075
296571702 115796982
296571702 137497119
179857469 114407955
99003747 38198083
99003747 155641396
99003747 129826942
99003747 28160934
99003747 204021707
99003747 114407955
59609971 38198083
59609971 28160934
59609971 114407955
237761458 38198083
114404901 601609246
114404901 129826942
114404901 133297867
164843771 28160934
164843771 298807358
601609246 38198083
601609246 114404901
37800854 115796982
37800854 298807358
37800854 131733931
37800854 114399293
37800854 114404901
37800854 114407955
37800854 296922325
37800854 298808155
37800854 104749601
114407955 38198083
114407955 12081524
114407955 179857469
114407955 104749601
114407955 37800854
114407955 135596927
114407955 8293165
500032085 38198083
500032085 114407955
183101888 38198083
183101888 114407955
513783386 133297867
513783386 760265
15206067 307642557
15206067 114407955
38378914 38198083
38378914 114407955
207661235 38198083
207661235 129826942
207661235 114407955
207661235 28160934
313696828 38198083
313696828 77905075
114407721 38198083
114407721 114407955
114407721 570007112
8293165 114407955
684201651 129826942
684201651 216084683
27249684 114407955
133297867 513783386
133297867 114404901
77905075 129826942
77905075 134310449
77905075 313696828
296922325 37800854
296922325 114407955
22165396 836611854
44490203 23935352
44490203 114407955
295610147 156026841
295610147 28160934
295610147 114407955
833525798 28160934
12081524 114407955
156184309 114407955
258350632 383856491
258350632 114407955
298808155 364602954
298808155 28160934
298808155 135596927
159883496 681513141
681513141 38198083
681513141 159883496
836611854 298803941
836611854 22165396
836611854 114407955
129826942 38198083
129826942 684201651
129826942 224810726
129826942 77905075
129826942 114404901
129826942 99003747
269153059 114407955
21365341 258350632
21365341 114407955
137497119 38198083
137497119 296571702
137497119 456974971
74555686 115796982
74555686 99003747
74555686 179857469
674327858 114407955
570007112 216084683
