302445265 152712508
152727660 152933444
223766928 44757781
223766928 152619771
223766928 152933444
223766928 58303829
223766928 44757760
223766928 24556295
97047333 152933444
97047333 152906304
97047333 582055950
152854604 152933444
152854604 152797237
152854604 44757760
152854604 23831298
152906304 152594884
152906304 152933444
152931535 152933444
152931535 44757781
152933444 57645976
152933444 152574632
152933444 152594884
152933444 152701489
152933444 152876458
152933444 152564296
152933444 152931535
152933444 57395439
152933444 57643533
152933444 45045623
152933444 152854604
152933444 140497324
152933444 152935064
152933444 152733623
152933444 57613279
152933444 581458848
152933444 932106
152933444 152797524
152933444 152914368
152933444 152710098
152933444 152572391
152933444 152669174
152933444 152671006
152933444 152906304
152933444 152734799
152933444 152623069
152933444 58059890
152933444 57609575
152933444 152622518
152933444 135681569
152933444 582055950
152933444 45152581
152933444 152876382
152933444 152812586
152933444 83526776
152933444 152573816
152933444 152907768
152933444 152817574
152933444 152659062
152933444 151401368
152933444 152800824
152933444 152734422
152933444 152630000
152933444 57647137
152933444 152899433
152933444 152604127
152933444 152692281
152933444 57652997
152933444 97047333
152933444 152619770
152933444 152727660
152933444 152679586
152933444 58110439
152933444 833336972
152933444 152712508
152933444 19850424
152933444 152900065
152933444 152693320
152933444 44757781
152933444 152619771
152933444 152733040
152933444 223766928
152933444 152797069
152933444 152833647
152933444 160268433
152933444 152820934
152933444 58303829
152933444 152602020
152933444 33944323
152933444 152720160
152933444 152711987
152933444 152919551
152933444 152919069
152933444 210196020
152933444 152797237
152933444 152678471
152933444 44757760
152933444 24556295
152933444 152663236
152933444 23831298
152933444 298838230
152710098 152933444
152604127 152933444
152712508 152933444
152712508 152797069
152712508 152906304
152712508 152899433
152712508 302445265
152712508 298838230
152679586 152933444
152914368 152933444
152914368 152900065
152594884 152933444
58303829 152812586
58303829 152933444
58303829 223766928
152622518 152933444
44757781 57645976
44757781 152933444
44757781 152931535
44757781 152733623
44757781 223766928
44757781 582055950
44757781 152833647
152876382 152933444
210196020 152933444
57647137 152574632
57647137 152933444
57647137 152797069
57647137 152671006
57647137 152720160
57647137 44757760
582055950 152933444
582055950 932106
582055950 152900065
582055950 44757781
57652997 152933444
57652997 152572391
160268433 152933444
152693320 152933444
152693320 152671006
152693320 45152581
152693320 83526776
152693320 152900065
45152581 152933444
45152581 140497324
45152581 152693320
152701489 152933444
152623069 152933444
44757760 223766928
44757760 57647137
44757760 152854604
44757760 152933444
44757760 152572391
44757760 152820934
44757760 45045623
44757760 152619771
44757760 152574632
57643533 152933444
57643533 140497324
57643533 152671006
57643533 152938457
57643533 19850424
152800824 152933444
152602020 152933444
152711987 152933444
57609575 152933444
152935064 152933444
152820934 152933444
152820934 44757760
152734799 152933444
152734799 152572391
152734799 152900065
58110439 152933444
152797524 152933444
152663236 152933444
58059890 152933444
152573816 152933444
152817574 152933444
152833647 44757781
152692281 152933444
152619770 152933444
33944323 152933444
152797237 152933444
152797237 152720160
581458848 152933444
152678471 152933444
152797069 152933444
57613279 152933444
83526776 152933444
83526776 45045623
83526776 152693320
152669174 152933444
152900065 152933444
152900065 582055950
152900065 152812586
152734422 57645976
152734422 152933444
152734422 152797069
152734422 152671006
152734422 97047333
152734422 152938457
152734422 152693320
151401368 152933444
151401368 223766928
152938457 57643533
152938457 152734422
152671006 152574632
152671006 152933444
152671006 57643533
152671006 152572391
152671006 152734422
152671006 57647137
152671006 152693320
298838230 152933444
298838230 152712508
152733040 152933444
152619771 152933444
152619771 223766928
932106 152933444
932106 582055950
833336972 152933444
45045623 152933444
45045623 83526776
45045623 152900065
45045623 44757760
152876458 152933444
24556295 152906304
24556295 223766928
24556295 152933444
24556295 152926252
152919069 152933444
23831298 152572391
23831298 152933444
23831298 135681569
140497324 152933444
140497324 57643533
152630000 152933444
152564296 152933444
152733623 152933444
152733623 44757781
152720160 57647137
152720160 152933444
152720160 152797237
57645976 152933444
57645976 152572391
57645976 152734422
57645976 97047333
57645976 44757781
152899433 152933444
57395439 152933444
135681569 152933444
135681569 23831298
152907768 152933444
152812586 152933444
152812586 152931535
152812586 152797069
152812586 152712508
152812586 152900065
152812586 152619771
152574632 152933444
152574632 152671006
152574632 57647137
152574632 44757760
152572391 57645976
152572391 152933444
152572391 152671006
152572391 57652997
152572391 44757760
152919551 152933444
152659062 152933444
