55054230 424672472
55054230 55440062
55054230 12856097
55054230 57127761
55054230 49420459
65345951 57433717
65345951 12856097
65345951 49420459
65345951 55440062
152675020 12856097
152675020 55440062
152675020 121143539
179593414 424672472
179593414 55440062
57127761 424672472
57127761 152575729
57127761 55440062
57127761 55054230
424672472 57127761
424672472 55054230
57433717 65345951
57433717 12856097
57433717 55440062
49420459 55440062
49420459 65345951
49420459 55054230
152575729 57127761
225749034 55440062
55440062 12856097
55440062 65345951
55440062 225749034
55440062 57433717
55440062 424672472
55440062 152675020
55440062 179593414
55440062 57127761
55440062 55054230
55440062 49420459
121143539 12856097
12856097 57433717
12856097 121143539
12856097 55440062
