383398552 85641693
161647530 68070491
161647530 85641693
161647530 164396841
166575977 85641693
94901305 85641693
298806934 85641693
151642824 85641693
182159757 2890421
84163739 61065851
84163739 217184041
84163739 85641693
84163739 115936454
84163739 2890421
24486362 130988542
24486362 85641693
61065851 85641693
61065851 84163739
144540590 2890421
144540590 159897504
164396841 85641693
164396841 161647530
253450584 85641693
579047941 85641693
2890421 155566314
2890421 289186554
2890421 144540590
2890421 579208112
2890421 453149913
2890421 85641693
2890421 99915036
2890421 50587618
2890421 216071760
2890421 182159757
2890421 159902305
2890421 84163739
107299730 85641693
107299730 17344091
50587618 2890421
50587618 85641693
23412952 85641693
85641693 571783216
85641693 289186554
85641693 298806934
85641693 155700333
85641693 48446760
85641693 298810621
85641693 454681095
85641693 689360385
85641693 217184041
85641693 107299730
85641693 2890421
85641693 130988542
85641693 453149913
85641693 24486362
85641693 579047941
85641693 99915036
85641693 164396841
85641693 289191857
85641693 151642824
85641693 50587618
85641693 34953225
85641693 11181298
85641693 155718084
85641693 579131156
85641693 579037497
85641693 23412952
85641693 161647530
85641693 114396256
85641693 156210499
85641693 253450584
85641693 579233194
85641693 61065851
85641693 159897504
85641693 84163739
155700333 85641693
289186554 85641693
289186554 2890421
289186554 115936454
127448702 85641693
579037497 85641693
115936454 289186554
115936454 453149913
115936454 289191857
115936454 84163739
225407411 166575977
571783216 85641693
159897504 144540590
159897504 85641693
579233194 130988542
579233194 85641693
130988542 85641693
130988542 24486362
130988542 34953225
130988542 579233194
217184041 84163739
217184041 155719803
217184041 85641693
689360385 85641693
298810621 85641693
11181298 85641693
453149913 115936454
453149913 2890421
453149913 85641693
155566314 2890421
221241111 85641693
579062387 85641693
155718084 85641693
155718084 159902305
34953225 130988542
34953225 85641693
99915036 2890421
99915036 85641693
114396256 85641693
298807278 85641693
159902305 2890421
159902305 155718084
454681095 85641693
289191857 115936454
289191857 85641693
579131156 85641693
48446760 85641693
156210499 85641693
216071760 2890421
579208112 2890421
579208112 85641693
