642004095 54686850
54686850 642004095
54686850 114774066
61171607 54686850
836611391 54686850
119917660 114747253
220719697 54686850
533574355 54686850
37595684 54686850
496866011 68780654
61526188 54686850
61526188 114747253
57167229 54686850
565240869 54686850
114774066 54686850
68780654 723591407
68780654 263228605
68780654 496866011
67873437 54686850
723591407 68780654
723591407 54686850
49163796 54686850
36765213 54686850
114747253 119917660
114747253 61526188
114747253 54686850
689292493 82256993
