152899806 2146981
152899806 57613023
152899806 633993736
152899806 152729571
152899806 152595612
58105384 57613023
58105384 152595612
57648162 57644324
57648162 152934575
57648162 152595612
57648162 58150313
57648162 152815652
152927634 152940979
152927634 152934575
152927634 152595612
152927634 58143652
152927634 10889786
152934575 152940979
152934575 39476355
152934575 57613023
152934575 57648162
152934575 152729571
152934575 152927634
152934575 114746776
152934575 10889786
152934575 152930953
114746776 58350768
797986457 34328506
797986457 812506932
797986457 152595612
797986457 10889786
298830478 152595612
58350768 80497299
58350768 152729937
58350768 152595612
58350768 114746776
57613023 152725719
57613023 57644324
57613023 152729571
57613023 152934575
57613023 152595612
57613023 58105384
57613023 152899806
152904910 152595612
152591905 152595612
152596244 57644324
152596244 152595612
152729937 58350768
152729937 152914442
152727477 39476355
152727477 152934575
152727477 152595612
152727477 152899806
152929570 152595612
152929570 10889786
152815652 57647000
152815652 152595612
152815652 57648162
19951218 152595612
19951218 18953316
152930953 152934575
152930953 24178851
152930953 152595612
152729571 57613023
152729571 57644324
152729571 57647000
152729571 152934575
152729571 152595612
152729571 152899806
152729571 57649295
152811373 152595612
152905211 39476355
152905211 152595612
152905211 10889786
152940979 57644324
152940979 152955941
152940979 152934575
152940979 152927634
152940979 152595612
696443873 152595612
152678862 57644324
152678862 57647000
152678862 758007722
19382877 34328506
19382877 10889786
152914067 152595612
2146981 152595612
45810637 152595612
45810637 152678862
69103589 10889786
57644324 152940979
57644324 152596244
57644324 80497299
57644324 57613023
57644324 57647000
57644324 57648162
57644324 152729571
57644324 24178851
57644324 152595612
57644324 152914442
57644324 152678862
57644324 57649295
80497299 57644324
80497299 58350768
80497299 152595612
152578038 152595612
39476355 152672728
39476355 152595612
39476355 152905211
39476355 10889786
152576912 152595612
58150313 57648162
58150313 152595612
54286356 152595612
54286356 10889786
152734435 152595612
214531925 152595612
57652789 152595612
152595612 39476355
152595612 152725719
152595612 152672728
152595612 57613023
152595612 152578038
152595612 57644324
152595612 57648162
152595612 152927634
152595612 421480451
57647000 152725719
57647000 57644324
57647000 152729571
57647000 152914442
57647000 152678862
57647000 58143652
57647000 10889786
57647000 152733501
57647000 152815652
421480451 152595612
152914442 39476355
152914442 152729937
152914442 57644324
152914442 57647000
152914442 24178851
152914442 152924889
152914442 152595612
152914442 152856342
152914442 10889786
152914442 152733501
152673632 83972914
152673632 152595612
18953316 34328506
18953316 12922013
18953316 19951218
18953316 152595612
58143652 152927634
58143652 83972914
58143652 57647000
58143652 152595612
24178851 152672728
24178851 57644324
24178851 152914442
24178851 10889786
24178851 152930953
129735937 152595612
152937770 10889786
152937770 152595612
633993736 152595612
633993736 152899806
152678106 152595612
34328506 152725719
34328506 54286356
34328506 19382877
34328506 797986457
34328506 152595612
34328506 18953316
34328506 152905211
152955941 152940979
152955941 152595612
152955941 10889786
152733501 57647000
152733501 152595612
152733556 152595612
812506932 69103589
812506932 152595612
152546019 152595612
152502498 39476355
152502498 152595612
57995658 152595612
57995658 10889786
12922013 18953316
152450143 152595612
152938304 152595612
58379179 633993736
58379179 152595612
58379179 152934575
58379179 10889786
152672728 39476355
152672728 54286356
152672728 152595612
152924889 152725719
152924889 152595612
83972914 152725719
83972914 152673632
83972914 152595612
83972914 58143652
83972914 10889786
10889786 39476355
10889786 152905211
10889786 57649295
10889786 152927634
10889786 152914442
10889786 57995658
10889786 19382877
10889786 54286356
10889786 57647000
10889786 69103589
10889786 152955941
10889786 152595612
10889786 58379179
10889786 83972914
10889786 152929570
10889786 24178851
10889786 152937770
10889786 152893182
10889786 421480451
57649295 152595612
57649295 152729571
57649295 57644324
57649295 10889786
152927926 152595612
152725719 83972914
152725719 57613023
152725719 34328506
152725719 57647000
152725719 152924889
152725719 152595612
152725719 58143652
