558060296 6571657
267167949 36242770
267167949 6571657
267167949 13241009
13241009 155864898
13241009 30712503
13241009 57648564
13241009 152937416
13241009 152693094
13241009 75284313
13241009 57643746
13241009 152820614
13241009 6179233
13241009 85795133
13241009 210273624
13241009 7302987
13241009 130228845
13241009 83901647
13241009 152912985
13241009 138561037
13241009 121878482
13241009 130229494
13241009 298838997
13241009 130228391
13241009 152595825
13241009 582435267
13241009 581047076
13241009 152620936
13241009 12064647
13241009 152905903
13241009 12306271
13241009 6571657
13241009 152630961
13241009 36242770
13241009 128501391
13241009 152924218
13241009 128503721
128501391 7302987
128501391 6571657
128501391 13241009
128501391 30712503
128501391 12306271
128501391 36242770
128501391 80716158
128501391 57648564
679105897 30712503
679105897 57648564
679105897 80716158
679105897 152905903
82644076 52582940
82644076 61632009
22456803 58174894
11800507 30712503
11800507 581494496
11800507 6571657
42058875 58174894
42058875 121878482
42058875 82644076
42058875 80716158
42058875 61632009
42058875 6571657
130228391 30712503
47513321 121878482
47513321 581019074
47513321 12306271
47513321 6571657
57643746 30712503
57643746 57648564
57643746 152576285
57643746 152576054
57643746 13241009
57643746 121878482
57643746 97087430
57643746 152595825
57643746 85052781
57643746 80716158
57643746 152905903
57643746 61632009
57643746 6571657
57643746 36242770
138561037 30712503
138561037 152937416
138561037 13241009
138561037 121878482
138561037 80716158
138561037 6571657
138561037 36242770
152630961 30712503
152630961 6571657
58174894 30712503
58174894 57648564
58174894 22456803
58174894 121878482
58174894 61632009
58174894 12306271
58174894 6571657
57611446 130229494
30712503 144731411
30712503 48701323
30712503 47513321
30712503 57648564
30712503 267167949
30712503 152937416
30712503 18489078
30712503 152693094
30712503 75284313
30712503 152576285
30712503 106516584
30712503 65481452
30712503 152937231
30712503 57643746
30712503 6179233
30712503 129747601
30712503 85795133
30712503 210273624
30712503 7302987
30712503 152576054
30712503 130228845
30712503 580921411
30712503 13241009
30712503 152856718
30712503 83901647
30712503 138561037
30712503 121878482
30712503 581353278
30712503 130229494
30712503 58106165
30712503 97087430
30712503 298838997
30712503 152921315
30712503 581361079
30712503 130228391
30712503 11800507
30712503 152595825
30712503 679105897
30712503 85052781
30712503 57649676
30712503 581019074
30712503 210200217
30712503 582249164
30712503 582435267
30712503 80716158
30712503 152620936
30712503 12064647
30712503 152905903
30712503 45820576
30712503 60764261
30712503 61632009
30712503 107496214
30712503 12306271
30712503 6571657
30712503 44759999
30712503 152630961
30712503 36242770
30712503 128501391
30712503 152924218
30712503 128503721
7302987 30712503
7302987 57648564
7302987 152937416
7302987 13241009
7302987 121878482
7302987 80716158
7302987 152905903
7302987 85795133
7302987 12306271
7302987 6571657
7302987 36242770
7302987 128501391
65481452 30712503
65481452 13241009
65481452 121878482
65481452 6571657
65481452 36242770
144731411 30712503
144731411 57648564
144731411 13241009
144731411 121878482
144731411 80716158
144731411 12306271
144731411 6571657
144731411 36242770
152924218 12306271
152924218 36242770
152924218 80716158
152924218 30712503
80716158 30712503
80716158 45820576
80716158 49578242
80716158 57648564
80716158 152937416
80716158 152693094
80716158 152576285
80716158 106516584
80716158 152937231
80716158 57643746
80716158 152820614
80716158 6179233
80716158 129747601
80716158 7302987
80716158 152576054
80716158 57605688
80716158 580921411
80716158 152856718
80716158 83901647
80716158 152912985
80716158 138561037
80716158 121878482
80716158 52392308
80716158 130229494
80716158 298838997
80716158 152565961
80716158 152921315
80716158 152595825
80716158 679105897
80716158 85052781
80716158 210200217
80716158 60764261
80716158 581047076
80716158 42058875
80716158 12064647
80716158 152905903
80716158 61632009
80716158 107496214
80716158 12306271
80716158 6571657
80716158 44759999
80716158 152630961
80716158 36242770
80716158 128501391
80716158 152924218
80716158 128503721
152921315 30712503
152921315 57648564
152921315 152937416
152921315 85795133
152921315 13241009
152921315 121878482
152921315 80716158
152921315 12306271
152921315 6571657
152921315 36242770
57605688 57648564
57605688 152937416
57605688 85795133
57605688 13241009
57605688 121878482
57605688 85052781
57605688 80716158
57605688 6571657
57605688 36242770
97087430 30712503
97087430 57648564
97087430 57643746
97087430 121878482
97087430 152905903
97087430 12306271
97087430 6571657
12064647 30712503
12064647 106516584
12064647 13241009
12064647 80716158
12064647 6571657
12064647 36242770
155864898 57648564
155864898 152937416
155864898 85795133
155864898 13241009
155864898 152808050
155864898 12306271
155864898 6571657
155864898 36242770
57648564 155864898
57648564 30712503
57648564 49578242
57648564 152937416
57648564 152576285
57648564 57643746
57648564 6179233
57648564 129747601
57648564 7302987
57648564 152576054
57648564 57605688
57648564 580921411
57648564 13241009
57648564 83901647
57648564 58174894
57648564 121878482
57648564 130229494
57648564 58106165
57648564 97087430
57648564 152565961
57648564 152921315
57648564 152595825
57648564 679105897
57648564 210200217
57648564 582249164
57648564 581047076
57648564 80716158
57648564 152620936
57648564 152905903
57648564 107496214
57648564 12306271
57648564 6571657
57648564 44759999
57648564 36242770
57648564 128501391
57648564 128503721
45820576 13241009
45820576 121878482
45820576 80716158
45820576 30712503
45820576 6571657
581353278 30712503
581353278 581361079
152856718 30712503
152856718 80716158
152856718 36242770
152856718 12306271
52392308 121878482
52392308 80716158
52392308 6571657
52392308 36242770
128732530 18489078
57649676 30712503
57649676 13241009
57649676 121878482
57649676 12306271
57649676 6571657
57649676 36242770
129747601 30712503
129747601 57648564
129747601 6179233
129747601 85795133
129747601 13241009
129747601 121878482
129747601 80716158
129747601 12306271
129747601 6571657
129747601 36242770
298838997 80716158
298838997 13241009
106516584 30712503
106516584 152937416
106516584 152937231
106516584 13241009
106516584 121878482
106516584 80716158
106516584 12064647
106516584 6571657
3728867 13241009
3728867 12306271
3728867 36242770
6544291 13241009
6544291 121878482
6544291 12306271
6544291 6571657
6544291 36242770
6571657 85052781
6571657 80716158
6571657 85795133
6571657 7302987
6571657 12306271
6571657 13241009
6571657 75284313
6571657 6179233
6571657 121878482
6571657 152820614
6571657 97087430
6571657 152937416
6571657 155864898
6571657 57605688
6571657 47513321
6571657 57648564
6571657 152921315
6571657 582055853
6571657 210200217
6571657 52582940
6571657 152912985
6571657 152905903
6571657 83901647
6571657 65481452
6571657 581361079
6571657 138561037
6571657 152576285
6571657 30712503
6571657 57643746
6571657 61632009
6571657 60764261
6571657 210273624
6571657 152937231
6571657 3728867
6571657 582249164
6571657 267167949
6571657 152620936
6571657 130229494
6571657 347843762
6571657 6544291
6571657 45820576
6571657 541184207
6571657 52392308
6571657 581047076
6571657 152693094
6571657 129747601
6571657 11800507
6571657 580921411
6571657 44759999
6571657 152630961
6571657 36242770
6571657 128501391
6571657 128503721
60764261 85795133
60764261 13241009
60764261 121878482
60764261 80716158
60764261 30712503
60764261 12306271
60764261 6571657
60764261 36242770
12306271 13241009
12306271 6179233
12306271 121878482
12306271 152937416
12306271 3728867
12306271 30712503
12306271 152937231
12306271 57648564
12306271 47513321
12306271 152905903
12306271 80716158
12306271 97087430
12306271 60764261
12306271 57605688
12306271 210273624
12306271 130229494
12306271 152856718
12306271 49578242
12306271 52582940
12306271 581047076
12306271 7302987
12306271 152921315
12306271 580921411
12306271 75284313
12306271 6571657
12306271 44759999
12306271 152630961
12306271 36242770
12306271 128501391
12306271 152924218
12306271 128503721
210187671 13241009
210187671 121878482
210187671 6571657
48597852 121878482
48597852 6571657
48597852 12306271
580921411 30712503
580921411 57648564
580921411 152937416
580921411 121878482
580921411 581019074
580921411 80716158
580921411 12306271
580921411 6571657
581047076 57648564
581047076 121878482
581047076 80716158
581047076 12306271
581047076 6571657
581047076 128503721
85052781 30712503
85052781 152937416
85052781 152693094
85052781 57643746
85052781 57605688
85052781 13241009
85052781 152912985
85052781 121878482
85052781 80716158
85052781 12306271
85052781 6571657
85052781 36242770
130228845 30712503
152912985 152937416
152912985 13241009
152912985 152808050
152912985 121878482
152912985 85052781
152912985 152905903
152912985 12306271
152912985 6571657
152912985 36242770
58106165 30712503
58106165 57648564
58106165 12306271
58106165 6571657
48701323 210187671
48701323 30712503
48701323 57648564
48701323 13241009
48701323 121878482
48701323 581019074
48701323 80716158
48701323 12306271
48701323 6571657
48701323 36242770
582082151 6571657
582082151 12306271
582082151 121878482
582082151 13241009
152620936 30712503
152620936 57648564
152620936 152937416
152620936 13241009
152620936 121878482
152620936 6571657
152620936 36242770
152576285 30712503
152576285 57648564
152576285 152937416
152576285 57643746
152576285 80716158
152576285 6571657
152576285 36242770
85795133 30712503
85795133 6571657
152937416 155864898
152937416 30712503
152937416 582082151
152937416 47513321
152937416 57648564
152937416 267167949
152937416 18489078
152937416 152693094
152937416 75284313
152937416 152576285
152937416 106516584
152937416 152937231
152937416 152820614
152937416 6179233
152937416 210273624
152937416 152576054
152937416 57605688
152937416 580921411
152937416 13241009
152937416 152808050
152937416 83901647
152937416 152912985
152937416 138561037
152937416 121878482
152937416 130229494
152937416 152565961
152937416 152921315
152937416 581361079
152937416 58147353
152937416 85052781
152937416 210200217
152937416 582249164
152937416 581047076
152937416 52582940
152937416 80716158
152937416 12064647
152937416 152905903
152937416 61632009
152937416 128732530
152937416 107496214
152937416 12306271
152937416 6571657
152937416 44759999
152937416 152630961
152937416 36242770
152937416 152924218
152937416 128503721
581494496 11800507
152595825 30712503
152595825 57648564
152595825 57643746
152595825 13241009
152595825 80716158
36242770 12306271
36242770 152808050
36242770 155864898
36242770 107496214
36242770 61632009
36242770 152937416
36242770 121878482
36242770 6571657
36242770 65481452
36242770 130229494
36242770 12064647
36242770 6179233
36242770 52582940
36242770 152820614
36242770 57648564
36242770 47513321
36242770 129747601
36242770 80716158
36242770 582249164
36242770 44759999
36242770 130228845
36242770 210273624
36242770 13241009
36242770 57605688
36242770 138561037
36242770 30712503
36242770 210200217
36242770 83901647
36242770 152905903
36242770 57643746
36242770 18489078
36242770 152576285
36242770 267167949
36242770 152921315
36242770 57649676
36242770 152912985
36242770 106516584
36242770 75284313
36242770 49578242
36242770 7302987
36242770 581361079
36242770 82644076
36242770 60764261
36242770 97087430
36242770 210187671
36242770 3728867
36242770 85052781
36242770 582435267
36242770 152630961
36242770 152856718
36242770 48701323
36242770 541184207
36242770 581616626
36242770 152693094
36242770 128501391
36242770 152924218
36242770 128503721
83901647 30712503
83901647 57648564
83901647 152937416
83901647 13241009
83901647 121878482
83901647 80716158
83901647 12306271
83901647 6571657
83901647 36242770
541184207 121878482
541184207 36242770
541184207 6571657
58147353 152937416
58147353 6571657
58147353 12306271
581421344 152630961
166645006 13241009
581361079 30712503
581361079 57648564
581361079 152937416
581361079 13241009
581361079 581353278
581361079 12306271
581361079 6571657
581361079 36242770
130229494 30712503
130229494 57648564
130229494 13241009
130229494 121878482
130229494 80716158
130229494 152905903
130229494 12306271
130229494 6571657
130229494 152630961
130229494 36242770
130229494 128503721
6179233 30712503
6179233 57648564
6179233 152937416
6179233 129747601
6179233 7302987
6179233 13241009
6179233 121878482
6179233 80716158
6179233 152905903
6179233 12306271
6179233 6571657
6179233 36242770
582435267 13241009
210200217 30712503
210200217 57648564
210200217 152937416
210200217 121878482
210200217 80716158
210200217 6571657
210200217 36242770
152820614 13241009
152820614 121878482
152820614 12306271
152820614 6571657
152820614 36242770
152905903 30712503
152905903 57648564
152905903 57643746
152905903 6179233
152905903 13241009
152905903 121878482
152905903 130229494
152905903 97087430
152905903 679105897
152905903 80716158
152905903 61632009
152905903 12306271
152905903 6571657
152905903 36242770
18489078 30712503
18489078 152937416
18489078 13241009
18489078 128732530
18489078 12306271
18489078 6571657
18489078 36242770
44759999 152937416
44759999 121878482
44759999 6571657
44759999 30712503
44759999 57648564
44759999 80716158
44759999 12306271
44759999 36242770
121878482 144731411
121878482 30712503
121878482 47513321
121878482 57648564
121878482 152937416
121878482 57643746
121878482 152820614
121878482 6179233
121878482 152576054
121878482 57605688
121878482 580921411
121878482 13241009
121878482 83901647
121878482 152912985
121878482 52392308
121878482 130229494
121878482 97087430
121878482 85052781
121878482 210200217
121878482 60764261
121878482 582249164
121878482 80716158
121878482 152620936
121878482 152905903
121878482 107496214
121878482 12306271
121878482 6571657
121878482 44759999
121878482 36242770
121878482 128503721
61632009 82644076
61632009 49578242
61632009 30712503
61632009 152937416
61632009 152905903
61632009 57643746
61632009 80716158
61632009 42058875
61632009 58174894
61632009 6571657
61632009 36242770
582055853 12306271
582055853 13241009
152693094 30712503
152693094 13241009
152693094 121878482
152693094 85052781
152693094 80716158
152693094 6571657
152693094 36242770
152808050 36242770
128503721 13241009
128503721 57648564
128503721 6571657
128503721 12306271
128503721 36242770
128503721 152937416
128503721 30712503
52582940 152937416
52582940 13241009
52582940 152808050
52582940 121878482
52582940 82644076
52582940 12306271
52582940 6571657
52582940 152630961
52582940 36242770
152565961 57648564
152565961 80716158
75284313 30712503
75284313 12306271
75284313 6571657
75284313 36242770
107496214 152937416
107496214 121878482
107496214 80716158
107496214 30712503
107496214 57648564
107496214 36242770
49578242 57648564
49578242 152820614
49578242 121878482
49578242 97087430
49578242 80716158
49578242 61632009
49578242 12306271
49578242 36242770
152937231 30712503
152937231 80716158
152937231 12306271
152937231 6571657
152937231 36242770
581968246 121878482
152576054 30712503
152576054 57648564
152576054 152937416
152576054 121878482
152576054 80716158
152576054 6571657
152576054 128503721
581019074 30712503
581019074 47513321
581019074 57648564
581019074 580921411
581019074 13241009
581019074 121878482
581019074 6571657
581019074 36242770
210273624 30712503
210273624 152937416
210273624 13241009
210273624 121878482
210273624 12306271
210273624 6571657
210273624 36242770
582249164 30712503
582249164 57648564
582249164 152937416
582249164 13241009
582249164 121878482
582249164 6571657
347843762 6571657
347843762 121878482
