582876681 15643662
57069348 15643662
582393326 15643662
836611820 57070091
152595170 15643662
836196615 15643662
128732905 15643662
177257205 601615628
177257205 581714544
177257205 15643662
299756046 57070091
299756046 15643662
599313417 15643662
115627622 15643662
155820367 15643662
747234391 57070091
747234391 15643662
836196762 15643662
152929068 15643662
630305763 15643662
157165895 15643662
157165895 142730224
747083018 57070091
23305040 15643662
61488630 15643662
581714544 177257205
581714544 15643662
65258937 15643662
590936064 15643662
62348354 15643662
836199191 15643662
601615628 57641918
601615628 177257205
601615628 15643662
42231166 15643662
58036099 15643662
57068347 57070091
57068347 15643662
57070091 836611820
57070091 15643662
57641918 15643662
152674087 15643662
152919189 15643662
602542778 15643662
599720210 15643662
97271708 15643662
131848141 15643662
15643662 65258937
15643662 97271708
15643662 54406036
15643662 57069348
15643662 57068347
15643662 152919189
15643662 299756046
15643662 152595170
15643662 155820367
15643662 42231166
15643662 36955642
834649263 57070091
834649263 15643662
500945803 57070091
500945803 15643662
500945803 216087847
580916075 57070091
580916075 15643662
57640842 15643662
134459668 152595170
134459668 15643662
216087847 500945803
216087847 15643662
501670301 15643662
630202270 15643662
50874733 15643662
54406036 15643662
178824370 15643662
36955642 15643662
155837160 15643662
142730224 157165895
142730224 15643662
747116737 15643662
48606305 15643662
