152622270 93736621
152622270 581427698
152622270 152921353
152622270 129076616
152699999 152884302
152699999 98719921
152699999 152850155
152699999 152663236
152699999 129076616
30910281 13008573
30910281 129076616
32289461 13008573
32289461 152931709
57649926 57645530
57649926 581427698
58414250 152884302
58414250 57648028
58414250 13008573
152839813 25915567
152839813 13008573
152839813 129076616
152956087 13008573
163536831 152884302
163536831 93736621
163536831 124007328
152677328 98719921
152677328 13008573
152677328 128204179
214733683 25915567
214733683 13008573
152785290 128204179
152785290 25915567
152785290 13008573
152785290 152693003
152785290 152595856
152785290 177214774
152577705 13008573
152733097 13008573
58411853 210230961
58411853 152884302
58411853 16935891
58411853 152688067
58411853 58346925
24118536 93736621
24118536 8595348
111945353 13008573
111945353 152884302
152905359 13008573
129076616 13008573
129076616 58346925
129076616 152934781
129076616 152884302
15560449 59129077
15560449 8595348
58050603 25915567
812464890 152595856
812464890 25915567
152921353 13008573
152921353 152622270
152921353 129076616
8595348 24118536
8595348 93736621
8595348 12023848
8595348 31307978
8595348 15560449
8595348 30910281
8595348 152449876
8595348 152921353
8595348 57648028
8595348 155852614
8595348 57645530
8595348 152821165
24449824 12023848
210230961 152928063
210230961 152884302
210230961 93736621
210230961 98719921
210230961 13008573
210230961 58411853
210230961 152850155
210230961 8595348
210230961 42153787
210230961 129076616
102818509 25915567
102818509 13008573
102818509 129076616
57648028 93736621
57648028 35195099
57648028 25915567
57648028 8595348
57648028 42153787
57648028 121515053
152934781 152884302
152934781 93736621
152934781 13008573
152934781 12023848
152934781 129076616
152857013 12023848
152821165 8595348
177214774 13008573
177214774 42153787
152693003 152884302
152693003 152449876
152693003 13008573
152693003 8595348
152693003 152785290
42153787 13008573
42153787 129076616
42153787 152884302
42153787 25915567
124007328 152884302
124007328 163536831
124007328 13008573
92447164 152595856
92447164 25915567
92447164 35195099
92447164 152688067
92447164 58346925
26264918 12023848
152566799 13008573
152566799 12023848
58346925 13008573
58346925 58411853
58346925 92447164
58346925 581427698
58346925 129076616
58149678 98719921
58149678 42153787
152884302 210230961
152884302 57645530
152884302 152928063
152884302 152856733
152884302 16935891
152884302 152934781
152884302 152935029
152884302 58414250
152884302 758017462
152884302 152699999
152884302 163536831
152884302 152693003
152884302 111945353
152884302 42153787
152884302 129076616
152941166 42153787
152595856 812464890
152595856 92447164
152595856 25915567
25915567 13008573
25915567 57648028
25915567 128204179
581427698 35195099
581427698 57649926
581427698 152622270
581427698 58346925
152850155 13008573
152850155 210230961
152850155 152699999
152850155 98719921
16935891 152884302
16935891 13008573
16935891 58411853
16935891 25915567
16935891 129076616
152619690 129076616
35195099 93736621
35195099 57648028
35195099 92447164
35195099 581427698
35195099 13008573
35195099 12023848
93736621 102820218
93736621 152934781
93736621 57648028
93736621 581427698
93736621 163536831
93736621 98719921
93736621 13008573
93736621 35195099
93736621 152931709
93736621 152622270
93736621 12023848
93736621 8595348
93736621 129076616
152928063 152884302
152928063 152449876
152449876 152928063
152449876 152693003
152449876 25915567
152449876 8595348
128204179 13008573
128204179 25915567
128204179 152677328
152935029 152884302
152935029 93736621
152935029 13008573
152935029 42153787
152935029 129076616
13008573 210230961
13008573 152566799
13008573 93736621
13008573 31307978
13008573 32289461
13008573 25915567
13008573 98719921
13008573 152921353
13008573 152956087
13008573 129076616
152688067 102820218
152688067 93736621
152688067 92447164
152688067 58411853
155852614 8595348
98719921 152677328
98719921 152699999
98719921 13008573
98719921 152850155
98719921 12023848
98719921 42153787
98719921 129076616
758017462 152884302
57645530 210230961
57645530 152884302
57645530 93736621
57645530 57649926
57645530 8595348
12023848 152934781
12023848 31307978
12023848 57645530
12023848 152857013
12023848 155852614
12023848 129009387
12023848 58346925
152856733 152884302
152856733 129076616
152856733 42153787
59129077 15560449
31307978 13008573
31307978 12023848
31307978 8595348
110769751 13008573
129009387 12023848
152595051 13008573
152595051 42153787
152931709 93736621
152931709 32289461
35430918 25915567
35430918 42153787
