352326915 160328909
352326915 73895297
820171652 73895297
448922231 73895297
217133825 73895297
131366226 73895297
168239545 160328909
168239545 526837042
168239545 73895297
211003066 154916323
211003066 160328909
211003066 73895297
73895297 29551512
73895297 160328909
73895297 168239545
73895297 352326915
73895297 480110627
73895297 187149984
73895297 220528217
217138994 73895297
526837042 168239545
526837042 73895297
130303883 168239545
130303883 73895297
154916323 480110627
154916323 131366226
154916323 211003066
154916323 73895297
187149984 73895297
300523962 73895297
160328909 211003066
160328909 168239545
160328909 352326915
160328909 73895297
29286287 73895297
645700004 73895297
220528217 73895297
528563626 148976776
528563626 73895297
480110627 73895297
480110627 154916323
528399162 73895297
29551512 73895297
54200767 73895297
210999614 73895297
148976776 528563626
148976776 73895297
