39237983 4204100
39237983 3361168
39237983 47984033
39237983 127637162
39237983 4091750
39237983 83917997
39237983 10955645
10955645 127262010
10955645 13936242
10955645 4091750
10955645 39237983
127262010 127189317
127262010 4091750
127262010 13936242
127262010 10955645
13184497 4091750
13184497 13936242
3361168 39237983
3361168 13936242
147872507 127637162
147872507 13936242
47984033 39237983
22194742 35049488
199864827 10955645
34472707 127189317
34472707 13936242
62046359 4204100
62046359 4091750
62046359 13936242
62046359 83917997
26174264 5002000
26174264 128176133
26174264 4204100
26174264 99660091
26174264 6377661
26174264 4091750
26174264 13936242
26174264 10955645
37643382 10955645
61755923 10955645
55246100 127262010
55246100 3361168
55246100 13936242
55246100 10955645
24693376 127189317
24693376 13936242
24693376 10955645
24693376 4091750
195390528 4091750
5002000 127262010
5002000 13936242
5002000 83917997
4204100 62046359
4204100 128176133
4204100 26174264
4204100 4091750
4204100 13936242
4204100 83917997
4204100 10955645
60938772 10955645
145156696 6377661
6377661 127189317
6377661 26174264
6377661 13936242
6377661 10955645
99660091 33753458
99660091 26174264
99660091 13936242
99660091 10955645
13936242 62046359
13936242 5002000
13936242 128176133
13936242 8304825
13936242 127262010
13936242 3361168
13936242 4091750
13936242 83917997
13936242 10955645
10962136 4091750
35049488 22194742
127189317 33753458
127189317 6377661
127189317 4091750
94662812 10955645
30429865 127189317
128176133 13936242
33753458 99660091
33753458 127262010
33753458 127189317
33753458 127637162
33753458 13936242
33753458 10955645
83917997 62046359
83917997 4204100
83917997 13936242
83917997 4091750
302761009 147872507
127889979 10955645
24386815 128176133
8304825 13936242
4091750 10962136
4091750 127262010
4091750 39237983
4091750 127189317
4091750 13936242
4091750 10955645
