582378605 36795779
582378605 152601658
582378605 52209586
582378605 152919415
152921268 52209586
135200761 152623112
135200761 152855115
135200761 152933687
135200761 113445298
135200761 152622195
135200761 152713999
135200761 58387337
152796480 152679317
152796480 52209586
152796480 152602339
152796480 152921984
152796480 152934052
152796480 57590819
152796480 75359772
152796480 84345122
152796480 36795779
152796480 152912928
152796480 152603675
152796480 152662714
152796480 152679366
152796480 152921577
152796480 152694280
36018550 152930341
36018550 36795779
36018550 152787993
29285703 52209586
29285703 27554757
29285703 75359772
29285703 45544578
29285703 120291138
29285703 152603675
29285703 101697475
29285703 152662714
29285703 152919415
29285703 152602140
29285703 57649498
29285703 58387337
140240290 116339408
75359772 52209586
75359772 36795779
75359772 29285703
75359772 152893066
152921984 52209586
152921984 27554757
152921984 152796480
152921984 57590819
152921984 36795779
152921984 152603675
152679366 52209586
152679366 152898817
152679366 152796480
152679366 65268986
152679366 152885177
152679366 152893066
25592731 152679317
25592731 52209586
25592731 152601658
25592731 36795779
25592731 128503722
25592731 152912928
25592731 152796482
85052936 52209586
85052936 152933687
128503722 27554757
128503722 152619124
128503722 152855115
128503722 25592731
120291138 29285703
120291138 25592731
152682121 52209586
152601658 152670798
152601658 152937316
152601658 52209586
152601658 116339408
152601658 27554757
152601658 152796480
152601658 57590819
152601658 152619124
152601658 152941918
152601658 84345122
152601658 36795779
152601658 152855115
152601658 152912928
152601658 152603675
152601658 152662714
152601658 152630303
152601658 152919415
152601658 152787993
152601658 152885177
152601658 152921577
152601658 25592731
152601658 152914331
152601658 152694280
152601658 582378605
152601658 152796482
152601658 152893066
152601658 152713999
58303829 152930341
58303829 52209586
58303829 36795779
58303829 152855115
58303829 113445298
58303829 152896722
58303829 58387337
152798220 36795779
152798220 52209586
152620994 52209586
152620994 152724799
152620994 58387337
152941918 52209586
152941918 27554757
152941918 152601658
152941918 152928846
152941918 152921577
152941918 152796482
152941918 152628164
152602140 52209586
152602140 57590819
152602140 36795779
152602140 29285703
152602140 152912928
152602140 113445298
152602140 152713999
58387337 113445298
58387337 135200761
58387337 152623112
58387337 152630303
58387337 152937214
58387337 152622195
58387337 58303829
58387337 52209586
58387337 45544578
58387337 152620994
58387337 29285703
58387337 152855115
152914331 152937316
152914331 52209586
152914331 152623112
152914331 152937214
152914331 152601658
152914331 36795779
152914331 152603675
152914331 57649498
32766526 52209586
32766526 36795779
152893066 27554757
152893066 75359772
152893066 57590819
152893066 152679366
27554757 152937316
27554757 52209586
27554757 152623112
27554757 152921984
27554757 57590819
27554757 152619124
27554757 152941918
27554757 152601658
27554757 84345122
27554757 29285703
27554757 128503722
27554757 152912928
27554757 152603675
27554757 152630303
27554757 152919415
27554757 152934631
27554757 152921577
27554757 152694280
27554757 582378605
27554757 152893066
27554757 113445298
152619415 52209586
152619415 57590819
152619415 152921577
152855115 152937316
152855115 52209586
152855115 152931553
152855115 152601658
152855115 84345122
152855115 128503722
152855115 152912928
152855115 152662714
152855115 58303829
152855115 135200761
152855115 152796482
152855115 113445298
152855115 152622195
152855115 152713999
152855115 58387337
86582627 52209586
86582627 57590819
86582627 152882652
86582627 152713999
54315298 52209586
54315298 116339408
54315298 152898817
54315298 152623507
54315298 113445298
152564652 52209586
152905201 52209586
152905201 36795779
152905201 152912928
152905201 152921577
152941712 113445298
152931553 152855115
152934631 152930341
152934631 27554757
152934631 84345122
152933687 152679317
152933687 85052936
152933687 152619124
152933687 36795779
152933687 135200761
152619124 52209586
152619124 152623112
152619124 27554757
152619124 36795779
152619124 128503722
152619124 152933687
152937316 52209586
152937316 27554757
152937316 57590819
152937316 152601658
152937316 36795779
152937316 152855115
152937316 152912928
152937316 152662714
152937316 152921577
152937316 152914331
152937316 152694280
152934052 52209586
152934052 152796480
152934052 36795779
152934052 152919415
152724799 52209586
152694280 152937316
152694280 116339408
152694280 27554757
152694280 57590819
152694280 152882652
152694280 152727117
152694280 45544578
152694280 152601658
152694280 36795779
152694280 152630303
152694280 152796480
152694280 152921577
152694280 152622195
152694280 152628164
50634709 52209586
50634709 57590819
36795779 152937316
36795779 52209586
36795779 152602339
36795779 116339408
36795779 152623112
36795779 152921984
36795779 152724799
36795779 152796480
36795779 152934052
36795779 57590819
36795779 36018550
36795779 152727117
36795779 75359772
36795779 152601658
36795779 84345122
36795779 152912928
36795779 152603675
36795779 101697475
36795779 152662714
36795779 152933687
36795779 152630303
36795779 152787993
36795779 152905201
36795779 152602140
36795779 152921577
36795779 25592731
36795779 152914331
36795779 57649498
36795779 152694280
36795779 152798220
36795779 582378605
36795779 152660877
113445298 152855115
113445298 135200761
113445298 152662714
113445298 152602140
113445298 65268986
113445298 152623112
113445298 27554757
113445298 57590819
113445298 152919415
113445298 57650857
113445298 58303829
113445298 152727117
113445298 54315298
113445298 152941712
113445298 152622195
113445298 58387337
152670798 52209586
152670798 57590819
152670798 152601658
152670798 152912928
152602339 152930341
152602339 52209586
152602339 116339408
152602339 152623112
152602339 152796480
152602339 152785435
152602339 36795779
152602339 152912928
152602339 152603675
152885177 52209586
152885177 152601658
152885177 84345122
152885177 36795779
152885177 152679366
152630303 52209586
152630303 27554757
152630303 57590819
152630303 152601658
152630303 36795779
152630303 152912928
152630303 152694280
152630303 140240290
152630303 58387337
152662714 152679317
152662714 152937316
152662714 52209586
152662714 152623112
152662714 152796480
152662714 57590819
152662714 29285703
152662714 152855115
152662714 152603675
152662714 152919415
152662714 152921577
152662714 25592731
152662714 113445298
152662714 152713999
152921577 152937316
152921577 52209586
152921577 116339408
152921577 152891872
152921577 152623112
152921577 27554757
152921577 57590819
152921577 152941918
152921577 152601658
152921577 84345122
152921577 36795779
152921577 152912928
152921577 152603675
152921577 152662714
152921577 152919415
152921577 152796480
152921577 152694280
152921577 582378605
152921577 152622195
152787344 152679317
152787344 152885177
152787344 152893066
84345122 52209586
84345122 116339408
84345122 27554757
84345122 36795779
84345122 152787344
84345122 152855115
84345122 152912928
84345122 152885177
84345122 152934631
84345122 152921577
84345122 25592731
45544578 52209586
45544578 57590819
45544578 29285703
45544578 101697475
45544578 152694280
45544578 58387337
57649498 52209586
57649498 36795779
57649498 29285703
57649498 152914331
634078906 52209586
152937214 152930341
152937214 52209586
152937214 36795779
152937214 65268986
152937214 152919415
152937214 152914331
152937214 58387337
152896722 57649498
152896722 152912928
152896722 52209586
152912928 152937316
152912928 52209586
152912928 27554757
152912928 152724799
152912928 152796480
152912928 57590819
152912928 152619124
152912928 84345122
152912928 36795779
152912928 152855115
152912928 152630303
152912928 152602140
152912928 152921577
152912928 25592731
152912928 582378605
152912928 152796482
152713999 135200761
152713999 152855115
152713999 57590819
152713999 152724799
152713999 52209586
152713999 75359772
152713999 152662714
152713999 84345122
152713999 152796480
152713999 86582627
152713999 152601658
152713999 152796482
152713999 152602140
152713999 152941918
152713999 152912928
152713999 140240290
152628164 152941918
152628164 152694280
152628164 52209586
57650857 52209586
57650857 113445298
152928846 52209586
152928846 152941918
152928846 36795779
152928846 152796480
152919415 52209586
152919415 27554757
152919415 152796480
152919415 152934052
152919415 152937214
152919415 57590819
152919415 152601658
152919415 36795779
152919415 29285703
152919415 65268986
152919415 152912928
152919415 152603675
152919415 152679366
152919415 152921577
152919415 582378605
152919415 113445298
152622195 135200761
152622195 113445298
152622195 152912928
152622195 65268986
152622195 152855115
152622195 152694280
152622195 152921577
152622195 58387337
477846837 152623507
152623112 52209586
152623112 152602339
152623112 27554757
152623112 57590819
152623112 152619124
152623112 36795779
152623112 65268986
152623112 152603675
152623112 152662714
152623112 135200761
152623112 152921577
152623112 152914331
152623112 113445298
152623112 58387337
116339408 152930341
116339408 52209586
116339408 152602339
116339408 57590819
116339408 54315298
116339408 152941918
116339408 152601658
116339408 84345122
116339408 36795779
116339408 128503722
116339408 152912928
116339408 152603675
116339408 152921577
116339408 152694280
116339408 140240290
101697475 45544578
101697475 36795779
101697475 29285703
101697475 152787993
152882652 52209586
152882652 86582627
152882652 152694280
152603675 152679317
152603675 52209586
152603675 152602339
152603675 116339408
152603675 152623112
152603675 27554757
152603675 152921984
152603675 152796480
152603675 57590819
152603675 75359772
152603675 152601658
152603675 36795779
152603675 29285703
152603675 152662714
152603675 152919415
152603675 152921577
152603675 113445298
152787993 52209586
152787993 36018550
152787993 152601658
152787993 84345122
152787993 36795779
152787993 152912928
152787993 101697475
152787993 152662714
152787993 152921577
152787993 152660877
152796482 57590819
152796482 152855115
152796482 152912928
152796482 52209586
152796482 152941918
152796482 152713999
152679317 52209586
152679317 152796480
152679317 36795779
152679317 152787344
152679317 152933687
152726058 52209586
152785435 152912928
152785435 152921577
57590819 152670798
57590819 152937316
57590819 52209586
57590819 116339408
57590819 152623112
57590819 27554757
57590819 152921984
57590819 97409748
57590819 152796480
57590819 45544578
57590819 152601658
57590819 84345122
57590819 36795779
57590819 152619415
57590819 152912928
57590819 152603675
57590819 152662714
57590819 152630303
57590819 152919415
57590819 152602140
57590819 152921577
57590819 25592731
57590819 50634709
57590819 57649498
57590819 152694280
57590819 152796482
57590819 152660877
57590819 152893066
57590819 113445298
152660877 36795779
152891835 36795779
152817535 52209586
52209586 152937316
52209586 152623112
52209586 27554757
52209586 152724799
52209586 152796480
52209586 152727117
52209586 152941918
52209586 75359772
52209586 152601658
52209586 84345122
52209586 36795779
52209586 29285703
52209586 152787344
52209586 152855115
52209586 152912928
52209586 152603675
52209586 152630303
52209586 152905201
52209586 152885177
52209586 152921577
52209586 25592731
52209586 582378605
52209586 152796482
97409748 52209586
97409748 152921268
152727117 52209586
152727117 36795779
152727117 65268986
152727117 152694280
152727117 113445298
148417849 52209586
152898817 52209586
152898817 54315298
65268986 152602339
65268986 152623112
65268986 152921984
65268986 152937214
65268986 152727117
65268986 806174286
65268986 152919415
65268986 152679366
65268986 113445298
65268986 152622195
152891872 52209586
152891872 152921577
806174286 65268986
