58120551 128104672
192317641 2264404
152730505 695140175
152730505 61161450
152730505 152956808
152730505 152932930
152730505 10889786
80878178 128104672
833333924 128104672
152934668 152932930
152934668 10889786
167227073 128104672
152722949 128104672
212382308 3732621
212382308 128104672
559382205 128104672
1755686 128104672
298831836 128104672
45542740 128104672
152725195 57771019
152725195 10889786
409671850 128104672
58390024 128104672
57479131 128104672
58491761 128104672
421542580 128104672
584593 128104672
152956808 152730505
152956808 128104672
152956808 152932930
152956808 10889786
833955797 128104672
58419646 10889786
58419646 152932930
152485607 128104672
58324364 128104672
437732864 128104672
152932930 128104672
97136709 128104672
152927073 57771019
695140175 152730505
15345160 2264404
58376202 128104672
152578707 128104672
128646035 10889786
188050659 128104672
128104672 32939588
128104672 81322966
128104672 152603864
152687558 128104672
61255955 152934668
61255955 10889786
97087872 57771019
67734393 128104672
72814497 128104672
421490365 212382308
350016447 128104672
57650096 54506585
779626913 128104672
36052587 97087872
36052587 152892006
152815768 152932930
2264404 192317641
2264404 15345160
365711782 128104672
49841591 128104672
152533879 128104672
604381737 128104672
110979896 128104672
210195738 57771019
210195738 10889786
133788834 128104672
692434296 128104672
152890872 10889786
57771019 58096489
57771019 152725195
57771019 210195738
57771019 97087872
57771019 152933044
57771019 152927073
57771019 128104672
152723918 128104672
81322966 128104672
152533798 128104672
10889786 128646035
10889786 152956808
10889786 152725195
10889786 128104672
10889786 152934668
10889786 210195738
10889786 58419646
32939588 128104672
152892006 36052587
152892006 128104672
89823539 128104672
58096489 57771019
152734300 128104672
371453452 128104672
