131477604 163799869
131477604 163799506
131477604 151069737
181935812 163799506
201368698 163799869
201368698 163799506
201368698 151069737
99916775 30877049
99916775 151069737
99916775 528452381
99916775 421515190
99916775 163799506
99916775 163799869
99916775 201368698
815067055 163799506
457826036 36850725
109596674 151069737
109596674 163799506
163799506 151069737
163799506 30877049
163799506 661088011
163799506 84861760
163799506 49273923
163799506 154977574
163799506 99916775
163799506 421515190
163799506 34490455
163799506 497755230
163799506 284565446
163799506 459740836
163799506 210979854
163799506 207651140
163799506 201311018
163799506 181935812
163799506 148316809
163799506 154991163
163799506 163799869
163799506 201368698
163799506 37974759
284565446 151069737
284565446 163799506
45278384 151069737
45278384 163799869
514013945 154977574
514013945 49273923
514013945 207666860
514013945 34490455
514013945 151069737
36850725 151069737
36850725 163799506
36850725 163799869
459740836 528819451
459740836 151069737
459740836 163799506
154977574 514013945
154977574 49273923
154977574 528819451
154977574 636315568
154977574 151069737
154977574 210979854
154977574 421515190
154977574 163799506
154977574 163799869
163799869 151069737
163799869 421515190
163799869 154977574
163799869 99916775
163799869 163799506
163799869 528452381
163799869 636315568
163799869 45278384
163799869 154991163
163799869 201368698
163799869 207666860
210979854 49273923
210979854 636315568
210979854 151069737
210979854 154977574
210979854 421515190
210979854 163799506
210979854 163799869
661088011 151069737
661088011 163799506
497755230 151069737
497755230 163799506
207666860 514013945
207666860 151069737
207666860 163799869
207666860 30877049
207666860 421515190
207666860 163799506
421515190 151069737
421515190 210979854
421515190 163799869
151069737 514013945
151069737 528819451
151069737 636315568
151069737 163799506
151069737 163799869
151069737 201368698
154991163 151069737
154991163 163799506
154991163 163799869
636315568 154977574
636315568 49273923
636315568 30877049
636315568 210979854
636315568 163799869
636315568 163799506
636315568 151069737
49273923 154977574
49273923 514013945
49273923 210979854
49273923 163799869
49273923 163799506
49273923 151069737
49273923 636315568
528819451 154977574
528819451 30877049
528819451 459740836
528819451 201311018
528819451 636315568
528819451 207666860
528819451 163799869
528819451 151069737
528452381 151069737
528452381 99916775
528452381 163799869
528452381 163799506
240138548 163799506
34490455 514013945
34490455 84861760
34490455 151069737
34490455 163799506
34490455 163799869
37974759 163799506
37974759 163799869
37974759 151069737
7749289 163799506
30877049 99916775
30877049 528819451
30877049 421515190
30877049 636315568
30877049 151069737
30877049 163799506
30877049 201368698
30877049 207666860
84861760 34490455
84861760 163799506
201311018 528819451
201311018 163799506
201311018 151069737
207651140 151069737
207651140 163799869
