152918828 60083201
152918828 4673854
152918828 17850416
812475977 60083201
58410974 60083201
271943235 60083201
152579746 4673854
69012963 60083201
449097922 57069330
449097922 15412776
20846694 60083201
40475217 44758807
40475217 206719577
40475217 82640706
152930330 4673854
152930330 57647998
15412776 602577026
15412776 57069330
15412776 82121115
15412776 206719577
15412776 57070216
15412776 449097922
15583019 60083201
15583019 4673854
152693521 4673854
152693521 57652834
152693521 57647998
206719577 60083201
206719577 747277207
206719577 40475217
206719577 71334660
65336721 60083201
128858108 60083201
58157115 60083201
836611754 60083201
732252623 4673854
200305292 60083201
4673854 131524714
4673854 152579746
4673854 732252623
4673854 152918828
4673854 57652390
4673854 44758807
4673854 15583019
4673854 152693521
4673854 82640706
4673854 152662180
4673854 128452962
4673854 48168948
4673854 152930330
4673854 65280756
4673854 57647998
4673854 221419658
4673854 152926256
601673277 60083201
55577270 4673854
57326666 60083201
57079478 60083201
146169062 60083201
152662180 128452962
152662180 152566937
152662180 57647998
152849415 4673854
71334660 60083201
71334660 206719577
71334660 500976812
71334660 71335889
643011791 60083201
57993928 221419658
58310185 60083201
58010365 128452962
58010365 221419658
48168948 4673854
57070216 60083201
57070216 57069330
57070216 15412776
65239191 60083201
71335889 60083201
71335889 71334660
631700196 60083201
57652834 152693521
57652834 82640706
57652834 57647998
65280756 4673854
810743 60083201
541459947 60083201
152729890 4673854
82640706 40475217
82640706 4673854
82640706 57652834
82640706 128452962
82640706 57647998
82640706 152926256
833347057 60083201
833347057 4673854
144872847 60083201
57068132 60083201
307604454 60083201
645202438 60083201
128452962 4673854
128452962 58010365
128452962 82640706
128452962 152662180
128452962 57647998
747195753 60083201
401648563 60083201
401648563 57069330
57652390 4673854
57652390 18917009
57652390 57647998
683186662 60083201
57069330 60083201
57069330 57069400
57069330 449097922
57069330 401648563
57069330 747195753
57069330 57070216
57069330 15412776
152926256 82640706
152926256 4673854
500976812 71334660
22097120 60083201
131524714 4673854
582623024 60083201
48980241 60083201
95974658 60083201
602569703 60083201
17850416 60083201
18917009 57652390
403724401 60083201
44758807 40475217
44758807 4673854
44758807 152566937
44758807 57647998
836611461 60083201
60083201 15583019
449325657 57069330
82121115 60083201
221419658 58010365
221419658 4673854
221419658 61319859
221419658 60083201
221419658 57993928
152566937 44758807
152566937 152662180
152566937 57647998
279604458 60083201
166885369 60083201
55109986 60083201
57647998 82640706
57647998 57652390
57647998 128452962
57647998 44758807
57647998 152930330
57647998 4673854
57647998 152693521
57647998 152662180
57647998 57652834
57647998 152566937
57070430 60083201
540933561 60083201
386745831 60083201
61319859 810743
61319859 221419658
