152436181 4548627
58347556 4548627
578777768 4548627
152884030 152937597
152884030 4548627
210191428 4548627
228993492 4548627
359366910 4548627
26997993 57648048
26997993 31415083
26997993 65263099
26997993 50869481
26997993 57167673
26997993 4548627
26997993 28431976
26997993 57649742
26997993 85837721
298830478 4548627
57648401 57648048
57648401 299162282
57648401 65292021
57648401 152937597
57648401 4548627
57648401 28431976
57648401 57649742
57167673 26997993
57167673 49073097
57167673 4548627
474944029 4548627
152808062 4548627
147941162 4548627
152532809 4548627
200005014 4548627
381127933 4548627
806282967 4548627
90955191 4548627
90955191 44588191
582398984 85837721
756598052 4548627
756598052 85837721
756598052 57649742
152922006 7952786
152922006 4548627
152594060 4548627
155814260 4548627
57649742 756598052
57649742 57648048
57649742 57648401
57649742 50869481
57649742 26997993
57649742 4548627
132722484 4548627
581924925 4548627
65292021 57648048
65292021 4548627
85837721 28431976
85837721 50869481
85837721 210236899
85837721 57648048
85837721 4548627
85837721 756598052
85837721 210196541
85837721 582398984
85837721 50613671
85837721 26997993
85837721 31415083
833363157 4548627
44588191 90955191
44588191 6852339
98455662 4548627
152601619 4548627
152601619 28431976
728682767 4548627
151917488 4548627
152920579 4548627
225782695 4548627
421474809 4548627
6852339 4548627
6852339 44588191
54054274 4548627
832673745 4548627
149770868 57648048
149770868 4548627
833365385 4548627
152727303 4548627
581098009 4548627
328303563 4548627
328303563 299162282
148054485 4548627
49073097 223864393
49073097 31415083
49073097 4548627
49073097 28431976
44996681 31415083
44996681 4548627
50869481 26997993
50869481 31415083
50869481 4548627
50869481 28431976
50869481 210236899
50869481 57649742
50869481 85837721
298829944 4548627
152448488 4548627
28431976 57648161
28431976 581545556
28431976 26997993
28431976 49073097
28431976 57648401
28431976 298838363
28431976 31415083
28431976 50869481
28431976 210196541
28431976 4548627
28431976 152601619
28431976 57648048
28431976 50613671
28431976 85837721
28431976 6852339
152891130 4548627
833658470 31415083
210196541 57648161
210196541 57648048
210196541 4548627
210196541 28431976
210196541 85837721
57648048 57648161
57648048 26997993
57648048 210266690
57648048 57648401
57648048 31415083
57648048 65292021
57648048 210196541
57648048 4548627
57648048 149770868
57648048 28431976
57648048 50613671
57648048 57649742
57648048 85837721
152687139 4548627
31415083 26997993
31415083 57648048
31415083 49073097
31415083 152808062
31415083 299162282
31415083 200005014
31415083 833658470
31415083 50869481
31415083 44996681
31415083 4548627
31415083 28431976
31415083 85837721
581545556 4548627
581545556 28431976
152937597 4548627
27213495 4548627
27213495 210236899
174583482 4548627
152574090 4548627
58394024 4548627
7952786 4548627
7952786 152922006
140975399 4548627
152662285 4548627
131196477 4548627
169255530 4548627
223864393 49073097
223864393 4548627
45161072 4548627
152676835 4548627
298838363 4548627
298838363 28431976
581110019 4548627
50613671 57648048
50613671 85837721
210236899 27213495
210236899 50869481
210236899 4548627
210236899 85837721
215737071 4548627
74104325 4548627
210266690 57648048
210266690 4548627
581367656 4548627
298839718 4548627
4548627 57648161
4548627 152676835
4548627 74104325
4548627 581545556
4548627 806282967
4548627 90955191
4548627 581110019
4548627 26997993
4548627 581098009
4548627 474944029
4548627 98455662
4548627 210266690
4548627 832673745
4548627 225782695
4548627 57648048
4548627 169255530
4548627 148054485
4548627 58347556
4548627 49073097
4548627 578777768
4548627 152808062
4548627 57648401
4548627 7952786
4548627 152884030
4548627 298838363
4548627 756598052
4548627 31415083
4548627 65292021
4548627 155814260
4548627 50869481
4548627 210196541
4548627 132722484
4548627 131196477
4548627 152937597
4548627 728682767
4548627 152436181
4548627 57167673
4548627 152574090
4548627 152601619
4548627 28431976
4548627 210236899
4548627 298839718
4548627 149770868
4548627 140975399
4548627 152922006
4548627 152920579
4548627 328303563
4548627 833363157
4548627 152687139
4548627 85837721
4548627 6852339
82645937 4548627
57648161 57648048
57648161 210196541
57648161 4548627
57648161 28431976
65263099 26997993
152726379 4548627
299162282 57648401
299162282 31415083
299162282 328303563
