104139852 2174369
138243914 2174369
48547878 2174369
78515454 2174369
80038048 2174369
543054187 2174369
2174369 300722309
195853082 2174369
113016106 2174369
57473027 300722309
57473027 2174369
89468785 2174369
187141429 2174369
205071678 2174369
21916949 2174369
836611510 2174369
183213435 2174369
91086778 2174369
132179465 2174369
317550046 2174369
5657046 2174369
19848351 2174369
277133480 2174369
306921065 2174369
305013051 2174369
237005751 2174369
112938783 300722309
112938783 2174369
150561758 2174369
259696123 2174369
130025305 2174369
134061283 2174369
58801436 2174369
51134823 2174369
78743713 2174369
302970983 2174369
67875836 2174369
184425477 2174369
179677028 2174369
84879972 2174369
97606778 300722309
97606778 2174369
103484270 2174369
253900155 2174369
253900155 568270433
100954624 2174369
36748522 2174369
300722309 2174369
67549679 2174369
217715561 2174369
101188630 2174369
41152398 2174369
321108241 2174369
75657041 300722309
75657041 2174369
77315484 2174369
91208452 2174369
582239388 2174369
518310995 2174369
48367738 2174369
204327790 2174369
132469838 2174369
14974683 2174369
102196316 2174369
58317043 2174369
685173508 2174369
184569182 2174369
49267991 2174369
84114508 300722309
84114508 2174369
524641151 2174369
122091505 2174369
30521998 2174369
95209244 2174369
2242564 2174369
47579223 2174369
568270433 2174369
568270433 253900155
73172486 2174369
36319356 2174369
642337749 2174369
43669863 2174369
219129204 2174369
138744138 2174369
263405699 2174369
144728177 2174369
76906735 2174369
58344499 300722309
58344499 2174369
501313704 2174369
134103889 2174369
83700262 2174369
692048175 2174369
61818898 2174369
693678757 2174369
