58113475 73103023
58113475 59715601
58329903 58020119
58329903 73103023
58329903 59715601
677130039 73103023
833579389 59715601
45300264 82127255
45300264 81379009
37583213 73103023
37583213 59715601
79697727 73103023
79697727 59715601
79697727 37583213
81379139 59715601
81379139 81379009
58020119 73103023
58020119 58329903
58020119 58177853
58020119 32109397
29252993 59715601
8331811 59715601
298846298 7933426
298846298 59715601
298846298 58246036
298846298 81379009
58007450 73103023
58007450 58177853
58007450 59715601
58007450 37583213
152511838 82127255
152511838 69864647
152511838 59715601
152511838 73103023
152511838 81379009
72523127 58177853
72523127 73103023
72523127 59715601
642499853 73103023
642499853 32109397
58177853 73103023
58177853 58007450
58177853 72523127
58177853 59715601
58177853 32109397
82127255 81379009
82127255 206566137
7933426 73103023
7933426 298846298
668728652 81379009
32109397 73103023
32109397 57583599
32109397 82127255
32109397 58329903
32109397 17048800
32109397 152685304
32109397 69864647
32109397 58020119
32109397 58177853
32109397 298846298
32109397 152511838
32109397 81379009
32109397 37583213
20864873 73103023
20864873 59715601
20864873 37583213
72352793 59715601
73103023 59715601
73103023 37583213
59715601 8331811
59715601 72523127
59715601 29252993
59715601 73103023
59715601 58113475
59715601 17048800
59715601 57583599
59715601 58007450
59715601 58329903
59715601 20864873
59715601 152511838
59715601 37583213
69864647 59715601
69864647 32109397
69864647 152511838
300313362 59715601
300313362 37583213
81379009 82127255
81379009 152511838
57583599 59715601
57583599 32109397
15861053 73103023
206566137 82127255
17048800 73103023
17048800 59715601
155486186 73103023
541454056 73103023
581720830 73103023
58246036 298846298
58246036 73103023
152685304 73103023
152685304 32109397
152685304 82127255
95570002 59715601
834123265 59715601
224314681 59715601
