50104685 130182385
218404525 130182385
58335712 130182385
57733254 130182385
161982003 150888462
161982003 130182385
161982003 111695790
679158270 86495067
679158270 130182385
679158270 22439094
679158270 30717751
62398676 130182385
78578301 30717751
364063155 30717751
364063155 22439094
91104114 130182385
42479244 130182385
693882799 30717751
693882799 130182385
57419873 30717751
57419873 130182385
679772225 130182385
58365379 30717751
58365379 130182385
58365379 111695790
106413304 30717751
106413304 130182385
106413304 111695790
201507135 130182385
8553404 130182385
130182385 30717751
86284894 130182385
22439094 364063155
22439094 130182385
22439094 679158270
22439094 30717751
22439094 32932892
111695790 130182385
150888462 161982003
150888462 529983578
150888462 30717751
150888462 130182385
32932892 130182385
32932892 22439094
32932892 30717751
350261096 30717751
42462379 130182385
58140013 130182385
501295414 130182385
102443549 130182385
86495067 679158270
86495067 30717751
86495067 130182385
86495067 111695790
58085564 130182385
124497402 130182385
50232201 30717751
50232201 130182385
693906326 130182385
173240229 130182385
695949537 130182385
30717751 58365379
30717751 86495067
30717751 106413304
30717751 78578301
30717751 364063155
30717751 350261096
30717751 130182385
30717751 50232201
30717751 679158270
30717751 22439094
30717751 150888462
529983578 150888462
58354634 679158270
58354634 111695790
58354634 130182385
58354634 150888462
58354634 529983578
