10603822 57590771
10603822 7471989
10603822 61609234
10603822 52450783
834864293 57590771
52074488 29936732
52074488 130001254
52074488 57590771
7963908 4676040
7963908 14594851
7963908 52029586
7963908 57590771
7963908 147911734
7963908 130001254
7963908 37278881
7963908 49839200
7963908 32109397
7963908 22688844
7963908 58184117
7963908 45822167
7963908 52450783
7963908 73507307
7963908 649953964
27377005 52450783
27377005 65432803
65466999 57590771
7471989 649953964
7471989 421462329
7471989 10603822
7471989 57590771
7471989 142784105
7471989 806268556
7471989 58315002
7471989 152565402
7471989 57995658
7471989 327023359
7471989 147911734
7471989 152940558
7471989 238994527
7471989 421493521
7471989 45822167
22444718 57590771
22444718 52450783
667412576 57462036
667412576 57590771
667412576 54407937
238994527 33440239
238994527 22688844
238994527 57590771
238994527 32109397
238994527 142784105
238994527 7471989
238994527 58184117
238994527 299129611
238994527 37278881
238994527 421493521
238994527 52450783
238994527 649953964
58359316 57590771
58359316 649953964
58359316 52450783
49839200 52029586
49839200 57590771
49839200 4676040
49839200 61609234
49839200 7963908
52452578 60319879
52452578 57453258
52452578 58184117
52452578 57590771
52452578 629327792
52452578 130001254
52452578 49420459
52452578 52450783
349481775 57590771
327023359 7471989
60319879 57590771
60319879 152928905
60319879 57462036
60319879 52452578
60319879 52450783
52067313 57590771
52067313 52450783
429613623 57590771
8219413 57590771
22688844 37278881
22688844 57590771
22688844 7963908
22688844 58184117
22688844 238994527
22688844 52450783
22688844 649953964
179593414 54973548
179593414 57453258
649953964 7471989
649953964 58359316
649953964 152928905
649953964 8219413
649953964 142784105
649953964 147911734
649953964 299129611
649953964 73507307
649953964 52452578
649953964 32109397
649953964 4676040
649953964 58106222
649953964 421462329
649953964 7963908
649953964 61609234
649953964 833308778
649953964 45822167
649953964 58184117
649953964 37278881
649953964 57590771
649953964 238994527
649953964 22688844
649953964 421493521
649953964 69541324
649953964 130001254
649953964 152565402
649953964 152714126
649953964 33440239
649953964 298851406
30081633 37278881
30081633 57590771
30081633 52450783
33440239 57590771
33440239 756503217
33440239 142784105
33440239 54336507
33440239 152633686
33440239 421493521
33440239 52450783
33440239 649953964
65432803 27377005
65432803 37278881
65432803 57590771
65432803 52450783
223877753 57590771
142784105 37278881
142784105 61609234
142784105 57590771
142784105 32109397
142784105 58184117
142784105 65432803
142784105 33440239
142784105 7471989
142784105 421462329
142784105 238994527
142784105 52450783
142784105 649953964
152596364 57995658
152596364 57590771
152596364 45822167
81378838 57590771
81378838 4676040
81378838 52450783
85172520 58184117
85172520 57590771
421457115 29936732
421457115 58184117
421457115 57590771
421457115 52450783
57462036 667412576
57462036 57590771
57462036 60319879
57462036 22688844
57462036 58184117
57462036 73507307
57462036 52450783
318638911 57590771
421491784 37278881
421491784 55248692
421491784 57590771
421462329 57590771
421462329 833308778
421462329 142784105
421462329 152714126
421462329 58184117
421462329 32109397
421462329 37278881
421462329 69541324
421462329 649953964
421462329 52450783
421462329 421493521
4676040 49839200
4676040 81378838
4676040 22688844
4676040 37278881
4676040 130001254
4676040 52029586
4676040 69541324
4676040 19558232
4676040 32109397
4676040 152928905
4676040 7963908
4676040 52450783
4676040 649953964
57453258 179593414
57453258 55248692
57453258 57590771
57453258 152928905
57453258 52450783
299129611 147911734
299129611 152565402
299129611 57590771
299129611 32109397
299129611 58184117
299129611 649953964
299129611 45822167
299129611 238994527
177628302 57590771
177628302 52450783
177628302 45822167
423442553 57590771
32109397 4676040
32109397 35413010
32109397 57590771
32109397 57995658
32109397 152714126
32109397 45161856
32109397 37278881
32109397 19558232
32109397 152565402
32109397 142784105
32109397 58315002
32109397 299129611
32109397 7963908
32109397 58184117
32109397 421462329
32109397 238994527
32109397 421493521
32109397 52450783
32109397 649953964
69541324 152565402
69541324 4676040
69541324 57590771
69541324 57453258
69541324 421462329
69541324 58184117
69541324 37278881
69541324 152940558
69541324 52450783
69541324 649953964
49420459 57590771
49420459 52452578
49420459 45822167
49420459 52450783
49420459 73507307
73507307 57590771
73507307 7963908
73507307 49420459
73507307 57462036
73507307 52450783
73507307 649953964
55248692 57453258
55248692 57590771
55248692 52450783
61609234 52450783
30553151 57590771
147911734 152633686
147911734 37278881
147911734 299129611
147911734 57590771
147911734 32109397
147911734 7963908
147911734 7471989
147911734 649953964
147911734 52450783
147911734 421493521
152940558 37278881
193464888 52450783
806268556 7471989
37278881 298851406
37278881 22688844
37278881 7963908
37278881 58184117
37278881 65432803
37278881 152940558
37278881 61609234
37278881 52450783
45161856 57993876
45161856 32109397
45161856 421493521
54973548 179593414
54973548 52450783
58315002 19558232
58315002 152565402
58315002 32109397
58315002 7471989
58315002 421493521
19558232 58315002
19558232 4676040
19558232 32109397
113793784 130001254
152928905 57590771
152928905 4676040
152928905 60319879
152928905 29936732
152928905 57453258
152928905 649953964
152928905 152940558
133616464 57590771
152565402 142784105
152565402 58315002
152565402 37278881
152565402 299129611
152565402 69541324
152565402 32109397
152565402 58184117
152565402 7471989
152565402 421493521
152565402 52450783
52029586 37278881
52029586 57590771
52029586 4676040
52029586 52450783
629327792 52452578
629327792 52450783
833308778 57590771
833308778 649953964
833308778 421462329
35413010 55248692
35413010 32109397
58184117 37278881
58184117 152565402
58184117 299129611
58184117 7963908
58184117 32109397
58184117 22688844
58184117 14594851
58184117 57462036
58184117 85172520
58184117 52452578
58184117 421462329
58184117 69541324
58184117 421457115
58184117 238994527
58184117 52450783
58184117 649953964
54407937 667412576
54407937 57462036
54407937 52450783
57590771 10603822
57590771 60319879
57590771 49839200
57590771 55248692
57590771 81378838
57590771 30081633
57590771 14594851
57590771 54336507
57590771 57453258
57590771 29936732
57590771 22444718
57590771 22688844
57590771 52029586
57590771 349481775
57590771 298851406
57590771 223877753
57590771 57995658
57590771 152633686
57590771 152596364
57590771 30553151
57590771 147911734
57590771 421491784
57590771 299129611
57590771 65466999
57590771 142784105
57590771 423442553
57590771 177628302
57590771 667412576
57590771 52074488
57590771 318638911
57590771 37278881
57590771 834864293
57590771 58106222
57590771 152940558
57590771 76974022
57590771 429613623
57590771 4676040
57590771 152714126
57590771 133616464
57590771 57993876
57590771 32109397
57590771 152928905
57590771 7963908
57590771 57462036
57590771 52067313
57590771 85172520
57590771 58359316
57590771 756503217
57590771 833332313
57590771 8219413
57590771 65432803
57590771 33440239
57590771 52452578
57590771 7471989
57590771 49420459
57590771 833308778
57590771 421462329
57590771 69541324
57590771 421457115
57590771 238994527
57590771 421493521
57590771 45822167
57590771 52450783
57590771 73507307
57590771 649953964
152714126 57590771
152714126 37278881
152714126 421687599
152714126 32109397
152714126 649953964
152714126 52450783
152714126 45822167
152714126 421462329
57995658 22688844
57995658 152596364
57995658 57590771
57995658 32109397
57995658 7471989
57995658 52450783
14594851 52029586
14594851 57590771
14594851 7963908
14594851 58184117
14594851 52450783
57993876 45161856
57993876 10603822
57993876 57590771
57993876 65432803
57993876 61609234
57993876 52450783
421493521 52450783
421493521 57995658
421493521 147911734
421493521 7471989
421493521 33440239
421493521 238994527
421493521 58315002
421493521 32109397
421493521 421462329
421493521 57590771
421493521 45161856
421493521 152565402
421493521 649953964
421493521 45822167
52450783 57462036
52450783 58184117
52450783 37278881
52450783 57453258
52450783 130001254
52450783 60319879
52450783 4676040
52450783 61609234
52450783 57590771
52450783 29936732
52450783 55248692
52450783 22688844
52450783 10603822
52450783 238994527
52450783 49420459
52450783 52029586
52450783 57993876
52450783 73507307
52450783 649953964
29936732 52074488
29936732 57590771
29936732 421457115
29936732 52450783
756503217 33440239
833332313 57590771
152633686 147911734
152633686 57590771
54336507 57590771
130001254 52074488
130001254 113793784
130001254 4676040
130001254 152940558
130001254 52450783
298851406 37278881
298851406 57590771
45822167 57590771
45822167 37278881
45822167 152596364
45822167 238994527
45822167 299129611
45822167 152714126
45822167 58106222
45822167 8219413
45822167 421493521
45822167 58184117
45822167 177628302
45822167 136915127
45822167 152928905
45822167 22688844
45822167 32109397
45822167 54336507
45822167 52450783
45822167 73507307
45822167 649953964
