217669619 127166025
217669619 758007137
217669619 57462580
217669619 298857252
217669619 152632791
40317776 152572391
40317776 609011982
40317776 127166025
50616482 812541531
50616482 127166025
50616482 758007137
50616482 58337811
836611711 127166025
45544674 57648052
45544674 812541531
45544674 127166025
152632791 609011982
152632791 127166025
152632791 758007137
152632791 69681850
152632791 57746240
358950258 127166025
152500364 127166025
758007137 50616482
758007137 609011982
758007137 127166025
758007137 152632791
256062097 127166025
69681850 297861349
69681850 833699756
69681850 152601043
69681850 45374509
69681850 152920888
69681850 152927797
69681850 127166025
69681850 152544761
69681850 58308537
69681850 58337811
69681850 152733829
69681850 85242415
69681850 152632791
69681850 58050461
69681850 152953902
152733829 127166025
152733829 69681850
152733829 58308537
517137151 127166025
152702868 152733829
152702868 127166025
107310555 127166025
152534212 152572391
152534212 127166025
152534212 58337811
167504243 127166025
609011982 58050461
609011982 758007432
609011982 127166025
609011982 152632791
215941571 127166025
85242415 152601043
85242415 127166025
85242415 69681850
85242415 58308537
716490332 127166025
141146657 127166025
298857252 127166025
152601043 833699756
152601043 127166025
152601043 69681850
152601043 85242415
152601043 77099989
162758050 127166025
152510320 127166025
183549898 127166025
97137060 127166025
97137060 58337811
297861349 127166025
297861349 69681850
2220112 152572391
2220112 127166025
2220112 58337811
152544761 69681850
152544761 127166025
77099989 152601043
77099989 127166025
4044668 127166025
4044668 83577470
48606180 609011982
48606180 127166025
48606180 44645983
152927797 609011982
152927797 127166025
152927797 69681850
152565792 609011982
152565792 127166025
152565792 298857252
833699756 152601043
833699756 127166025
833699756 69681850
44645983 127166025
44645983 48606180
57746240 127166025
82267882 127166025
83577470 4044668
83577470 152920888
83577470 127166025
83577470 109061348
40247944 127166025
40247944 609011982
834125396 127166025
58308537 127166025
58308537 69681850
58308537 152953902
58308537 152733829
58308537 85242415
58313696 127166025
58313696 298857252
26842778 127166025
152953902 127166025
152953902 58308537
152953902 69681850
812541531 127166025
812541531 45544674
836611639 127166025
41970323 127166025
152920888 58050461
152920888 152572869
152920888 127166025
152920888 69681850
152920888 83577470
109061348 127166025
109061348 83577470
623892622 127166025
58050461 152920888
58050461 609011982
58050461 127166025
58050461 69681850
57462580 127166025
122504456 127166025
758007432 609011982
758007432 127166025
545890548 609011982
545890548 127166025
601613919 127166025
601613919 609011982
152572869 152920888
152572869 127166025
152541616 127166025
58337811 127166025
58337811 69681850
5386441 609011982
5386441 127166025
152534704 127166025
57648052 127166025
57648052 45544674
57648052 58337811
152572391 127166025
152572391 2220112
152572391 40317776
828447519 127166025
152693929 127166025
45374509 127166025
45374509 69681850
