130029113 127172454
784003515 129117814
92226648 129117814
92226648 130408798
58280961 57361800
58280961 129117814
834667037 127172454
58183396 601628304
74369683 127172454
152687317 127172454
57610834 129117814
62164849 129117814
58157115 129117814
58157115 127172454
58009438 129117814
601667604 129117814
349995122 835801318
349995122 129117814
65432803 127172454
58291633 127172454
58104787 129117814
58155687 129117814
58155687 601657159
152712693 130408798
601628304 129117814
130408798 92226648
130408798 152712693
130408798 129117814
130408798 127172454
130229060 129117814
137908040 129117814
137908040 127172454
215749585 129117814
215749585 127172454
112399404 127172454
836611605 129117814
834433473 129117814
581696711 127172454
10456164 127172454
270342408 129117814
834474229 129117814
696211516 129117814
58443646 127172454
58443646 129117814
18313501 129117814
18313501 127172454
219829107 127172454
128768442 127172454
152954994 127172454
152954994 130408798
723587220 129117814
349588996 129117814
28823911 127172454
186305598 129117814
835801318 129117814
69248226 129117814
5988659 58443646
5988659 601628304
5988659 57361800
5988659 129117814
5988659 127172454
75703355 129117814
58392458 129117814
163914646 129117814
601657159 129117814
601657159 58155687
152595207 127172454
50878174 129117814
50878174 127172454
58109800 129117814
58084312 129117814
58084312 127172454
58084312 130408798
58084312 69248226
805418895 127172454
58310239 129117814
836611804 129117814
13495838 127172454
57361800 58280961
57361800 129117814
58272524 129117814
58272524 127172454
129117814 127172454
756515700 129117814
