155861181 57643719
155861181 4144789
152678311 4144789
58031943 4144789
11880367 4144789
152596711 4144789
115324606 4144789
179622232 4144789
130338844 4144789
152937430 152891939
152937430 57847021
152937430 4144789
175158791 57847021
175158791 4144789
152891939 152937430
58435377 4144789
581426543 4144789
57650932 4144789
152876523 4144789
152581141 4144789
152919393 4144789
152955605 152937430
152955605 4144789
152725053 4144789
152725053 152477597
31509130 4144789
57847021 175158791
57847021 152937430
57847021 101699981
57847021 152703357
57847021 4144789
59187789 4144789
152703357 4144789
57643719 155861181
57643719 57847021
57643719 4144789
33733451 4144789
731026431 4144789
101699981 57847021
101699981 4144789
601662394 4144789
152621067 4144789
58104630 152956692
58104630 4144789
152713733 4144789
