58106150 15659139
582205314 15659139
210271090 152500125
210271090 58147289
210271090 15659139
210271090 83232850
210271090 80716158
152593984 15659139
582049125 15659139
131124679 15659139
491510152 15659139
601646512 15659139
581315773 15659139
210247111 58147289
210247111 15659139
210247111 82655344
210247111 80716158
60821300 15659139
381127933 15659139
581011157 80716158
581867409 15659139
581867409 80716158
27800247 15659139
27800247 80716158
582396155 15659139
112058500 15659139
152660644 210247111
152660644 58147289
152660644 81499867
152660644 80716158
581878964 15659139
81499867 15659139
81499867 152660644
81499867 61782260
81499867 80716158
15659139 81499867
15659139 582773410
49817559 15659139
49817559 82655344
49817559 581867409
582381433 15659139
152576041 15659139
80716158 57651471
80716158 210247111
80716158 152500125
80716158 58147289
80716158 15659139
80716158 27800247
80716158 81499867
80716158 581011157
80716158 210271090
80716158 82655344
80716158 581867409
80716158 152660644
80716158 61782260
80716158 581666504
80716158 58142008
80716158 7700415
80716158 57644609
601643157 15659139
58155179 15659139
44754952 15659139
239971117 15659139
581066680 15659139
58142008 15659139
58142008 80716158
82655344 152603566
82655344 210247111
82655344 152500125
82655344 58147289
82655344 15659139
82655344 49817559
82655344 17113376
82655344 80716158
82655344 58390445
82655344 7700415
58147289 210247111
58147289 152500125
58147289 15659139
58147289 210271090
58147289 82655344
58147289 152660644
58147289 152783330
58147289 83232850
58147289 80716158
58147289 7700415
149061378 15659139
152473684 15659139
152937613 15659139
581028553 15659139
581028553 81499867
15313044 15659139
34742104 15659139
34742104 7700415
152603968 15659139
582379336 15659139
312428466 15659139
165257699 15659139
44788622 15659139
152475528 15659139
152577104 15659139
152687290 15659139
152687290 80716158
152603566 15659139
152603566 82655344
226091703 80716158
57368004 15659139
298857908 15659139
58390445 82655344
581666504 15659139
581666504 80716158
582157375 15659139
57644609 15659139
57644609 80716158
152898504 15659139
58335277 15659139
133788688 15659139
17113376 15659139
17113376 82655344
61782260 81499867
61782260 80716158
7700415 210247111
7700415 58147289
7700415 15659139
7700415 34742104
7700415 82655344
7700415 80716158
7700415 58142008
222133025 15659139
72469963 15659139
490888581 15659139
50878876 15659139
152500125 58147289
152500125 15659139
152500125 152687290
152500125 210271090
152500125 82655344
152500125 80716158
83232850 58147289
83232850 15659139
83232850 210271090
152783330 58147289
57651471 15659139
57651471 80716158
61349982 15659139
127671306 15659139
582383122 15659139
152939735 15659139
152812037 15659139
582704920 15659139
581889541 15659139
41948867 15659139
107280852 7700415
582773410 15659139
