152941498 21290792
152941498 298831541
152546203 23515236
152546203 152734913
152546203 298831541
152904654 21290792
152904654 23515236
152904654 152546203
152904654 152734913
152904654 298831541
152783949 298831541
582093405 152734913
582093405 298831541
152898960 298831541
812489174 298831541
21290792 152941498
21290792 152904654
21290792 152734913
152581460 23515236
152581460 152734913
152581460 298831541
298831541 23515236
298831541 152783949
298831541 152734913
298831541 152546203
298831541 152581460
298831541 152898960
298831541 152904654
298831541 152941498
298831541 582093405
152734913 582093405
152734913 152904654
152734913 21290792
152734913 23515236
152734913 152546203
152734913 152581460
152734913 298831541
23515236 15938128
23515236 152734913
23515236 152581460
23515236 298831541
