131568859 806312037
131568859 58423747
131568859 11458818
131568859 57590717
131568859 44758821
131568859 44759539
131568859 38597536
131568859 6106973
634139575 152571292
172510532 114837233
172510532 49253401
6106973 11458818
6106973 19857268
6106973 93288489
6106973 38597536
6106973 155869241
6106973 131568859
6106973 44758821
6106973 57590717
6106973 114837233
6106973 29664416
6106973 55046517
6106973 80878178
6106973 179501006
6106973 254993545
6106973 58089535
57590717 634139575
57590717 10071705
57590717 152787360
57590717 172510532
113853430 37255851
80878178 6106973
80878178 254993545
152501440 11458818
152501440 29664416
24819200 37255851
24819200 57990771
24819200 34060600
57486390 37255851
57486390 6191472
55046517 37560300
55046517 152594047
55046517 6106973
55046517 49253401
10071705 18397992
10071705 254993545
10071705 57990771
10071705 34060600
57652257 4422263
57652257 11458818
57652257 58089535
152820000 44759539
152820000 57590717
152820000 57650136
217139843 172510532
58423747 24819200
58423747 131568859
58423747 11458818
58423747 18397992
421537987 37255851
77166570 49253401
77166570 11458818
77166570 16124278
77166570 152594047
77166570 44759539
231113952 20478010
162739712 172510532
162739712 80878178
155859641 11458818
29664416 152501440
29664416 6106973
61306089 58089535
59204525 152623241
59204525 37255851
59204525 33560451
59204525 254993545
59204525 64641180
59204525 421537987
59204525 57990771
18397992 58423747
18397992 11458818
18397992 10071705
18397992 34060600
57650136 152820000
57650136 11458818
56970681 37560300
57848822 57990771
57848822 81973643
57848822 37255851
212714516 172510532
155869241 11458818
155869241 6106973
51709195 81973643
51709195 57990771
64641180 59204525
152623241 833416703
152623241 10071705
152623241 37255851
152623241 59204525
152623241 254993545
49253401 114837233
49253401 172510532
49253401 107239727
49253401 58089535
58089535 10071705
58089535 61306089
58089535 11458818
58089535 49253401
58089535 57652257
20478010 231113952
4422263 11458818
4422263 57652257
4422263 38597536
44758821 131568859
44758821 11458818
44758821 38597536
44758821 6106973
6867353 172510532
6867353 37255851
6867353 152623241
152594047 37560300
152594047 131568859
152594047 77166570
152594047 55046517
152527091 107239727
152527091 172510532
37560300 55046517
37560300 152594047
128813751 11458818
92755083 37255851
92755083 34060600
634002312 6106973
107239727 11458818
107239727 152527091
107239727 49253401
81973643 10071705
81973643 51709195
81973643 172510532
81973643 37255851
81973643 57848822
81973643 254993545
81973643 57990771
81973643 34060600
52573194 11458818
57990771 80878178
57990771 10071705
57990771 152623241
57990771 254993545
57990771 81973643
57990771 51709195
57990771 37255851
57990771 34060600
833416703 152623241
37255851 10071705
267974902 49253401
44759539 131568859
44759539 11458818
44759539 77166570
44759539 152820000
44759539 19857268
152571292 634139575
152898401 11458818
152898401 57590717
114837233 61306089
114837233 172510532
114837233 29664416
114837233 6106973
114837233 49253401
19857268 49253401
19857268 11458818
19857268 44759539
19857268 131568859
19857268 113853430
19857268 6106973
152847707 152906993
806312037 131568859
11458818 4422263
11458818 58423747
11458818 131568859
11458818 155869241
11458818 18397992
11458818 77166570
11458818 756498096
11458818 152876371
11458818 166486579
11458818 155859641
11458818 57590717
11458818 44758821
11458818 93288489
11458818 61306089
11458818 128813751
11458818 44759539
11458818 634002312
11458818 57652257
11458818 152501440
11458818 38597536
11458818 152847707
11458818 152906993
11458818 19857268
11458818 6106973
11458818 107239727
11458818 254993545
11458818 57650136
11458818 152898401
11458818 57990771
11458818 58089535
11458818 34060600
152906993 11458818
152906993 152847707
6191472 37255851
6191472 57486390
6191472 172510532
6191472 49253401
152876371 11458818
152876371 38597536
93288489 11458818
93288489 6106973
38597536 131568859
38597536 11458818
38597536 152876371
38597536 44758821
38597536 6106973
254993545 59204525
254993545 11458818
254993545 37255851
254993545 6106973
254993545 10071705
254993545 33560451
254993545 80878178
254993545 34060600
16124278 77166570
152787360 57590717
756498096 37255851
756498096 49253401
34060600 10071705
34060600 18397992
34060600 37255851
34060600 6421248
6421248 34060600
166486579 11458818
