508914879 212438125
120705241 163982232
836611712 506038166
836611712 131487694
90550591 50539154
165311564 359511891
67538691 140886562
44336087 244531793
506038166 836611712
163982232 50382557
163982232 139653663
244531793 44336087
50382557 163982232
359511891 165311564
131487694 836611712
140886562 67538691
43998303 136914535
140547250 350960527
362978351 130006012
139653663 163982232
130006012 362978351
212438125 508914879
350960527 140547250
562989583 67538691
50539154 90550591
529857914 45529929
136914535 43998303
137541214 362978351
