152729319 130335161
152729319 82641007
152629331 130335161
152629331 57644533
102658953 130335161
152835356 152594556
152835356 130335161
152835356 57647979
152835356 152899193
6686743 67498742
6686743 130335161
6686743 101695956
6686743 82641007
471388679 130335161
152579782 130335161
834598119 130335161
57645714 130335161
57645714 57643661
57645714 27547055
57645714 57644533
57645714 82641007
57645714 57645390
57645714 210246551
57645714 171822103
152594556 129642403
152594556 130335161
152594556 152907876
152594556 152835356
536058651 57652451
536058651 57644533
536058651 57645390
122248879 130335161
122248879 57644533
99951123 130335161
165294418 130335161
210187710 57644533
152925107 67498742
152925107 130335161
152925107 101695956
152925107 82641007
152925107 57650455
152925107 210246551
152925107 152899705
152907876 152594556
152907876 57652451
152907876 27547055
152907876 17988715
152907876 57650455
152907876 210246551
218606255 130335161
27547055 110769994
27547055 57647056
27547055 152601432
27547055 152473739
27547055 101696033
27547055 130335161
27547055 57643661
27547055 101695956
27547055 57644533
27547055 82641007
27547055 57647979
27547055 57645714
27547055 68885615
27547055 57645390
27547055 17988715
27547055 57651134
27547055 57650455
17988715 581730510
17988715 130335161
17988715 27547055
17988715 57644533
17988715 152907876
17988715 57650455
152899193 130335161
152899193 152907876
152899193 57650455
152899193 152835356
153714477 130335161
57643661 57647056
57643661 77420778
57643661 130335161
57643661 27547055
57643661 57644533
57643661 82641007
57643661 57647979
57643661 57645714
57643661 57645390
57643661 57650455
57643661 210246551
57643661 57648585
298850818 57644533
298850818 57650455
101696033 130335161
101696033 27547055
101696033 3357207
581705435 130335161
152473739 130335161
152473739 48729646
152473739 27547055
152473739 57644533
152473739 82641007
152601432 130335161
152601432 27547055
152601432 57644533
152601432 57648585
785714546 57644533
785714546 57650455
152701701 130335161
50782632 130335161
634049121 130335161
325004518 130335161
101697878 130335161
101697878 152925107
101697878 57650455
171822103 130335161
171822103 57645714
758004509 57645390
758004509 57650455
298850940 130335161
517084992 130335161
167868930 130335161
57645390 758004509
57645390 57647056
57645390 536058651
57645390 57650713
57645390 57652451
57645390 57643661
57645390 581704596
57645390 101695956
57645390 27547055
57645390 57644533
57645390 57647979
57645390 57645714
57645390 113598046
57645390 57650455
211476446 130335161
211476446 101695956
48729646 152473739
48729646 130335161
48729646 57644533
48729646 57650455
210231168 130335161
210231168 57644533
57637581 130335161
57637581 57650455
359367132 130335161
359367132 57644533
152899705 130335161
152899705 152925107
152899705 57650455
581991354 130335161
77420778 130335161
77420778 57643661
77420778 57644533
77420778 57651134
77420778 113598046
77420778 57650455
77420778 210246551
129642403 152594556
129642403 130335161
479413782 130335161
3357207 101696033
3357207 130335161
581730510 130335161
581730510 17988715
173535116 130335161
57644533 359367132
57644533 210196297
57644533 152601432
57644533 536058651
57644533 77420778
57644533 57650713
57644533 152473739
57644533 210187710
57644533 57652451
57644533 130335161
57644533 57643661
57644533 48729646
57644533 210231168
57644533 581704596
57644533 6686743
57644533 27547055
57644533 122248879
57644533 82641007
57644533 57647979
57644533 57645714
57644533 152629331
57644533 298850818
57644533 68885615
57644533 57645390
57644533 17988715
57644533 57651134
57644533 785714546
57644533 113598046
57644533 582415459
57644533 57650455
57644533 57648585
57648585 57643661
57648585 101695956
57648585 82641007
57648585 57644533
57648585 806271508
57648585 210246551
57648585 57652451
57648585 152601432
57648585 57650455
57648585 57650713
57648585 210196297
57647979 57647056
57647979 210196297
57647979 130335161
57647979 57643661
57647979 27547055
57647979 57644533
57647979 57645714
57647979 68885615
57647979 57645390
57647979 152835356
210246551 57652451
210246551 130335161
210246551 57643661
210246551 101695956
210246551 152925107
210246551 57645714
210246551 152907876
210246551 57650455
210246551 57648585
33901708 130335161
101695956 67498742
101695956 57652451
101695956 130335161
101695956 101697878
101695956 27547055
101695956 82641007
101695956 152925107
101695956 211476446
101695956 57645390
101695956 3357207
101695956 210246551
101695956 57648585
210196297 130335161
210196297 57644533
210196297 57647979
210196297 57651134
210196297 57650455
210196297 57648585
298830513 130335161
806271508 130335161
806271508 57648585
178547325 130335161
582415459 130335161
651557966 130335161
581704596 57652451
581704596 130335161
581704596 57644533
581704596 57645390
57647056 130335161
57647056 57643661
57647056 27547055
57647056 57647979
57647056 57645390
142951026 130335161
68885615 130335161
68885615 27547055
68885615 57644533
68885615 57647979
210273752 130335161
113598046 77420778
113598046 130335161
113598046 57644533
113598046 57645390
57652451 536058651
57652451 130335161
57652451 581704596
57652451 101695956
57652451 57644533
57652451 57645390
57652451 152907876
57652451 57650455
57652451 210246551
57652451 57648585
57651134 110769994
57651134 210196297
57651134 77420778
57651134 57650713
57651134 27547055
57651134 57644533
57651134 57650455
67498742 130335161
67498742 101697878
67498742 101695956
67498742 3357207
152957278 130335161
110769994 130335161
110769994 27547055
110769994 57651134
729366319 57650455
57650713 130335161
57650713 57644533
57650713 57645390
57650713 57651134
57650713 57650455
57650713 57648585
581157704 130335161
82641007 152473739
82641007 57643661
82641007 6686743
82641007 101695956
82641007 27547055
82641007 57644533
82641007 152925107
82641007 57645714
82641007 152729319
82641007 57650455
82641007 57648585
57650455 758004509
57650455 210196297
57650455 77420778
57650455 57650713
57650455 57652451
57650455 130335161
57650455 57643661
57650455 101697878
57650455 48729646
57650455 27547055
57650455 57644533
57650455 82641007
57650455 152925107
57650455 298850818
57650455 57645390
57650455 17988715
57650455 152899193
57650455 729366319
57650455 152907876
57650455 57651134
57650455 785714546
57650455 210246551
57650455 152899705
57650455 57648585
