223866898 13713688
738392451 30275723
738392451 21973733
738392451 152511838
738392451 44759283
98606403 13713688
98606403 133386640
98606403 45144265
98606403 50627997
98606403 49213814
98606403 56877088
541447293 262484896
541447293 30275723
541447293 58130694
541447293 44759283
45161790 13713688
45161790 262484896
45161790 57648128
45161790 45161978
45161790 30275723
45161790 421496456
45161790 21973733
45161790 253911516
45161790 58006980
45161790 638996407
45161790 58130694
45161790 44759283
45161790 152511838
421477013 13713688
500942752 13713688
223877782 13713688
3691658 13713688
84158078 57648128
421480055 298857438
421480055 30275723
421480055 152511838
47654140 541447293
47654140 159779067
47654140 152784955
47654140 13713688
47654140 57648128
47654140 754856749
47654140 788184674
47654140 50627997
47654140 45161790
47654140 152511838
58050661 13713688
81377665 13713688
806258341 13713688
45144265 13713688
45144265 98606403
45144265 677122492
45144265 49213814
45144265 828444571
45144265 34125290
253911516 262484896
45161978 57648128
45161978 45161790
45161978 21973733
133386640 98606403
133386640 56877088
130866818 13713688
152511838 45161790
152784955 57647889
57648128 84158078
57648128 45161978
57648128 45161790
57648128 30275723
57648128 58130694
57648128 159779067
57648128 47654140
45142540 13713688
617135476 13713688
677147329 13713688
298857438 30275723
13713688 421477013
13713688 223866898
13713688 833318919
13713688 223877782
13713688 133386640
13713688 45144265
13713688 98606403
13713688 50627997
13713688 617135476
13713688 45142540
13713688 500942752
13713688 37796997
13713688 677122492
13713688 30275723
13713688 49213814
13713688 57647889
13713688 3691658
13713688 58050661
13713688 754856749
13713688 56877088
13713688 677147329
13713688 159779067
13713688 47654140
13713688 34125290
13713688 81377665
13713688 152511838
13713688 199867957
677122492 13713688
677122492 133386640
677122492 45144265
677122492 98606403
677122492 56877088
788184674 47654140
788184674 159779067
754856749 13713688
754856749 47654140
754856749 159779067
34125290 13713688
179495715 50627997
37796997 13713688
37796997 50627997
37796997 49213814
145684590 13713688
833318919 13713688
833318919 421496456
58266824 262484896
127895035 13713688
50627997 179495715
50627997 13713688
50627997 98606403
50627997 37796997
50627997 49213814
49213814 45144265
49213814 98606403
49213814 50627997
49213814 37796997
159779067 57648128
159779067 788184674
159779067 13713688
159779067 754856749
159779067 47654140
16272808 57647889
30275723 13713688
30275723 58006980
30275723 57648128
30275723 738392451
30275723 298857438
30275723 45161978
30275723 45161790
30275723 541447293
30275723 58130694
30275723 421480055
56877088 13713688
56877088 98606403
262484896 58006980
262484896 58266824
262484896 45161790
262484896 421496456
262484896 253911516
262484896 541447293
21973733 738392451
21973733 45161978
21973733 45161790
21973733 58130694
58130694 421496456
58130694 45161790
58130694 57648128
58130694 30275723
58130694 13713688
58130694 541447293
58130694 21973733
58006980 13713688
58006980 262484896
58006980 30275723
58006980 45161790
199867957 13713688
44759283 45161790
421496456 833318919
421496456 262484896
421496456 45161790
57647889 13713688
57647889 16272808
57647889 152784955
