5065096 5797936
224338368 5797936
14794735 152957625
14794735 152930315
14794735 38499737
14794735 730603918
14794735 152660562
14794735 142562282
14794735 5797936
14794735 129985323
14794735 45822167
51582587 5797936
51582587 6599815
51582587 142562282
51582587 152957625
163918192 142562282
828447834 5797936
828447834 152957625
30160137 6599815
30160137 5797936
30160137 65322073
30160137 152957625
421485835 152957625
164362121 5797936
164362121 609813390
164362121 152957625
575625835 730603918
575625835 142562282
432814318 252043380
6599815 17274253
6599815 5797936
6599815 4799875
6599815 9123708
6599815 51582587
6599815 609813390
6599815 152930315
6599815 58271879
6599815 152957625
6599815 730603918
6599815 142562282
6599815 45822167
6599815 32484016
6599815 49282563
6599815 30160137
6599815 252043380
6599815 34060600
252043380 17274253
252043380 5797936
252043380 9123708
252043380 38597536
252043380 132582052
252043380 609813390
252043380 30076337
252043380 4799875
252043380 6599815
252043380 149528512
252043380 432814318
252043380 359378110
252043380 45822167
252043380 142562282
252043380 129985323
799415085 5797936
215747976 730603918
215747976 152957625
215747976 5797936
224340556 5797936
152502322 5797936
132582052 9123708
132582052 5797936
132582052 152957625
132582052 4799875
132582052 252043380
58261315 152957625
58261315 5797936
730603918 152728563
730603918 152930315
730603918 9123708
730603918 634811592
730603918 152957625
730603918 4799875
730603918 142562282
730603918 129985323
730603918 6599815
730603918 575625835
730603918 14794735
730603918 215747976
730603918 32484016
79291344 5797936
142562282 98768293
142562282 634811592
142562282 298831860
142562282 383606670
142562282 38499737
142562282 5797936
142562282 17274253
142562282 833298038
142562282 152957625
142562282 609813390
142562282 51582587
142562282 37426731
142562282 152503268
142562282 730603918
142562282 224340556
142562282 224338368
142562282 58271879
142562282 828447834
142562282 210215998
142562282 129985323
142562282 6599815
142562282 575625835
142562282 14794735
142562282 45822167
142562282 163918192
142562282 32484016
142562282 215747976
142562282 224335787
142562282 49282563
142562282 30160137
142562282 28736057
142562282 252043380
210215998 5797936
210215998 17274253
210215998 9123708
210215998 609813390
210215998 142562282
609813390 9123708
609813390 4799875
609813390 252043380
25028780 72090086
25028780 17274253
32434849 81973650
32434849 34060600
833298038 5797936
833298038 127423669
152660562 5797936
152660562 14794735
152660562 215747976
149528512 5797936
149528512 252043380
5607384 127423669
5797936 58261315
5797936 37426731
5797936 79291344
5797936 224340556
5797936 132582052
5797936 152660562
5797936 152502322
5797936 5607384
5797936 9123708
5797936 152503268
5797936 364547208
5797936 5110094
5797936 56953148
5797936 152930315
5797936 799415085
5797936 152728563
5797936 164362121
5797936 38499737
5797936 224338368
5797936 828447834
5797936 37717331
5797936 17274253
5797936 833298038
5797936 152957625
5797936 58271879
5797936 4799875
5797936 210215998
5797936 127423669
5797936 58416563
5797936 142562282
5797936 129985323
5797936 6599815
5797936 14794735
5797936 45822167
5797936 32484016
5797936 215747976
5797936 30160137
5797936 252043380
32484016 5797936
32484016 14794735
32484016 127423669
32484016 4799875
32484016 58271879
32484016 6599815
32484016 152957625
32484016 142562282
32484016 730603918
32484016 30160137
37717331 5797936
127423669 152957625
127423669 5797936
37426731 152502322
37426731 81973650
37426731 5797936
37426731 833298038
37426731 152957625
37426731 4799875
37426731 142562282
37426731 14794735
37426731 45822167
37426731 34060600
155903171 5797936
5110094 152930315
5110094 5797936
5110094 152957625
364547208 5797936
38499737 37426731
38499737 5797936
38499737 833298038
38499737 152957625
38499737 210215998
38499737 142562282
38499737 14794735
224335787 34060600
129747590 17274253
634811592 730603918
24556295 17274253
24556295 152728563
56953148 224340556
56953148 5797936
49282563 6599815
49282563 152957625
49282563 359378110
49282563 609813390
49282563 45822167
49282563 81973650
49282563 14794735
9123708 17274253
9123708 132582052
9123708 37426731
9123708 799415085
9123708 730603918
9123708 5797936
9123708 609813390
9123708 833298038
9123708 152957625
9123708 4799875
9123708 210215998
9123708 58416563
9123708 6599815
9123708 45822167
9123708 252043380
129985323 152957625
129985323 5797936
129985323 609813390
129985323 730603918
129985323 142562282
129985323 14794735
129985323 30076337
129985323 215747976
129985323 49282563
129985323 252043380
4799875 132582052
4799875 9123708
4799875 17274253
4799875 37426731
4799875 730603918
4799875 609813390
4799875 5797936
4799875 210301827
4799875 152957625
4799875 6599815
4799875 45822167
4799875 32484016
4799875 30160137
4799875 252043380
152930315 5110094
152930315 152502322
152930315 730603918
152930315 5797936
152930315 152957625
152930315 6599815
152930315 14794735
298831860 45822167
298831860 142562282
152728563 730603918
152728563 24556295
152728563 5797936
152728563 152957625
152728563 45822167
30076337 72090086
30076337 129985323
30076337 609813390
30076337 252043380
58271879 224340556
58271879 152957625
58271879 5797936
38597536 17274253
38597536 252043380
152957625 609813390
152957625 730603918
152957625 5797936
152957625 58271879
152957625 58416563
152957625 142562282
152957625 6599815
152957625 14794735
152957625 45822167
152957625 215747976
152957625 34060600
58416563 17274253
58416563 9123708
58416563 152957625
58416563 5797936
152503268 5797936
152503268 152957625
152503268 58416563
152503268 142562282
34060600 6599815
34060600 81973650
72090086 25028780
72090086 45822167
72090086 30076337
359378110 252043380
359378110 49282563
359378110 215747976
45822167 37426731
45822167 9123708
45822167 4799875
45822167 210215998
45822167 152728563
45822167 152957625
45822167 72090086
45822167 298831860
45822167 58416563
45822167 38499737
45822167 6599815
45822167 81973650
45822167 609813390
45822167 142562282
45822167 5797936
45822167 14794735
45822167 17274253
45822167 58271879
45822167 215747976
45822167 49282563
45822167 252043380
45822167 34060600
17274253 129747590
17274253 25028780
17274253 152502322
17274253 210301827
17274253 38597536
17274253 9123708
17274253 24556295
17274253 5797936
17274253 4799875
17274253 210215998
17274253 58416563
17274253 142562282
17274253 6599815
17274253 45822167
17274253 252043380
17274253 34060600
28736057 5797936
28736057 142562282
