131751557 22224420
131751557 65249980
131751557 84226005
131751557 26444902
11268740 65249980
65249980 20186634
65249980 26444902
65249980 22224420
32377136 22224420
32377136 131751557
32377136 40134751
32377136 18751552
32377136 20186634
32377136 65249980
9708250 65249980
26444902 130009974
26444902 22224420
26444902 131751557
26444902 84226005
26444902 40134751
26444902 7620485
26444902 20186634
26444902 65249980
7620485 26444902
660088106 22224420
660088106 40134751
18751552 65249980
665798487 32377136
57502966 20186634
22224420 131751557
22224420 26444902
22224420 84226005
22224420 40134751
22224420 32377136
22224420 20186634
22224420 65249980
224557428 65249980
22800564 65249980
84226005 22224420
84226005 131751557
84226005 26444902
84226005 65249980
130009974 26444902
20186634 22224420
20186634 65249980
155323237 65249980
14988593 22224420
14988593 40134751
14988593 65249980
40134751 22224420
40134751 26444902
40134751 32377136
