558368245 152935114
152797912 128573296
57648804 3218184
57648804 57644999
581004558 128573296
49312526 128573296
7078986 3218184
7078986 128573296
139671929 128573296
49790452 128573296
756498733 128573296
756498733 189458671
4108164 128573296
52579371 3218184
52579371 57644999
107470405 3218184
107470405 16344663
34426584 16344663
34426584 128573296
34426584 833305244
34426584 15711657
44759577 128573296
831038185 128573296
831038185 806238232
602021753 128573296
571361491 128573296
44572198 128573296
3218184 57648804
3218184 52579371
3218184 107470405
3218184 16344663
3218184 57644999
3218184 260917703
3218184 7078986
833329712 128573296
833329712 138573066
806268574 128573296
15711657 34426584
53065431 128573296
152933080 152602339
152933080 57644999
833305244 128573296
833305244 34426584
138573066 97005217
138573066 128573296
35070183 128573296
35070183 17768119
691834906 128573296
691834906 152528731
152602339 152933080
54398136 57644999
833358446 128573296
834147757 97005217
152935114 558368245
152935114 152890931
152498892 128573296
152528731 128573296
421675791 128573296
152892690 16344663
16344663 152956692
16344663 152892690
16344663 107470405
16344663 3218184
16344663 57644999
16344663 34426584
8114102 128573296
57644999 57648804
57644999 152933080
57644999 52579371
57644999 57647066
57644999 3218184
57644999 54398136
57644999 16344663
152956692 558368245
152956692 16344663
152956692 152890931
189458671 128573296
189458671 756498733
57647066 57644999
152576324 128573296
152576324 52579371
176990402 128573296
17768119 128573296
17768119 35070183
582117629 128573296
812474565 128573296
812474565 20778640
44983245 128573296
833311938 128573296
833311938 833305244
20778640 812474565
806238232 831038185
152890931 152956692
154822370 128573296
581323978 128573296
