152927894 152851151
152927894 58467848
152728716 58467848
152728716 57644385
58024067 152933597
58024067 58467848
58024067 57644385
57644385 58024067
57644385 57648368
57644385 58467848
57644385 44990423
57644385 152728716
152933160 58467848
236394988 58467848
58096483 58467848
152851151 152927894
152851151 58467848
152851151 32109397
58467848 58024067
58467848 58096483
58467848 58081086
58467848 236394988
58467848 359373613
58467848 152927894
58467848 152851151
58467848 152933597
58467848 57648368
58467848 152933160
58467848 58336279
58467848 152595373
58467848 32109397
58467848 57644385
32109397 152851151
32109397 58467848
152595373 58467848
210031319 58467848
58336279 58467848
152580439 58467848
359373613 57648368
359373613 58467848
58081086 58467848
152933597 58024067
152933597 58467848
102342284 58467848
44990423 57644385
57648368 359373613
57648368 58467848
57648368 57644385
