129690479 95702229
10849707 28058172
10849707 421537657
152592093 95702229
348110622 28058172
421537657 10849707
421537657 28058172
152681597 95702229
28058172 73794711
28058172 421537657
28058172 152701755
28058172 52448766
28058172 348110622
28058172 95702229
28058172 10849707
152919773 95702229
152701755 28058172
152928976 95702229
19230246 52575656
833606824 95702229
73794711 836611436
73794711 28058172
52448766 95702229
52448766 28058172
52575656 95702229
52575656 19230246
152620779 60269870
95702229 129690479
95702229 52448766
95702229 833606824
95702229 52575656
95702229 60269870
95702229 152592093
95702229 28058172
60269870 95702229
60269870 152620779
836611436 73794711
