152899770 13985998
152899770 530154744
152941853 13985998
152941853 530154744
152928591 65454606
152928591 152892240
152928591 110964338
25858287 134507839
25858287 152854621
25858287 110964338
57648284 58484459
57648284 65454606
57648284 152941821
57648284 13985998
57648284 152877300
57648284 57651456
57648284 152712721
57648284 57648700
57648284 152430922
57648284 134507839
57648284 152796273
57648284 152564083
57648284 44760169
57648284 149528759
57648284 152839789
57648284 44759369
57648284 152730361
57648284 152714167
57648284 530154744
57648284 110964338
152934210 152941821
152934210 50859020
152934210 79218407
152934210 152621644
152934210 44759369
152934210 152941055
152934210 530154744
79218407 152695248
79218407 152694096
79218407 152934210
79218407 530154744
152906345 134507839
152906345 44759369
9127976 530154744
152680917 530154744
20507366 530154744
224647188 530154744
54180384 65454606
54180384 13985998
54180384 152892240
54180384 128944004
152723219 152694096
152723219 530154744
57648897 152877300
57648897 13985998
57648897 152919588
57648897 530154744
152941055 152934210
152941055 530154744
152941055 110964338
57648700 152712721
57648700 34512164
57648700 57648284
152954742 530154744
152889711 530154744
152596841 152694096
152596841 152919588
152596841 44759369
152596841 152929803
152596841 57651456
152596841 152906827
152596841 149528759
152596841 152564083
152596841 530154744
152596841 110964338
152735017 152906827
152735017 13985998
152735017 134507839
152735017 152730361
152735017 152941127
152735017 210200208
152735017 530154744
152576782 210191717
152576782 152854621
152714167 152906827
152714167 152955809
152714167 152929803
152714167 152839789
152714167 57648284
152694096 152596841
152694096 152941821
152694096 13985998
152694096 50859020
152694096 57650050
152694096 79218407
152694096 209445632
152694096 152796273
152694096 152723219
152694096 57588049
152694096 152677288
152694096 44759369
152694096 152854621
152694096 152934210
152694096 57651456
152694096 152839789
152694096 149528759
152694096 152564083
152694096 210200208
152694096 110964338
73034629 13985998
34512164 57648700
209445632 152730361
209445632 57651456
152941127 530154744
73208803 152730361
73208803 57588049
73208803 530154744
530154744 152899770
530154744 57648284
530154744 152796273
57650136 152919588
152712721 58484459
152712721 152938111
152712721 57650050
152712721 152796273
152712721 152919385
152712721 57648700
152712721 152730361
152712721 73034629
152712721 44759369
152712721 152934210
152712721 57648284
152712721 530154744
152941821 32654305
152941821 50859020
152941821 152694096
152941821 57588049
152941821 73034629
152941821 152892240
152941821 44759369
152941821 152913517
152941821 152854621
152941821 152934210
152941821 57651456
152941821 152430922
152941821 57650050
152941821 128944004
152941821 152723046
152941821 152892006
152941821 57648284
152941821 530154744
58049627 530154744
151767944 530154744
44760169 152938111
44760169 152677288
44760169 530154744
59187659 530154744
106980382 152928591
106980382 34512164
106980382 57588049
106980382 638099834
106980382 530154744
152797237 58484459
152797237 530154744
57651456 152596841
57651456 152941821
57651456 209445632
57651456 134507839
57651456 152627841
57651456 152694096
57651456 44759369
57651456 57648284
44759369 152941821
44759369 50859020
44759369 152712721
44759369 152919588
44759369 152677288
44759369 152815258
44759369 152934210
44759369 57651456
44759369 152723046
44759369 530154744
149528759 152694096
149528759 638099834
149528759 13985998
149528759 152564083
152677288 13985998
152677288 57650050
152677288 134507839
152677288 152694096
152677288 44760169
152677288 152815258
152677288 44759369
152677288 530154744
210200208 34512164
210200208 224647188
210200208 152934210
210200208 73034629
210200208 13985998
210200208 152694096
210200208 65454606
210200208 530154744
152839789 152694096
152839789 152854621
152839789 152430922
152839789 57648284
152839789 530154744
32654305 152941821
32654305 13985998
32654305 152906345
32654305 152730361
32654305 530154744
128944004 54180384
128944004 13985998
128944004 152941821
128944004 152892006
128944004 530154744
128944004 110964338
152727118 44759369
152727118 530154744
65454606 210191717
65454606 152928591
65454606 54180384
65454606 50859020
65454606 57588049
65454606 57650050
65454606 210200208
65454606 57648284
152913517 152941821
152913517 152797237
134507839 13985998
134507839 57650050
134507839 152906345
134507839 152735017
134507839 152677288
134507839 73034629
134507839 25858287
134507839 44759369
134507839 57651456
134507839 57648284
134507839 530154744
134507839 110964338
152730361 73208803
152730361 32654305
152730361 13985998
152730361 58049627
152730361 57650050
152730361 209445632
152730361 152621644
152730361 152712721
152730361 152627841
152730361 152735017
152730361 152723219
152730361 73034629
152730361 44759369
152730361 152929803
152730361 18899563
152621644 152730361
152621644 152934210
152796273 152712721
152796273 152694096
152796273 57648284
152796273 530154744
152929803 152596841
152929803 152714167
152929803 152730361
152929803 530154744
152833810 530154744
152833810 13985998
210191717 65454606
210191717 152576782
210191717 530154744
152877300 152919588
152877300 57648897
152877300 530154744
152877300 57648284
152564083 149528759
152564083 152694096
152564083 152430922
152564083 152815258
152564083 152596841
152564083 57648284
152564083 530154744
152564083 110964338
152906827 152714167
152906827 57588049
152906827 152430922
152906827 530154744
155830073 530154744
152430922 152941821
152430922 152839789
152430922 152564083
152430922 152896343
152430922 57648284
152430922 530154744
50859020 65454606
50859020 13985998
50859020 152694096
50859020 44759369
50859020 152934210
424375836 530154744
43800865 530154744
152955809 13985998
152955809 152714167
152955809 530154744
152850548 530154744
57650050 134507839
57650050 152694096
57650050 44759369
57650050 152941821
57650050 152430922
57650050 530154744
57650050 110964338
152892240 152941821
152892240 152941055
152892240 530154744
13985998 54180384
13985998 65454606
13985998 50859020
13985998 58049627
13985998 134507839
13985998 152694096
13985998 152919588
13985998 152735017
13985998 152730361
13985998 57588049
13985998 152677288
13985998 73034629
13985998 152815258
13985998 128944004
13985998 9127976
13985998 152854621
13985998 152892006
13985998 210200208
13985998 152896343
13985998 57648284
13985998 110964338
152854621 152941821
152854621 13985998
152854621 152694096
152854621 152919588
152854621 25858287
152854621 152934210
152854621 152839789
152854621 149528759
152854621 530154744
58484459 152712721
58484459 44759369
58484459 152934210
58484459 152797237
58484459 57648284
58484459 530154744
110964338 25858287
110964338 13985998
110964338 152564083
110964338 152596841
110964338 152694096
110964338 530154744
110964338 134507839
110964338 44759369
152695248 79218407
152695248 152954742
152723046 152941821
152723046 152694096
152723046 44759369
152723046 530154744
152896343 13985998
152896343 152430922
152896343 638099834
152896343 530154744
152892006 128944004
152892006 152941821
152892006 13985998
152892006 530154744
152627841 152730361
152627841 57651456
152627841 530154744
152815258 13985998
152815258 58049627
152815258 57650050
152815258 152677288
152815258 44759369
152815258 152564083
152815258 530154744
152815258 110964338
152919588 57650136
152674509 530154744
152938111 13985998
