24253636 15948916
24253636 35765849
24253636 124087500
24253636 772327954
24253636 215747976
24253636 73198614
24253636 252043380
24253636 5467493
421480021 124087500
15948916 357564100
15948916 128024835
15948916 124087500
15948916 35765849
15948916 76157858
15948916 772327954
15948916 34235421
15948916 73198614
516166924 212625425
516166924 124087500
152656625 152681753
152656625 124087500
252043380 24253636
252043380 152677870
252043380 73198614
252043380 50870498
252043380 58383819
252043380 124087500
252043380 230927799
252043380 129985323
252043380 152474951
212625997 15948916
212625997 124087500
112339978 124087500
73198614 15948916
73198614 152677870
73198614 124087500
73198614 50870498
73198614 24253636
73198614 252043380
212625425 516166924
212625425 124087500
215747976 152474951
215747976 24253636
215747976 124087500
34235421 152474951
34235421 15948916
34235421 124087500
230927799 357564100
230927799 124087500
230927799 252043380
772327954 124087500
772327954 152474951
772327954 24253636
50870498 73198614
50870498 252043380
128024835 15948916
60326944 124087500
60326944 152474951
60326944 34060600
357564100 152474951
357564100 124087500
357564100 24253636
152681753 828447820
152681753 83764444
76157858 129985323
76157858 124087500
152677870 124087500
152677870 73198614
152677870 252043380
152449953 124087500
828447820 152681753
828447820 124087500
124087500 212625997
124087500 212625425
124087500 357564100
124087500 15948916
124087500 58383819
124087500 152656625
124087500 230927799
124087500 112339978
124087500 828447820
124087500 83764444
124087500 152474951
124087500 152449953
124087500 152677870
124087500 60326944
124087500 129985323
124087500 76157858
124087500 421480021
124087500 24253636
124087500 772327954
124087500 215747976
124087500 34235421
124087500 73198614
124087500 252043380
124087500 5467493
129985323 58383819
129985323 124087500
129985323 76157858
129985323 215747976
129985323 34235421
129985323 252043380
49175889 15948916
152474951 357564100
152474951 124087500
152474951 60326944
152474951 252043380
152474951 34235421
152474951 215747976
152474951 772327954
687011600 124087500
83764444 124087500
83764444 152681753
5467493 124087500
5467493 357564100
5467493 24253636
