85881189 29497771
85881189 19972936
85881189 152520008
57654219 80716165
57654219 29497771
57654219 19972936
152931166 152900255
152931166 57649419
152931166 80716165
152931166 57648675
152931166 152839606
152931166 152727147
152931166 132582565
152931166 19972936
152931166 152933679
152931166 152678887
152785382 152900255
152785382 57648675
152785382 19972936
152840418 57648675
152840418 57647217
152840418 29497771
152840418 19972936
58394392 152572515
58394392 77223286
58394392 19972936
152596002 29497771
152596002 19972936
152596002 58448093
152621069 57649419
152621069 29497771
152621069 19972936
152621069 49465080
152621069 152678887
152839606 152931166
152854745 19972936
152821172 19972936
152678887 80716165
152678887 82638473
152678887 49465080
152678887 152931166
152678887 152619213
152678887 132582565
152678887 57648675
152678887 57647217
152678887 57649419
152678887 152621067
152678887 152714965
152678887 152621069
152678887 152941236
152678887 152851323
29497771 67628097
29497771 152657227
29497771 152723451
29497771 152797953
29497771 152892969
29497771 152619213
29497771 152820372
29497771 82651776
29497771 152621067
29497771 152621069
29497771 152905448
29497771 27779957
29497771 61449721
29497771 152941236
29497771 152503799
29497771 57654219
29497771 152580451
29497771 19972936
29497771 58149114
29497771 152520008
29497771 58275534
29497771 77061268
29497771 58448093
152578912 19972936
58256214 80716165
58256214 57647217
58256214 152655224
58256214 19972936
58256214 152571910
58256214 77061268
152580451 19972936
152580451 29497771
26103851 132582565
26103851 29497771
26103851 19972936
152689048 19972936
152941236 152899419
152941236 27779957
152941236 152727147
152941236 29497771
152941236 19972936
152941236 152571910
152941236 152678887
24734151 67628097
24734151 80716165
24734151 57648675
24734151 29497771
24734151 19972936
152723451 19972936
152723451 29497771
152503799 80716165
152503799 29497771
152503799 19972936
152532973 19972936
152732744 19972936
55019465 152900255
55019465 21535960
55019465 57648675
55019465 19972936
152714965 57649419
152714965 57648675
152714965 29497771
152714965 19972936
152714965 152678887
132292946 82651776
152905448 29497771
36789569 19972936
152851323 152678887
152851323 19972936
152851323 57648675
152851323 80716165
152851323 57649419
152851323 152571910
152502402 19972936
82638473 152900255
82638473 80716165
82638473 152619213
82638473 57648675
82638473 152839606
82638473 152727147
82638473 19972936
82638473 49465080
82638473 152678887
152670675 19972936
58149114 67628097
58149114 29497771
58149114 19972936
57647217 67628097
57647217 152619213
57647217 57648675
57647217 152934251
57647217 19972936
57647217 58256214
57647217 47932022
57647217 132582565
57647217 152678887
57647217 77061268
152796942 19972936
152796942 29497771
152603551 9418493
152603551 19972936
152603551 298838230
57605838 152900255
57605838 24734151
57605838 19972936
152926876 19972936
152926876 49465080
61449721 152621067
61449721 29497771
61449721 19972936
27779957 29497771
27779957 19972936
152900255 67628097
152900255 82638473
152900255 57649419
152900255 80716165
152900255 24734151
152900255 152931166
152900255 132582565
152900255 29497771
152900255 19972936
152900255 57605838
152900255 9418493
152876523 19972936
152820372 19972936
152820372 29497771
298855977 19972936
57650629 80716165
57650629 82651776
57650629 57648675
47932022 24734151
47932022 57647217
152891921 19972936
57648675 82638473
57648675 55019465
57648675 57649419
57648675 24734151
57648675 27099191
57648675 45388780
57648675 152840418
57648675 152931166
57648675 152714965
57648675 152722907
57648675 57647217
57648675 152727147
57648675 77223286
57648675 132582565
57648675 152785382
57648675 57650629
57648675 152678887
57648675 152851323
57648675 9418493
57648675 58448093
152732032 152722907
152732032 29497771
152732032 19972936
77061268 19972936
77061268 58256214
77061268 152839606
77061268 80716165
77061268 152900255
77061268 29497771
77061268 57647217
82745224 19972936
58275534 29497771
58275534 19972936
80716165 152900255
80716165 82638473
80716165 57649419
80716165 152619213
80716165 24734151
80716165 82651776
80716165 152931166
80716165 152722907
80716165 152503799
80716165 57654219
80716165 57650629
80716165 152933679
80716165 58256214
80716165 152678887
80716165 152851323
80716165 77061268
80716165 132292946
80716165 58448093
152475691 19972936
21535960 152571910
21535960 19972936
152934251 152905448
152934251 57647217
152934251 132582565
152934251 19972936
152722907 80716165
152722907 57648675
152722907 152732032
152722907 19972936
192300418 19972936
152619213 82638473
152619213 80716165
152619213 57647217
152619213 29497771
152619213 49465080
152619213 19972936
152619213 152678887
152619213 152520008
152657227 29497771
298838230 152603551
298838230 19972936
152477925 29497771
152477925 19972936
152899419 152941236
152899419 19972936
582295548 19972936
82651776 57649419
82651776 80716165
82651776 152670675
82651776 29497771
82651776 19972936
82651776 49465080
82651776 57650629
82651776 132582565
82651776 581337076
82651776 132292946
581337076 29497771
581337076 19972936
581337076 82651776
581337076 58448093
152815995 29497771
152815995 19972936
152815995 9418493
45388780 57648675
45388780 19972936
152933679 80716165
152933679 152931166
152933679 29497771
152933679 19972936
58448093 80716165
58448093 57648675
58448093 57649419
58448093 152596002
58448093 82651776
58448093 152546100
58448093 19972936
58448093 581337076
58448093 152621069
58448093 24734151
58448093 49465080
49465080 82638473
49465080 57649419
49465080 152926876
49465080 152619213
49465080 82651776
49465080 152621069
49465080 152678887
49465080 9418493
49465080 58448093
57649419 152900255
57649419 80716165
57649419 82651776
57649419 57648675
57649419 152621069
57649419 152931166
57649419 152714965
57649419 19972936
57649419 49465080
57649419 152678887
57649419 152851323
57649419 9418493
57649419 58448093
152892969 29497771
152892969 19972936
19972936 152900255
19972936 67628097
19972936 152546100
19972936 82638473
19972936 152821172
19972936 152926876
19972936 581162034
19972936 82651776
19972936 27099191
19972936 45388780
19972936 152732032
19972936 152578912
19972936 152931166
19972936 27779957
19972936 152670675
19972936 152941236
19972936 152722907
19972936 85881189
19972936 152934251
19972936 152572515
19972936 152727147
19972936 132582565
19972936 29497771
19972936 152785382
19972936 152933679
19972936 58256214
19972936 26103851
19972936 21535960
19972936 152689048
19972936 152619213
19972936 152520008
19972936 58275534
19972936 77061268
19972936 152603551
534761506 19972936
9418493 67628097
9418493 152815995
9418493 57648675
9418493 49465080
9418493 19972936
152592868 19972936
152572515 58394392
152572515 19972936
50544749 19972936
50544749 58275534
27099191 57648675
27099191 132582565
27099191 19972936
152906927 19972936
67628097 152900255
67628097 152926876
67628097 24734151
67628097 45388780
67628097 57647217
67628097 29497771
67628097 19972936
67628097 58149114
67628097 77061268
67628097 9418493
152546100 19972936
152797953 19972936
152797953 29497771
43890762 82651776
43890762 19972936
152727147 82638473
152727147 57648675
152727147 152931166
152727147 152941236
152727147 19972936
152655224 132582565
152655224 19972936
152655224 58256214
132582565 27099191
132582565 57648675
132582565 152931166
132582565 85881189
132582565 152655224
132582565 19972936
132582565 26103851
132582565 57647217
132582565 152678887
581162034 19972936
77223286 57648675
77223286 19972936
152621067 61449721
152621067 29497771
152621067 152678887
