34723606 152890959
34723606 152930886
152912208 152890959
152912208 33997587
152912208 127598920
152912208 152673748
152912208 152907798
152578326 127303684
152578326 127598920
152578326 152680943
152808166 97087024
152808166 127598920
152808166 57648220
57648622 41548248
57648622 54235066
57648622 57652988
57648622 152673748
57648622 127598920
57648622 152574488
57648622 97087024
57648622 581870424
57648622 57648585
30477839 127598920
30477839 52577133
73544092 127598920
152479912 57652988
152479912 152850209
152479912 127598920
152479912 58155020
48737601 127598920
101695601 127303684
101695601 127598920
13619513 127598920
13619513 44758882
13619513 57648220
152729781 57648220
152729781 127598920
52787915 127303684
52787915 127598920
52787915 57648585
111090477 127598920
152898675 127598920
152898675 152506567
152898675 57652988
36789569 127598920
97087024 152808166
97087024 57648622
152604203 127598920
152907798 127598920
152907798 52577133
152907798 152574488
152907798 127303684
152907798 152912208
154948592 152680943
58155020 152956984
58155020 41548248
58155020 152479912
142737175 127598920
152890959 34723606
152890959 127598920
152890959 152506567
152890959 152574488
152890959 152912208
601656052 127598920
152808676 127598920
44758882 127598920
44758882 13619513
44758882 152930886
152850209 127598920
152850209 152479912
152575739 127598920
38166915 45544578
38166915 127598920
152574488 127598920
152574488 57652988
152574488 152673748
152574488 152603945
152574488 152890959
152574488 57648622
152734492 127598920
17549861 44758882
536787242 127598920
210271371 127598920
45544578 127598920
45544578 38166915
52577133 127598920
52577133 30477839
52577133 41548248
52577133 152907798
152481688 127598920
152481688 44758882
152481688 298851444
57769544 127303684
57769544 127598920
57769544 57652988
54235066 127598920
54235066 57648622
152846008 127598920
298851444 127598920
298851444 152930886
298851444 152481688
298851444 133788828
152506567 58155020
152506567 127303684
152506567 127598920
152506567 41548248
152506567 57648220
152506567 152890959
152506567 57648585
131848141 152930886
129642005 127598920
57648585 57648622
57648585 152680943
57648585 152506567
57648585 52787915
581870424 127598920
581870424 57648622
152685834 127598920
152685834 57648220
505460223 127598920
33997587 127598920
33997587 152912208
41548248 152506567
41548248 58155020
41548248 127598920
41548248 52577133
41548248 57648622
152571997 127598920
152571997 57648220
152728738 127598920
152956984 58155020
152956984 152921329
152956984 127598920
152956984 152930886
152956984 57648220
152881023 127598920
152881023 57652988
57652988 152881023
57652988 57769544
57652988 127598920
57652988 152574488
57652988 152933422
57652988 152479912
57652988 57648622
57652988 152898675
152933422 127598920
152933422 57652988
152734410 127598920
57648220 152506567
57648220 152571997
57648220 548856526
57648220 127303684
57648220 152956984
57648220 152685834
57648220 127598920
57648220 13619513
57648220 152808166
57648220 152729781
152921329 127303684
152921329 152956984
152921329 127598920
152921329 152574488
231112962 127598920
581865556 127598920
581865556 142737175
101698925 152545197
101698925 127303684
101698925 634800907
101698925 82641155
548856526 127598920
548856526 57648220
39076394 127598920
152680943 154948592
152680943 57648585
152816924 127598920
152603945 152574488
127303684 127598920
82641155 127303684
82641155 101698925
82641155 127598920
696264874 127598920
152930886 131848141
152930886 152956984
152930886 127598920
152930886 44758882
152930886 298851444
834169169 127598920
758027259 127598920
152840416 127598920
634800907 101698925
581443598 127598920
152701787 127598920
133788828 127303684
133788828 127598920
133788828 298851444
