200058382 58525902
298856219 215735649
445781524 215735649
445781524 58525902
57491044 299333224
57491044 166569788
152622828 16746680
127745295 58525902
32312058 58525902
747206737 215735649
747206737 58525902
61036072 58525902
60695641 16746680
60695641 210247040
27609283 58525902
5637831 58525902
152524617 215735649
58013280 58525902
215735649 58525902
60282931 215735649
210247040 60695641
67140527 215735649
16746680 152622828
16746680 152930886
16746680 60695641
16746680 687028044
16746680 24316329
16746680 58525902
190060230 215735649
190060230 166569788
190060230 58525902
229048989 58525902
52571646 215735649
52571646 58525902
152592174 58525902
328278654 58525902
152921944 152930886
426971926 115249070
833570243 215735649
833570243 58525902
155153419 215735649
155153419 58525902
166569788 190060230
166569788 52609063
166569788 57491044
166569788 58525902
836611511 58525902
58255603 58525902
77139478 215735649
599246063 58525902
58525902 215735649
836198404 215735649
836198404 58525902
24316329 215735649
24316329 58525902
24316329 16746680
25111809 215735649
747277207 58525902
207069988 58525902
61265272 215735649
61265272 58525902
200042861 58525902
299333224 57491044
299333224 58525902
142729522 58525902
45026609 58525902
152450691 58525902
152930886 16746680
152930886 24829034
152930886 152921944
836611553 58525902
152819764 215735649
152819764 152930886
177041524 215735649
687028044 16746680
687028044 58525902
25295531 215735649
25295531 58525902
58468881 215735649
58468881 58525902
58262991 215735649
58262991 58525902
155420423 215735649
155420423 58525902
52609063 58525902
52609063 166569788
836611656 58525902
152725765 58525902
