571772779 127303013
701008125 127303013
536297896 127303013
229683290 127303013
535996571 127303013
299185135 127303013
836611326 127303013
31489312 127303013
20099357 127303013
393251108 127303013
39354458 127303013
836611853 127303013
449018250 127303013
12481915 127303013
20782584 127303013
319318815 127303013
644414024 127303013
836611807 127303013
68152834 127303013
13919675 127303013
452470023 127303013
182310269 127303013
497213408 127303013
132552104 127303013
155792714 127303013
701079777 127303013
115058272 127303013
149541252 127303013
448986757 127303013
221063573 127303013
176077966 127303013
449662007 127303013
164862208 127303013
505726385 127303013
448085288 127303013
182310132 127303013
72051947 127303013
182204028 127303013
563355559 127303013
578733239 127303013
578733239 332518052
809472966 127303013
299235568 127303013
32401394 127303013
44806705 127303013
299338180 127303013
298806591 127303013
39782443 127303013
299641554 127303013
16822125 127303013
370858705 127303013
29652337 127303013
809488353 127303013
745837750 127303013
299166156 127303013
332518052 127303013
232253076 127303013
232253076 452470023
233381247 127303013
459314390 127303013
21580576 127303013
182370669 127303013
835804867 127303013
579015742 127303013
47273722 127303013
311482684 127303013
299390908 127303013
215861859 127303013
