71744295 215757790
54684925 673176975
54684925 738392332
54684925 694659195
54684925 215757790
54684925 772327954
54684925 58381306
54684925 163543991
54684925 253933660
54684925 29388955
44917336 215757790
268709134 2264440
268709134 215757790
268709134 58381306
268709134 152481665
268709134 58253751
268709134 371024169
58403631 154989892
58403631 58304180
58403631 215757790
349896975 215757790
83255129 9023080
83255129 215757790
13355477 673176975
13355477 2264440
833325093 58381306
152927318 58381306
57648897 215757790
812467752 215757790
147608445 58253751
147608445 215757790
215757790 223859029
215757790 79437490
215757790 522435605
215757790 694659195
215757790 54684925
152485566 215757790
806256269 215757790
421461479 268709134
421461479 349832527
421461479 215757790
421461479 134953912
421461479 58381306
421461479 9023080
421461479 58253751
667710928 215757790
192271018 215757790
152595011 58381306
152595011 9023080
152595011 215757790
509488857 215757790
9023080 43968217
9023080 215757790
9023080 58253751
9023080 2264440
9023080 58381306
9023080 253933660
9023080 58304180
694659195 268709134
694659195 58381306
694659195 215757790
58253751 152502373
58253751 131680370
58253751 2264440
58253751 421461479
58253751 147608445
58253751 756498463
58253751 215757790
58253751 134953912
58253751 9023080
58253751 58381306
58253751 253933660
253933660 58381306
253933660 29388955
253933660 54684925
253933660 421479878
253933660 83255129
253933660 9023080
253933660 58253751
253933660 772327954
253933660 833312002
253933660 509488857
253933660 215757790
581771035 215757790
32897667 215757790
58304180 58253751
58304180 9023080
58304180 253933660
58304180 215757790
522435605 215757790
522435605 421455363
302891242 215757790
833312002 673176975
833312002 215757790
456671946 58381306
834116769 215757790
131680370 215757790
96147679 421455363
96147679 215757790
96147679 58381306
673176975 833312002
673176975 349832527
673176975 268709134
673176975 215757790
673176975 253933660
673176975 58381306
673176975 9023080
673176975 54684925
756498463 58253751
79437490 215757790
80420101 188036105
371024169 29388955
371024169 58381306
371024169 772327954
772327954 421455363
772327954 253933660
772327954 29388955
772327954 58381306
223859029 215757790
152934153 215757790
152934153 43968217
29388955 215757790
29388955 54684925
29388955 421479878
29388955 371024169
29388955 214285306
29388955 9023080
29388955 772327954
29388955 421455363
29388955 58381306
738392332 58381306
738392332 215757790
802181855 215757790
802181855 58381306
2264440 34213398
2264440 268709134
2264440 13355477
2264440 214285306
2264440 58253751
220518041 385833694
34213398 2264440
34213398 215757790
34213398 9023080
34213398 58381306
298838230 215757790
299281853 29388955
299281853 152481665
34125290 215757790
421479878 215757790
421479878 371024169
421479878 772327954
421479878 131680370
421479878 253933660
421479878 29388955
421479878 58381306
421479878 152481665
607645012 215757790
638099077 215757790
214285306 2264440
214285306 29388955
267974902 215757790
152502373 509488857
152502373 215757790
152502373 58253751
43968217 215757790
43968217 152934153
81560885 215757790
179856311 215757790
134953912 215757790
134953912 385833694
134953912 58381306
580913948 215757790
797882830 421455363
797882830 215757790
188036105 80420101
38324887 215757790
38324887 58381306
690059304 215757790
163543991 54684925
163543991 421455363
163543991 58381306
421455363 96147679
421455363 797882830
421455363 215757790
421455363 5467493
421455363 253933660
421455363 29388955
421455363 163543991
421455363 58381306
421455363 772327954
58381306 772327954
58381306 9023080
58381306 215757790
58381306 96147679
58381306 152927318
58381306 152580351
58381306 833325093
58381306 54684925
58381306 131680370
58381306 134953912
58381306 673176975
58381306 58253751
58381306 421455363
58381306 34213398
58381306 163543991
58381306 253933660
58381306 5467493
53289650 694659195
53289650 215757790
5467493 58381306
5467493 215757790
154989892 58403631
154989892 215757790
154989892 58381306
701171311 58381306
152481665 421479878
152481665 268709134
152481665 215757790
152481665 134953912
152481665 456671946
152481665 58253751
152481665 385833694
152481665 253933660
152481665 58381306
124833967 215757790
124833967 29388955
110642812 215757790
98022407 215757790
385833694 134953912
385833694 220518041
385833694 58381306
152580351 58381306
