188330534 153414061
421458263 153414061
833365370 153414061
75858942 153414061
229210195 59722610
229210195 153414061
229210195 167233775
418232869 153414061
153413906 541282526
541282526 153413906
541282526 153414061
23466103 153414061
362902610 153414061
25289712 160245287
25289712 784723468
25289712 153414061
25289712 75880845
167233775 229210195
167233775 784723468
167233775 153414061
160245287 153414061
54296341 252971941
54296341 153414061
472285317 252971941
472285317 153414061
7046522 153414061
377309209 153414061
103554040 153414061
541278895 153414061
445026172 445334698
445026172 153414061
249001165 153414061
784723468 153414061
784723468 167233775
75880845 153414061
75880845 25289712
209980903 153414061
751430796 711399771
711399771 751430796
711399771 153414061
695343481 153414061
81421130 153414061
59722610 153414061
68022712 153414061
252971941 153414061
317134117 153414061
54407937 59722610
54407937 784723468
54407937 153414061
109363152 153414061
445334698 445026172
445334698 153414061
184524393 153414061
345279230 153414061
153414061 445334698
153414061 54407937
153414061 160245287
153414061 711399771
153414061 421458263
153414061 68022712
153414061 472285317
153414061 362902610
153414061 252971941
153414061 209980903
153414061 317134117
153414061 167233775
153414061 784723468
153414061 445026172
153414061 541278895
153414061 541282526
153414061 103554040
153414061 109363152
153414061 23466103
153414061 229210195
153414061 7046522
153414061 184524393
153414061 377309209
153414061 81421130
153414061 59722610
153414061 54296341
153414061 25289712
153414061 75880845
153414061 75858942
