152927318 152833568
152927318 82651776
152927318 32109397
812474355 152833568
23975575 152833568
152833568 152567419
152833568 44759393
152833568 58491761
152833568 152573938
152833568 57650096
152833568 78479492
152833568 82651776
152833568 23975575
152833568 57645810
152833568 152631340
152833568 152727376
152833568 633973345
152833568 152927318
152833568 26977390
152833568 32109397
152833568 45812118
152573938 152833568
58491761 152833568
78479492 152833568
152730723 82651776
32109397 152927318
32109397 152833568
32109397 82651776
32109397 45812118
152631340 152833568
45812118 82651776
45812118 152833568
45812118 23975575
45812118 32109397
45812118 44759393
82651776 32109397
82651776 45812118
57645810 152727376
57645810 44759393
57645810 25617702
57645810 152833568
57650096 25617702
57650096 44759393
57650096 152833568
44759393 57645810
44759393 152727376
44759393 25617702
44759393 57650096
44759393 152833568
44759393 45812118
152727376 57645810
152727376 44759393
152727376 152833568
25617702 57645810
25617702 57650096
25617702 44759393
152567419 152833568
