109264914 357564167
109264914 316344715
109264914 298848686
109264914 60320739
109264914 152929894
109264914 152480763
109264914 57447939
109264914 21402323
109264914 38463131
109264914 12576899
109264914 55054230
109264914 19285426
109264914 92377959
109264914 43723776
131450592 58515865
131450592 19285426
152480763 357564167
152480763 58515865
152480763 57447939
152480763 55054230
152480763 298848587
33171825 55054230
55054230 421529559
55054230 298832379
55054230 21402323
55054230 152477462
55054230 58515865
55054230 152480763
55054230 357564167
55054230 109264914
55054230 34124750
55054230 298849572
55054230 57447939
55054230 97435910
55054230 33171825
55054230 580899604
55054230 92377959
55054230 298848686
55054230 580880357
55054230 48701061
55054230 74188692
134305316 635187436
58350029 357564167
58350029 58515865
58350029 57447939
58350029 152477462
142748592 57447939
295619501 833421877
295619501 152882864
38463131 55054230
38463131 316344715
38463131 109264914
38463131 57447939
38463131 35338465
38463131 298848686
581373622 580880357
152449036 97435910
152449036 58515865
152449036 152480763
11001659 19285426
194006772 57447939
78776129 43723776
580880357 55054230
580880357 57447939
48701061 55054230
48701061 57447939
74188692 57447939
74188692 55054230
152595011 19285426
34124750 57447939
58515865 357564167
58515865 152480763
58515865 58350029
58515865 298848587
58515865 316344715
58515865 78590897
58515865 581373622
58515865 15818306
58515865 57447939
58515865 34124750
58515865 69748230
58515865 152449036
58515865 55054230
58515865 19285426
58515865 298848686
58515865 43723776
58515865 17212193
181213533 10882910
181213533 371024169
298832379 109264914
298832379 58515865
298832379 57447939
298832379 55054230
12576899 109264914
298857546 357564167
69748230 57447939
69748230 58515865
69748230 269419588
69748230 19285426
21402323 109264914
21402323 57447939
21402323 357564167
21402323 55054230
298848686 38463131
298848686 152545808
298848686 55054230
298848686 57447939
298848686 58515865
298848686 78590897
43723776 316344715
43723776 109264914
43723776 78776129
43723776 57447939
43723776 58515865
43723776 357564167
448585157 357564167
92377959 55054230
92377959 357564167
92377959 19285426
92377959 57447939
92377959 10882910
92377959 35338465
92377959 52156808
152602612 57447939
269419588 69748230
269419588 58515865
19285426 357564167
19285426 57447939
19285426 152477462
19285426 58515865
19285426 131450592
19285426 92377959
19285426 17212193
371024169 152480763
199715750 580782581
78590897 357564167
78590897 298848686
60320739 357564167
60320739 109264914
60320739 57447939
833325298 57447939
298849572 55054230
15818306 58515865
635187436 134305316
24333006 57447939
10882910 52156808
10882910 92377959
580899604 109264914
580899604 316344715
580899604 357564167
580899604 58515865
580899604 55054230
580899604 57447939
580899604 92377959
298848587 152477462
298848587 57447939
298848587 78590897
298848587 357564167
298848587 109264914
298848587 58515865
298848587 152480763
421479878 57447939
421479878 152480763
421479878 109264914
421479878 371024169
421479878 580880357
421492765 57447939
52156808 57447939
52156808 10882910
152882864 295619501
152882864 421529559
35338465 316344715
35338465 357564167
35338465 58515865
35338465 152477462
35338465 92377959
223731475 57447939
152929894 357564167
64938055 357564167
316344715 357564167
316344715 58515865
316344715 57447939
316344715 43723776
580782581 199715750
57447939 60320739
57447939 142748592
57447939 109264914
57447939 357564167
57447939 58515865
57447939 298832379
57447939 24333006
57447939 316344715
57447939 58350029
57447939 194006772
57447939 223731475
57447939 21402323
57447939 34124750
57447939 69748230
57447939 52156808
57447939 152477462
57447939 55054230
57447939 19285426
57447939 580899604
57447939 298848686
57447939 580880357
57447939 43723776
57447939 74188692
57447939 17212193
97435910 57447939
97435910 152449036
97435910 55054230
535958540 580880357
535958540 19285426
152477462 298848587
152477462 35338465
152477462 58350029
152477462 57447939
152477462 19285426
152477462 55054230
357564167 109264914
357564167 78590897
357564167 152480763
357564167 58515865
357564167 57447939
357564167 21402323
357564167 55054230
357564167 19285426
132483922 357564167
17212193 19285426
17212193 57447939
17212193 58515865
