421457808 421462329
834565758 123174200
581911846 57770797
148942999 152954725
84266455 57645958
152954725 55018296
152954725 148942999
836611598 520830011
57645958 84266455
57770797 581911846
57770797 268399961
58993678 52452372
28195491 15265317
123174200 834565758
421462329 421457808
268399961 43723776
268399961 57770797
18658915 28195491
18658915 127709632
18658915 43723776
43723776 18658915
43723776 268399961
52452372 58993678
55018296 15265317
55018296 152954725
174146085 15265317
520830011 836611598
