223774134 57651505
58180456 446188090
58180456 58324134
58180456 689108273
58180456 534754318
58180456 534752836
58180456 100862906
58180456 534903466
58180456 94002074
58180456 57651505
58180456 221419658
152809322 152732876
152809322 58324134
152809322 534754318
152809322 833314360
152809322 57465044
152809322 57611202
152809322 94002074
152809322 57651505
152809322 221419658
152809322 28509939
833314360 581847162
833314360 534830359
833314360 152809322
833314360 271767640
833314360 534754318
833314360 581888938
833314360 58180456
833314360 111277716
833314360 833316364
833314360 57649323
833314360 58324134
833314360 57465044
833314360 57611202
833314360 534750678
833314360 57651505
833314360 221419658
833314360 28509939
833314360 833345008
833314360 216071130
581813372 111277716
57611202 534830359
57611202 58324134
57611202 58180456
57611202 111277716
57611202 534754318
57611202 152574393
57611202 271767640
57611202 833314360
57611202 152809322
57611202 57651505
57611202 221419658
57611202 28509939
152573123 152574393
152573123 94002074
152573123 57651505
152573123 28509939
152573123 152876779
833345008 534750678
833345008 833314360
833345008 57651505
152730340 111277716
111277716 152730340
515972749 534830359
515972749 58324134
515972749 57611202
515972749 57651505
515972749 221419658
100862906 534753004
100862906 689108273
100862906 58180456
100862906 57651505
94002074 6353627
94002074 734068415
94002074 444468492
94002074 57649323
94002074 534830359
94002074 58180456
94002074 152574393
94002074 25329372
94002074 689108273
94002074 58167828
94002074 581888938
94002074 58324134
94002074 271767640
94002074 152809322
94002074 833314360
94002074 152573123
94002074 534754318
94002074 833316364
94002074 534750678
94002074 57651505
94002074 221419658
94002074 216071130
94002074 28509939
57408525 534778690
581692257 216071130
581692257 57651505
534825309 12485100
534825309 58324134
534825309 57611202
534825309 28509939
534825309 221419658
534825309 57651505
534825309 94002074
58167828 58324134
58167828 271767640
58167828 100862906
58167828 221419658
58167828 57651505
58167828 94002074
58167828 534750678
298848711 271767640
298848711 57651505
534973164 28509939
581847162 221419658
534754318 152809322
534754318 271767640
534754318 833314360
534754318 58180456
534754318 152574393
534754318 57611202
534754318 94002074
534754318 57651505
534754318 221419658
534754318 28509939
58324134 534753004
58324134 534830359
58324134 152809322
58324134 756530630
58324134 534989335
58324134 534825309
58324134 581556375
58324134 271767640
58324134 534754318
58324134 58180456
58324134 152574393
58324134 58167828
58324134 111277716
58324134 535214895
58324134 515972749
58324134 12485100
58324134 534757261
58324134 833314360
58324134 57465044
58324134 57611202
58324134 54407379
58324134 94002074
58324134 57651505
58324134 221419658
58324134 216071130
58324134 833345008
58324134 28509939
25329372 94002074
25329372 57651505
25329372 833345008
28509939 534973164
28509939 534825309
28509939 534830359
28509939 94002074
28509939 57649323
28509939 221419658
28509939 58324134
28509939 57651505
28509939 534750678
28509939 152574393
28509939 57465044
28509939 833316364
28509939 57611202
28509939 534754318
28509939 152573123
28509939 833314360
28509939 152809322
833349864 57651505
534754048 57651505
734068415 534830359
734068415 221419658
734068415 94002074
54407379 534778690
57651505 446188090
57651505 94002074
57651505 152809322
57651505 534825309
57651505 57611202
57651505 58180456
57651505 534753004
57651505 534754318
57651505 57465044
57651505 57649323
57651505 534750678
57651505 299404404
57651505 271767640
57651505 534752836
57651505 152574393
57651505 152573123
57651505 223774134
57651505 515972749
57651505 534830359
57651505 58324134
57651505 54407379
57651505 534903466
57651505 221419658
57651505 216071130
57651505 28509939
57465044 152809322
57465044 28509939
57465044 57651505
152732876 152809322
152732876 534750678
152574393 152732876
152574393 152573123
152574393 58324134
152574393 534754318
152574393 58167828
152574393 57611202
152574393 94002074
152574393 57651505
152574393 221419658
152574393 28509939
271767640 534753004
271767640 581847162
271767640 534830359
271767640 446188090
271767640 833316364
271767640 58324134
271767640 581728965
271767640 534754318
271767640 833314360
271767640 298848711
271767640 58180456
271767640 58167828
271767640 535214895
271767640 57611202
271767640 534750678
271767640 94002074
271767640 57651505
271767640 221419658
271767640 216071130
57649323 152573123
57649323 534752836
57649323 12485100
57649323 534778690
57649323 833314360
57649323 57611202
57649323 94002074
57649323 57651505
57649323 221419658
57649323 28509939
152876779 152573123
152876779 221419658
535214895 271767640
535214895 534752836
535214895 221419658
535214895 57651505
534750678 543971936
534750678 271767640
534750678 152732876
534750678 833314360
534750678 58167828
534750678 94002074
534750678 57651505
534750678 221419658
534750678 28509939
534750678 833345008
756530630 57651505
581556375 534753004
581556375 534830359
581556375 58324134
446188090 58180456
446188090 57651505
534778690 57408525
534778690 111277716
534778690 833316364
534778690 57649323
534778690 54407379
534778690 57651505
534778690 216071130
689108273 100862906
689108273 58180456
221419658 94002074
221419658 57611202
221419658 534825309
221419658 58324134
221419658 581888938
221419658 58180456
221419658 58167828
221419658 534752836
221419658 152809322
221419658 57649323
221419658 581847162
221419658 57651505
221419658 515972749
221419658 833316364
221419658 534750678
221419658 534754318
221419658 152574393
221419658 271767640
221419658 152573123
221419658 734068415
221419658 535214895
221419658 833314360
221419658 152876779
221419658 216071130
221419658 28509939
543971936 534830359
543971936 534750678
216071130 271767640
216071130 57611202
216071130 58324134
216071130 534778690
216071130 581692257
216071130 833314360
216071130 57651505
216071130 94002074
216071130 221419658
534753004 57651505
581888938 833314360
581888938 94002074
581888938 221419658
534830359 515972749
534830359 734068415
534830359 57611202
534830359 57651505
534830359 28509939
6353627 58167828
6353627 57649323
6353627 94002074
534752836 57649323
534752836 221419658
534752836 57651505
534752836 535214895
534752836 58180456
444468492 57651505
299404404 57651505
833316364 271767640
833316364 534778690
833316364 833314360
833316364 28509939
833316364 221419658
12485100 534825309
12485100 57649323
