833299962 50187102
833299962 81379139
833299962 9023080
833299962 152477462
292371173 16523641
92513774 164374513
92513774 649953964
81379139 456671934
81379139 50187102
81379139 16523641
72471441 9023080
72471441 16523641
58323750 9023080
54317690 65499074
54317690 9023080
649953964 16523641
649953964 20921975
649953964 9023080
649953964 52027603
649953964 211466923
649953964 81823501
649953964 199953180
649953964 58253751
649953964 92513774
34517608 9023080
144832605 50187102
144832605 65499074
144832605 16523641
192392737 9023080
9023080 16523641
9023080 72627264
9023080 211466923
9023080 164374513
9023080 92755083
9023080 65499074
9023080 84590489
9023080 58253751
9023080 833299962
9023080 58323750
298849063 9023080
298849063 58253751
298849063 65499074
298849063 16523641
58253751 69748230
58253751 70108190
58253751 65499074
58253751 199953180
58253751 16523641
58253751 52027603
58253751 9023080
58253751 193398101
421476296 9023080
69748230 16523641
69748230 644826470
69748230 58253751
69748230 9023080
70108190 58253751
152534675 9023080
152534675 65499074
211466923 9023080
456671934 81379139
456671934 16523641
456671934 65499074
84590489 9023080
644826470 52027603
581417704 9023080
65499074 164374513
65499074 16523641
65499074 50187102
65499074 298849063
65499074 144832605
65499074 152534675
65499074 456671934
65499074 58253751
65499074 9023080
65499074 193398101
50187102 144832605
50187102 164374513
50187102 81379139
50187102 16523641
50187102 152477462
50187102 65499074
50187102 9023080
81823501 211466923
193398101 92755083
193398101 58253751
193398101 164374513
193398101 9023080
193398101 65499074
193398101 199953180
193398101 152477462
193398101 50187102
193398101 16523641
193398101 152534675
224327706 9023080
52027603 50187102
52027603 164374513
52027603 16523641
52027603 20921975
52027603 649953964
52027603 9023080
199953180 164374513
199953180 211466923
199953180 16523641
199953180 9023080
199953180 58253751
164374513 52027603
164374513 199953180
164374513 92513774
164374513 50187102
164374513 16523641
164374513 65499074
164374513 58253751
164374513 20921975
164374513 9023080
164374513 193398101
92755083 16523641
92755083 193398101
92755083 9023080
20921975 164374513
72627264 9023080
16523641 81379139
16523641 456671934
16523641 292371173
16523641 298849063
16523641 199953180
16523641 211466923
16523641 50187102
16523641 144832605
16523641 52027603
16523641 164374513
16523641 644826470
16523641 65499074
16523641 92755083
16523641 58253751
16523641 9023080
16523641 72471441
16523641 649953964
16523641 193398101
152477462 833299962
152477462 50187102
152477462 193398101
