45163630 37161669
45163630 251850259
45163630 298850790
45163630 677194216
45163630 57641027
45163630 58315536
45163630 27854104
45163630 58295126
45163630 5581510
45163630 41978159
45163630 205885167
45163630 677281169
45163630 677324477
45163630 356232228
45163630 152685304
45163630 152701920
45163630 57994254
45163630 119869157
45163630 90345751
45163630 677199645
45163630 85765464
45163630 52583613
45163630 5330402
86167732 37161669
5330402 5581510
5330402 45163630
5330402 37161669
5330402 298859026
58295126 45163630
677199645 45163630
5581510 27854104
5581510 37161669
5581510 45163630
5581510 5330402
298859026 5330402
58315536 45163630
421496881 57641027
421496881 677324477
85765464 45163630
677194216 45163630
57641027 421496881
57641027 45163630
298850790 45163630
152701920 45163630
356232228 45163630
57994254 45163630
677324477 421496881
677324477 45163630
27854104 37161669
27854104 5581510
27854104 45163630
677281169 45163630
41978159 45163630
90345751 45163630
37161669 12851564
37161669 4860161
37161669 27854104
37161669 86167732
37161669 5581510
37161669 119869157
37161669 45163630
37161669 5330402
52583613 90345751
52583613 45163630
152685304 45163630
205885167 677324477
205885167 45163630
12851564 37161669
119869157 37161669
119869157 45163630
4860161 37161669
