643786696 136915127
643786696 357564168
643786696 18658915
643786696 50604648
612385840 357564168
152733235 357564168
57647723 50604648
32789107 144975173
32789107 357564168
58064659 357564168
50604648 18658915
50604648 643786696
50604648 57647723
50604648 357564168
18658915 357564168
18658915 643786696
18658915 136915127
18658915 50604648
18658915 52450086
357564168 643786696
357564168 136915127
357564168 58064659
357564168 152733235
357564168 50604648
357564168 52450086
52450086 357564168
52450086 18658915
144975173 32789107
144975173 357564168
136915127 357564168
