83473876 83473873
83473876 83473898
83473876 37408007
145458490 45227967
145458490 124477328
145458490 32088013
210192084 45227967
210192084 152631327
49438778 45227967
58152051 45227967
152701832 45227967
152701832 123312288
152701832 152602229
152701832 32088013
210192104 57646248
210192104 5836264
210192104 152819535
210192104 45227967
152597012 45227967
58493076 45227967
152819535 45227967
152819535 123312288
152819535 152702853
152819535 32088013
582635737 45227967
36658312 582083130
83644657 45227967
50789590 45227967
128754019 135803757
15542180 124007447
15542180 45227967
15542180 57646248
50868242 45227967
50868242 57648585
152602229 152701832
152602229 152657613
152602229 45227967
152602229 152934350
152602229 123312288
152602229 69782141
152602229 58154538
152602229 34623832
152602229 57646248
152602229 84207391
152934350 18343180
152934350 45227967
152934350 123312288
152934350 152602229
152934350 175151717
152934350 57648585
152934350 84207391
85694772 45227967
152855311 45227967
152855311 69782141
152855311 6187950
152899118 45227967
32088013 5836264
32088013 123312288
32088013 34623832
32088013 57646248
32088013 175151717
32088013 580897309
32088013 128754019
32088013 152701832
32088013 152819535
32088013 233345717
32088013 84207391
52573638 45227967
152657234 135803757
152657234 45227967
152622123 45227967
152622123 93075916
5836264 124007447
5836264 123312288
5836264 8040059
5836264 34623832
5836264 64962084
5836264 175151717
5836264 32088013
152700022 45227967
83473873 83473876
83473873 37408007
83473873 83473898
34623832 25749278
34623832 18343180
34623832 152956984
34623832 124007447
34623832 45227967
34623832 123312288
34623832 69782141
34623832 65272682
34623832 152631327
34623832 5836264
34623832 152955605
34623832 152702853
34623832 152602229
34623832 175151717
34623832 32088013
34623832 57648585
34623832 84207391
112053887 45227967
112053887 8040059
58154538 45227967
58154538 93075916
58154538 15542180
58154538 152602229
64962084 45227967
64962084 123312288
64962084 8040059
64962084 5836264
64962084 152620575
64962084 57648585
152844639 152702853
37408007 83473873
37408007 83473876
37408007 83473898
6187950 152855311
6187950 45227967
6187950 8040059
6187950 64962084
175151717 18343180
175151717 34623832
175151717 152934350
175151717 155839307
175151717 45227967
175151717 5836264
175151717 233345717
175151717 32088013
4806761 45227967
4806761 69782141
45227967 152855311
45227967 135803757
45227967 25749278
45227967 123312288
45227967 152631327
45227967 155839307
45227967 34623832
45227967 152899118
45227967 50868242
45227967 52573638
45227967 175151717
152702853 45227967
152702853 123312288
152702853 152819535
152702853 34623832
152702853 152844639
58047198 45227967
58047198 57648585
31603353 152934350
152620575 45227967
152620575 64962084
123312288 152701832
123312288 45227967
123312288 152934350
123312288 8040059
123312288 152819535
123312288 155839307
123312288 34623832
123312288 93075916
123312288 5836264
123312288 129991322
123312288 152702853
123312288 152602229
123312288 64962084
123312288 32088013
123312288 84207391
129991322 45227967
129991322 123312288
83473898 83473873
83473898 83473876
83473898 37408007
25749278 45227967
25749278 34623832
368612888 45227967
152955605 45227967
152955605 34623832
233345717 45227967
233345717 152631327
233345717 175151717
233345717 32088013
135803757 152956984
135803757 128754019
135803757 45227967
135803757 50789590
135803757 152657234
135803757 601614260
18343180 45227967
18343180 152934350
18343180 34623832
18343180 175151717
806234799 124007447
57648585 58047198
57648585 57646248
57648585 152934350
57648585 34623832
57648585 64962084
57648585 50868242
57648585 45227967
57648585 84207391
152815615 45227967
152815615 93075916
152687139 45227967
582418963 45227967
152956984 135803757
152956984 45227967
152956984 180391486
152956984 34623832
152956984 57646248
152956984 84207391
69782141 4806761
69782141 152855311
69782141 124007447
69782141 45227967
69782141 180391486
69782141 34623832
69782141 152602229
69782141 84207391
58018755 45227967
58018755 93075916
601614260 135803757
601614260 45227967
582083130 36658312
124477328 45227967
485304303 45227967
8040059 45227967
8040059 123312288
8040059 6187950
8040059 5836264
8040059 112053887
8040059 64962084
93075916 58018755
93075916 45227967
93075916 123312288
93075916 152815615
93075916 58154538
152631327 45227967
152631327 233345717
152631327 155839307
152631327 34623832
57646248 124007447
57646248 152602229
57646248 49438778
57646248 152956984
57646248 45227967
57646248 155859229
57646248 32088013
57646248 210192104
57646248 57648585
57646248 84207391
152657613 45227967
152657613 152602229
580926226 45227967
155839307 45227967
155839307 123312288
155839307 152631327
155839307 50868242
155839307 175151717
155839307 32088013
65272682 45227967
65272682 34623832
124007447 69782141
124007447 8040059
124007447 34623832
124007447 5836264
124007447 806234799
124007447 57646248
155859229 45227967
180391486 152956984
180391486 45227967
180391486 69782141
152849900 45227967
84207391 152934350
84207391 34623832
84207391 123312288
84207391 69782141
84207391 57648585
84207391 152602229
84207391 152956984
84207391 32088013
84207391 152955605
84207391 57646248
84207391 49438778
