152954099 82643350
152954099 57644575
152954099 50618411
152954099 57647524
152954099 57643711
152954099 145457124
152954099 23736138
152954099 152906315
152954099 126018595
152954099 21450189
152688627 57643711
152688627 57647524
152688627 57649459
152688627 23736138
152688627 57645188
152688627 82643350
152688627 50618411
152688627 18298101
152688627 37451044
152688627 44757294
152688627 21450189
44758329 57645188
44758329 6565588
44758329 82643350
44758329 57643711
44758329 33042769
44758329 57652742
10603822 57643711
10603822 82643350
10603822 33042769
10603822 21450189
33042769 129747590
33042769 582155801
33042769 57646313
33042769 145457124
33042769 18048509
33042769 57647524
33042769 57649459
33042769 57645271
33042769 681578955
33042769 125795883
33042769 152906315
33042769 152882586
33042769 65268986
33042769 57644575
33042769 82643350
33042769 50618411
33042769 359373708
33042769 152571769
33042769 126018595
33042769 18298101
33042769 23736138
33042769 10603822
33042769 58178817
33042769 57847333
33042769 44758329
33042769 152927156
33042769 37451044
33042769 57652742
33042769 57644609
33042769 21450189
33042769 44757294
152432336 145457124
92022966 18048509
92022966 65504587
57652742 152566840
57652742 359373708
57652742 31182412
57652742 152688579
57652742 152527515
57652742 57652570
57652742 24739019
57652742 44759951
57652742 152571769
57652742 145457124
57652742 57645188
57652742 44758329
57652742 57653037
57652742 18298101
57652742 33042769
57652742 37451044
57652742 129983957
57652742 65268986
57652742 57643711
57652742 57644609
57652742 21450189
57652742 44757294
57643711 129747590
57643711 582155801
57643711 57646313
57643711 581639422
57643711 210281852
57643711 152798212
57643711 18048509
57643711 57647524
57643711 24739019
57643711 152527515
57643711 806173043
57643711 128947865
57643711 57649459
57643711 57645271
57643711 23736138
57643711 44759951
57643711 10603822
57643711 634341842
57643711 125795883
57643711 580981087
57643711 210263016
57643711 57647356
57643711 152906315
57643711 152688579
57643711 52541528
57643711 152882586
57643711 57653037
57643711 65268986
57643711 57644575
57643711 57645188
57643711 58380884
57643711 82643350
57643711 58178817
57643711 57847333
57643711 50618411
57643711 152619192
57643711 152688627
57643711 72957586
57643711 359373708
57643711 152731125
57643711 6565588
57643711 57652358
57643711 126018595
57643711 18298101
57643711 152710059
57643711 57652570
57643711 44758329
57643711 31182412
57643711 37451044
57643711 57652742
57643711 152954099
57643711 57644609
57643711 21450189
57643711 44757294
286216923 152619192
152571769 210281852
152571769 57647524
152571769 33042769
152571769 23736138
152571769 65268986
152571769 82643350
152571769 58178817
152571769 6565588
152571769 57652570
152571769 31182412
152571769 57652742
152571769 44757294
152571769 21450189
152571769 57644609
57645271 129747590
57645271 145457124
57645271 581639422
57645271 210281852
57645271 57643711
57645271 57647524
57645271 57649459
57645271 33042769
57645271 23736138
57645271 681578955
57645271 210263016
57645271 57647356
57645271 152906315
57645271 152882586
57645271 65268986
57645271 57644575
57645271 152693236
57645271 57645188
57645271 82643350
57645271 58178817
57645271 57847333
57645271 50618411
57645271 152619192
57645271 152514864
57645271 72957586
57645271 6565588
57645271 18298101
57645271 129983957
57645271 152927156
57645271 225771397
57645271 37451044
57645271 21450189
57645271 44757294
152592182 210281852
152592182 152619192
806173043 145457124
806173043 152573361
806173043 57643711
806173043 152619192
806173043 57652570
806173043 21450189
532359892 50618411
833658472 128947865
152527515 215739219
152527515 582155801
152527515 57646313
152527515 145457124
152527515 581639422
152527515 152573361
152527515 57643711
152527515 44759951
152527515 52541528
152527515 65268986
152527515 57644575
152527515 175162490
152527515 57647356
152527515 57847333
152527515 57652570
152527515 31182412
152527515 57652742
152527515 21450189
52541528 210281852
52541528 57643711
52541528 57647524
52541528 152527515
52541528 23736138
52541528 44759951
52541528 57647356
52541528 57653037
52541528 65268986
52541528 57644575
52541528 82643350
52541528 50618411
52541528 152731125
52541528 57652570
52541528 31182412
52541528 225771397
52541528 21450189
152572640 145457124
152572640 57652570
152572640 21450189
44757294 57647524
44757294 33042769
44757294 57646313
44757294 50618411
44757294 145457124
44757294 152927156
44757294 58178817
44757294 57645188
44757294 57644575
44757294 82643350
44757294 152688627
44757294 6565588
44757294 21450189
44757294 210263016
44757294 37451044
44757294 53977600
44757294 57649459
44757294 152693236
44757294 210281852
44757294 23736138
44757294 152514864
44757294 57643711
44757294 152906315
44757294 57647356
44757294 57645271
44757294 129983957
44757294 65268986
44757294 58380884
44757294 152571769
44757294 57652570
44757294 155828283
44757294 57652742
44757294 44759951
44757294 31182412
359373708 145457124
359373708 57643711
359373708 33042769
359373708 210263016
359373708 57644575
359373708 58405212
359373708 152566840
359373708 57652570
359373708 57652742
215739219 152527515
215739219 57652570
81968445 65504587
499297136 129747590
499297136 44759951
499297136 57652358
499297136 18298101
499297136 21450189
152731125 145457124
152731125 57643711
152731125 57647356
152731125 52541528
152731125 82643350
152731125 581244721
152731125 129983957
152731125 21450189
23736138 581639422
23736138 57643711
23736138 18048509
23736138 57647524
23736138 58025987
23736138 57645271
23736138 44759951
23736138 210263016
23736138 152688579
23736138 65268986
23736138 57644575
23736138 82643350
23736138 152688627
23736138 6565588
23736138 129983957
23736138 152710059
23736138 33042769
23736138 65504587
23736138 145457124
23736138 50618411
23736138 152927156
23736138 31182412
23736138 37451044
23736138 152954099
23736138 21450189
23736138 44757294
210281852 129747590
210281852 57646313
210281852 145457124
210281852 152573361
210281852 57643711
210281852 57647524
210281852 24739019
210281852 57649459
210281852 57645271
210281852 681578955
210281852 57647356
210281852 52541528
210281852 57653037
210281852 65268986
210281852 57644575
210281852 57645188
210281852 82643350
210281852 58178817
210281852 50618411
210281852 152571769
210281852 6565588
210281852 18298101
210281852 152927156
210281852 31182412
210281852 21450189
210281852 44757294
152573361 210281852
152573361 57647524
152573361 152527515
152573361 806173043
152573361 23736138
152573361 44759951
152573361 57653037
152573361 65268986
152573361 57645188
152573361 58405212
152573361 152572640
152573361 57652570
152573361 31182412
152573361 37451044
152573361 57652742
152573361 21450189
152927156 50618411
152927156 57646313
152927156 58178817
152927156 210281852
152927156 57645271
152927156 33042769
152927156 57647524
152927156 18298101
152927156 129983957
152927156 23736138
152927156 129747590
152927156 31182412
152927156 37451044
152927156 44757294
152927156 21450189
152566840 57647524
152566840 44759951
152566840 57647356
152566840 65268986
152566840 57645188
152566840 50618411
152566840 359373708
152566840 18298101
152566840 65504587
152566840 57652570
152566840 31182412
152566840 57652742
152566840 21450189
581244721 23736138
581244721 57645188
581244721 82643350
581244721 50618411
581244721 152731125
581244721 57652570
581244721 21450189
581244721 37451044
152669809 57647524
152669809 57647356
152669809 57644575
152669809 225771397
44759951 129747590
44759951 145457124
44759951 581639422
44759951 152573361
44759951 152798212
44759951 57643711
44759951 57647524
44759951 152527515
44759951 128947865
44759951 58025987
44759951 23736138
44759951 634341842
44759951 57647356
44759951 537096004
44759951 52541528
44759951 581224641
44759951 57653037
44759951 65268986
44759951 57644575
44759951 499297136
44759951 57645188
44759951 58380884
44759951 58405212
44759951 82643350
44759951 57847333
44759951 152566840
44759951 50618411
44759951 72957586
44759951 126018595
44759951 18298101
44759951 216101716
44759951 129983957
44759951 65504587
44759951 57652570
44759951 31182412
44759951 225771397
44759951 37451044
44759951 57652742
44759951 57644609
44759951 21450189
44759951 44757294
57646313 129747590
57646313 582155801
57646313 145457124
57646313 581639422
57646313 210281852
57646313 57643711
57646313 57647524
57646313 152527515
57646313 57649459
57646313 33042769
57646313 57647356
57646313 57653037
57646313 65268986
57646313 57644575
57646313 57645188
57646313 58380884
57646313 82643350
57646313 58178817
57646313 152927156
57646313 31182412
57646313 225771397
57646313 21450189
57646313 44757294
58178817 57646313
58178817 210281852
58178817 57643711
58178817 57647524
58178817 128947865
58178817 57645271
58178817 681578955
58178817 152906315
58178817 65268986
58178817 57644575
58178817 58380884
58178817 82643350
58178817 50618411
58178817 152514864
58178817 129983957
58178817 33042769
58178817 65504587
58178817 152927156
58178817 37451044
58178817 44757294
126018595 92022966
126018595 129747590
126018595 581639422
126018595 57643711
126018595 57647524
126018595 33042769
126018595 23736138
126018595 44759951
126018595 65268986
126018595 57644575
126018595 50618411
126018595 72957586
126018595 6565588
126018595 152954099
126018595 57644609
126018595 21450189
24739019 145457124
24739019 210281852
24739019 57643711
24739019 57647524
24739019 57649459
24739019 57644575
24739019 57645188
24739019 82643350
24739019 50618411
24739019 152619192
152693236 57645271
152693236 65268986
152693236 82643350
152693236 129983957
152693236 57652570
152693236 44757294
152693236 21450189
57652570 145457124
57652570 18298101
57652570 210263016
57652570 806173043
57652570 58405212
57652570 57847333
57652570 359373708
57652570 152527515
57652570 57644575
57652570 152710059
57652570 44759951
57652570 57647524
57652570 152572640
57652570 152619192
57652570 128947865
57652570 152688579
57652570 152573361
57652570 57652358
57652570 65268986
57652570 57649459
57652570 152693236
57652570 152566840
57652570 152571769
57652570 581244721
57652570 57645188
57652570 634341842
57652570 215739219
57652570 52541528
57652570 129747590
57652570 57643711
57652570 57647356
57652570 82643350
57652570 31182412
57652570 225771397
57652570 37451044
57652570 57652742
57652570 152954099
57652570 57644609
57652570 21450189
57652570 44757294
58380884 57646313
58380884 145457124
58380884 57643711
58380884 57647524
58380884 44759951
58380884 57647356
58380884 57653037
58380884 58178817
58380884 50618411
58380884 129983957
58380884 31182412
58380884 225771397
58380884 57652742
58380884 21450189
58380884 44757294
58405212 129747590
58405212 152573361
58405212 24739019
58405212 57649459
58405212 44759951
58405212 10603822
58405212 57647356
58405212 537096004
58405212 152882586
58405212 359373708
58405212 57652570
58405212 21450189
152798212 57643711
152798212 44759951
152798212 18298101
6565588 129747590
6565588 581639422
6565588 210281852
6565588 57643711
6565588 18048509
6565588 57647524
6565588 57645271
6565588 23736138
6565588 681578955
6565588 57644575
6565588 57645188
6565588 57847333
6565588 152514864
6565588 152571769
6565588 126018595
6565588 18298101
6565588 44758329
6565588 37451044
6565588 21450189
6565588 44757294
175162490 152527515
175162490 21450189
634341842 57643711
634341842 44759951
634341842 57652570
582155801 57646313
582155801 57643711
582155801 33042769
582155801 21450189
225771397 152669809
225771397 57652570
225771397 57644575
225771397 44759951
225771397 57653037
225771397 52541528
72957586 57643711
72957586 57645271
72957586 44759951
72957586 57647356
72957586 50618411
72957586 152619192
72957586 126018595
72957586 21450189
57645188 57646313
57645188 145457124
57645188 581639422
57645188 152573361
57645188 210281852
57645188 57643711
57645188 57647524
57645188 24739019
57645188 57645271
57645188 44759951
57645188 210263016
57645188 152688579
57645188 65268986
57645188 57644575
57645188 82643350
57645188 152566840
57645188 50618411
57645188 152688627
57645188 6565588
57645188 581244721
57645188 129983957
57645188 23736138
57645188 57647356
57645188 57847333
57645188 57652570
57645188 44758329
57645188 37451044
57645188 57652742
57645188 21450189
57645188 44757294
57653037 57646313
57653037 145457124
57653037 581639422
57653037 152573361
57653037 210281852
57653037 57643711
57653037 57647524
57653037 44759951
57653037 210263016
57653037 57647356
57653037 152688579
57653037 52541528
57653037 152882586
57653037 581224641
57653037 57644575
57653037 58380884
57653037 50618411
57653037 152514864
57653037 57652358
57653037 31182412
57653037 225771397
57653037 57652742
57653037 57644609
57653037 21450189
128947865 57643711
128947865 23736138
128947865 44759951
128947865 82643350
128947865 58178817
128947865 50618411
128947865 833658472
128947865 57652570
128947865 21450189
128947865 57644609
50618411 92022966
50618411 129747590
50618411 532359892
50618411 581639422
50618411 210281852
50618411 57643711
50618411 57647524
50618411 24739019
50618411 128947865
50618411 58025987
50618411 57649459
50618411 57645271
50618411 33042769
50618411 44759951
50618411 210263016
50618411 57647356
50618411 52541528
50618411 152882586
50618411 57653037
50618411 65268986
50618411 57644575
50618411 57645188
50618411 82643350
50618411 58178817
50618411 57847333
50618411 152566840
50618411 152688627
50618411 152514864
50618411 72957586
50618411 57652358
50618411 126018595
50618411 18298101
50618411 14744722
50618411 581244721
50618411 129983957
50618411 65504587
50618411 152906315
50618411 145457124
50618411 23736138
50618411 152927156
50618411 37451044
50618411 152954099
50618411 21450189
50618411 44757294
129983957 57645271
129983957 23736138
129983957 44759951
129983957 210263016
129983957 57647356
129983957 52541528
129983957 65268986
129983957 152693236
129983957 58380884
129983957 82643350
129983957 50618411
129983957 152731125
129983957 152710059
129983957 65504587
129983957 57652570
129983957 57652742
129983957 21450189
129983957 44757294
93075811 57647524
53977600 57649459
53977600 57647356
53977600 57644575
53977600 44757294
53977600 21450189
129747590 57646313
129747590 210281852
129747590 57643711
129747590 57647524
129747590 57649459
129747590 57645271
129747590 33042769
129747590 44759951
129747590 57647356
129747590 152906315
129747590 57644575
129747590 499297136
129747590 58405212
129747590 82643350
129747590 50618411
129747590 152619192
129747590 6565588
129747590 126018595
129747590 57652570
129747590 152927156
129747590 37451044
57644609 33042769
57644609 44759951
57644609 128947865
57644609 57643711
57644609 145457124
57644609 65504587
57644609 57653037
57644609 31182412
57644609 152571769
57644609 23736138
57644609 37451044
57644609 152514864
57644609 57652570
57644609 57647524
57644609 57847333
57644609 82643350
57644609 21450189
630794949 93075811
21450189 33042769
21450189 23736138
21450189 152514864
21450189 82643350
21450189 210281852
21450189 37451044
21450189 57647524
21450189 57645188
21450189 50618411
21450189 57643711
21450189 57645271
21450189 152906315
21450189 57647356
21450189 581639422
21450189 65268986
21450189 57649459
21450189 57847333
21450189 152882586
21450189 128947865
21450189 57646313
21450189 18298101
21450189 57644575
21450189 152954099
21450189 58405212
21450189 152688627
21450189 52541528
21450189 152731125
21450189 57644609
21450189 57652570
21450189 44759951
21450189 31182412
21450189 806173043
21450189 152527515
21450189 152710059
21450189 65504587
21450189 58380884
21450189 10603822
21450189 152566840
21450189 57653037
21450189 581244721
21450189 155828283
21450189 44757294
57647356 129747590
57647356 57646313
57647356 145457124
57647356 581639422
57647356 210281852
57647356 57643711
57647356 57647524
57647356 57649459
57647356 57645271
57647356 44759951
57647356 210263016
57647356 152688579
57647356 52541528
57647356 152882586
57647356 581209362
57647356 57653037
57647356 65268986
57647356 57644575
57647356 58405212
57647356 82643350
57647356 152566840
57647356 50618411
57647356 72957586
57647356 152731125
57647356 18298101
57647356 53977600
57647356 152527515
57647356 23736138
57647356 57645188
57647356 58178817
57647356 57652570
57647356 31182412
57647356 37451044
57647356 57644609
57647356 21450189
57647356 44757294
152882586 57643711
152882586 57645271
152882586 33042769
152882586 681578955
152882586 57647356
152882586 57653037
152882586 58405212
152882586 50618411
152882586 152514864
152882586 21450189
681578955 145457124
681578955 210281852
681578955 57647524
681578955 57649459
681578955 57645271
681578955 33042769
681578955 152882586
681578955 57644575
681578955 82643350
681578955 58178817
681578955 6565588
681578955 37451044
57652358 57643711
57652358 57647524
57652358 57653037
57652358 499297136
57652358 57847333
57652358 50618411
57652358 57652570
57652358 31182412
57649459 129747590
57649459 57646313
57649459 145457124
57649459 210281852
57649459 57643711
57649459 24739019
57649459 57645271
57649459 33042769
57649459 681578955
57649459 57647356
57649459 57644575
57649459 50618411
57649459 152619192
57649459 152688627
57649459 57652570
57649459 31182412
57649459 37451044
57649459 21450189
57649459 44757294
155828283 145457124
155828283 23736138
155828283 82643350
155828283 31182412
155828283 44757294
155828283 21450189
37451044 82643350
37451044 18048509
37451044 23736138
37451044 129747590
37451044 50618411
37451044 145457124
37451044 65268986
37451044 57647524
37451044 57649459
37451044 681578955
37451044 58178817
37451044 57643711
37451044 152927156
37451044 57645271
37451044 57644575
37451044 57647356
37451044 6565588
37451044 33042769
37451044 581639422
37451044 57847333
37451044 57652570
37451044 44759951
37451044 31182412
37451044 152573361
37451044 57652742
37451044 57644609
37451044 21450189
37451044 44757294
125795883 33042769
125795883 31182412
152514864 57647524
152514864 57645271
152514864 152882586
152514864 57653037
152514864 82643350
152514864 58178817
152514864 37451044
152514864 57644609
152514864 44757294
152514864 21450189
145457124 57646313
145457124 210281852
145457124 57647524
145457124 152432336
145457124 24739019
145457124 152527515
145457124 806173043
145457124 57649459
145457124 57645271
145457124 33042769
145457124 44759951
145457124 681578955
145457124 210263016
145457124 57647356
145457124 537096004
145457124 57653037
145457124 65268986
145457124 57644575
145457124 57645188
145457124 58380884
145457124 82643350
145457124 57847333
145457124 152619192
145457124 359373708
145457124 152731125
145457124 155828283
145457124 18298101
145457124 152572640
145457124 65504587
145457124 23736138
145457124 50618411
145457124 57652570
145457124 31182412
145457124 37451044
145457124 57652742
145457124 152954099
145457124 57644609
145457124 44757294
57647524 129747590
57647524 57646313
57647524 145457124
57647524 152573361
57647524 210281852
57647524 57643711
57647524 18048509
57647524 24739019
57647524 58025987
57647524 57645271
57647524 33042769
57647524 152669809
57647524 23736138
57647524 44759951
57647524 681578955
57647524 57647356
57647524 152906315
57647524 52541528
57647524 57653037
57647524 57644575
57647524 57645188
57647524 58380884
57647524 82643350
57647524 58178817
57647524 57847333
57647524 152566840
57647524 50618411
57647524 152619192
57647524 152688627
57647524 152514864
57647524 152571769
57647524 6565588
57647524 57652358
57647524 126018595
57647524 18298101
57647524 65504587
57647524 57652570
57647524 152927156
57647524 31182412
57647524 37451044
57647524 152954099
57647524 57644609
57647524 21450189
57647524 44757294
216101716 23736138
216101716 44759951
216101716 50618411
216101716 21450189
57847333 145457124
57847333 57643711
57847333 57647524
57847333 57645271
57847333 44759951
57847333 65268986
57847333 57644575
57847333 82643350
57847333 50618411
57847333 6565588
57847333 57652358
57847333 152527515
57847333 33042769
57847333 57645188
57847333 57652570
57847333 21450189
58025987 57647524
58025987 23736138
58025987 44759951
58025987 82643350
58025987 50618411
17847055 82643350
210263016 145457124
210263016 57643711
210263016 57645271
210263016 23736138
210263016 580981087
210263016 57647356
210263016 57653037
210263016 65268986
210263016 57644575
210263016 57645188
210263016 82643350
210263016 50618411
210263016 359373708
210263016 129983957
210263016 57652570
210263016 31182412
210263016 44757294
581224641 44759951
581224641 57647356
581224641 57653037
581224641 31182412
65504587 92022966
65504587 145457124
65504587 57647524
65504587 44759951
65504587 65268986
65504587 57644575
65504587 82643350
65504587 50618411
65504587 23736138
65504587 58178817
65504587 81968445
65504587 57644609
65504587 21450189
152906315 129747590
152906315 57643711
152906315 57647524
152906315 33042769
152906315 82643350
152906315 58178817
152906315 50618411
152906315 152954099
152906315 21450189
152906315 44757294
152688579 57643711
152688579 23736138
152688579 52541528
152688579 57653037
152688579 57644575
152688579 57645188
152688579 82643350
152688579 57652570
152688579 31182412
152688579 21450189
580981087 57643711
580981087 210263016
18298101 145457124
18298101 581639422
18298101 210281852
18298101 152798212
18298101 57643711
18298101 57647524
18298101 57645271
18298101 33042769
18298101 44759951
18298101 57647356
18298101 65268986
18298101 57644575
18298101 499297136
18298101 152566840
18298101 50618411
18298101 152688627
18298101 6565588
18298101 57652570
18298101 152927156
18298101 31182412
18298101 37451044
18298101 57652742
18298101 21450189
537096004 145457124
537096004 44759951
537096004 58405212
18048509 92022966
18048509 57643711
18048509 57647524
18048509 33042769
18048509 23736138
18048509 57644575
18048509 82643350
18048509 37451044
152619192 129747590
152619192 145457124
152619192 57643711
152619192 57647524
152619192 24739019
152619192 806173043
152619192 57649459
152619192 57645271
152619192 10603822
152619192 634341842
152619192 57647356
152619192 52541528
152619192 152592182
152619192 286216923
152619192 65268986
152619192 57644575
152619192 72957586
152619192 175162490
152619192 57652570
152619192 21450189
14744722 82643350
14744722 50618411
581639422 57646313
581639422 57643711
581639422 152527515
581639422 57645271
581639422 23736138
581639422 44759951
581639422 57647356
581639422 57653037
581639422 82643350
581639422 50618411
581639422 6565588
581639422 126018595
581639422 18298101
581639422 37451044
581639422 21450189
82643350 92022966
82643350 129747590
82643350 57646313
82643350 145457124
82643350 581639422
82643350 210281852
82643350 57643711
82643350 18048509
82643350 57647524
82643350 24739019
82643350 128947865
82643350 58025987
82643350 57645271
82643350 33042769
82643350 23736138
82643350 44759951
82643350 10603822
82643350 681578955
82643350 210263016
82643350 57647356
82643350 152906315
82643350 152688579
82643350 57644575
82643350 152693236
82643350 57645188
82643350 58178817
82643350 57847333
82643350 50618411
82643350 152688627
82643350 152514864
82643350 17847055
82643350 152731125
82643350 175162490
82643350 155828283
82643350 14744722
82643350 581244721
82643350 216101716
82643350 129983957
82643350 65504587
82643350 44758329
82643350 31182412
82643350 37451044
82643350 152954099
82643350 21450189
82643350 44757294
31182412 57646313
31182412 58380884
31182412 152527515
31182412 65268986
31182412 52541528
31182412 57653037
31182412 155828283
31182412 57643711
31182412 57644575
31182412 152710059
31182412 152927156
31182412 44759951
31182412 57652570
31182412 581224641
31182412 82643350
31182412 152688579
31182412 152571769
31182412 145457124
31182412 152573361
31182412 18298101
31182412 152566840
31182412 210263016
31182412 57652358
31182412 210281852
31182412 125795883
31182412 57649459
31182412 50618411
31182412 225771397
31182412 37451044
31182412 57652742
31182412 57644609
31182412 21450189
31182412 44757294
57644575 129747590
57644575 57646313
57644575 145457124
57644575 210281852
57644575 57643711
57644575 18048509
57644575 57647524
57644575 24739019
57644575 152527515
57644575 57649459
57644575 57645271
57644575 33042769
57644575 152669809
57644575 23736138
57644575 44759951
57644575 681578955
57644575 210263016
57644575 57647356
57644575 152688579
57644575 52541528
57644575 57653037
57644575 65268986
57644575 57645188
57644575 82643350
57644575 58178817
57644575 57847333
57644575 50618411
57644575 152619192
57644575 359373708
57644575 6565588
57644575 126018595
57644575 18298101
57644575 53977600
57644575 65504587
57644575 57652570
57644575 31182412
57644575 225771397
57644575 37451044
57644575 152954099
57644575 21450189
57644575 44757294
152710059 57643711
152710059 57652570
152710059 31182412
152710059 37451044
152710059 21450189
65268986 57646313
65268986 145457124
65268986 152573361
65268986 210281852
65268986 57643711
65268986 152527515
65268986 57645271
65268986 33042769
65268986 23736138
65268986 44759951
65268986 210263016
65268986 57647356
65268986 152688579
65268986 52541528
65268986 57644575
65268986 152693236
65268986 57645188
65268986 82643350
65268986 58178817
65268986 57847333
65268986 152566840
65268986 50618411
65268986 152619192
65268986 152571769
65268986 126018595
65268986 18298101
65268986 129983957
65268986 65504587
65268986 57652570
65268986 31182412
65268986 37451044
65268986 57652742
65268986 21450189
65268986 44757294
