517092938 92301223
8422428 92301223
164954375 92301223
111324244 92301223
152504832 92301223
129118665 129118663
164606192 92301223
121102535 92301223
251216299 92301223
162022824 92301223
72776279 92301223
527879197 92301223
646760282 92301223
364923239 92301223
40459904 92301223
799859208 92301223
511811594 92301223
152785373 92301223
129118663 129118665
668404518 92301223
192289735 92301223
45640080 92301223
73651999 92301223
217121739 92301223
192259324 92301223
104976254 92301223
139741546 92301223
524277064 92301223
165216500 92301223
164718983 92301223
484735873 92301223
