745872822 127303013
836611496 127303013
833613234 127303013
833390532 298812026
144539254 643934914
144539254 127303013
144539254 5522274
237500126 127303013
155649343 4431601
155649343 127303013
836611739 127303013
364602954 127303013
5522274 383800839
5522274 144539254
614801938 127303013
614801938 129366436
383800839 5522274
448314837 127303013
447985211 127303013
448007755 127303013
129366436 127303013
400281344 127303013
298812026 365777565
298812026 127303013
298812026 833390532
266862817 127303013
2629030 127303013
834346498 127303013
73853856 127303013
58273604 207666872
207316899 127303013
836611773 127303013
226440507 127303013
367041375 127303013
305848132 127303013
298802073 127303013
745827940 127303013
68506615 127303013
58792437 127303013
4431601 127303013
4431601 155649343
747134159 127303013
51818365 127303013
19981633 127303013
364515267 127303013
480081007 127303013
299785337 127303013
301671963 127303013
98725248 127303013
323432963 4431601
317361189 17498696
299539087 127303013
448148558 127303013
278327607 127303013
745796329 127303013
56939153 127303013
17498696 317361189
17498696 127303013
131154162 133940584
299220520 127303013
643934914 144539254
450580785 127303013
15035009 127303013
700994782 127303013
