131118651 31933873
57476851 68001678
167842177 298852325
167842177 61241342
61241342 60286757
61241342 17714499
61241342 534760941
61241342 12143142
17714499 534760941
17714499 61241342
57068867 534760941
2294407 72462300
12143142 72462300
12143142 497851625
12143142 60286757
12143142 61241342
36119626 687027810
36119626 497851625
36119626 5178249
36119626 8105911
36119626 6178600
16344742 497851625
142732022 497851625
20579537 60286757
534879821 61241342
508907095 72462300
508907095 497851625
60286369 5178249
60286369 8105911
149538647 72462300
149538647 228018623
298852325 167842177
214285331 497851625
6178600 497851625
5178249 72462300
5178249 60286369
5178249 497851625
5178249 60286757
5178249 36119626
5178249 130834457
5178249 217232614
154801275 72462300
154801275 497851625
60286757 298829645
228018623 72462300
228018623 497851625
228018623 149538647
8105911 36119626
298829645 60286757
217232614 72462300
217232614 5178249
534757261 61241342
51263144 72462300
534760941 61241342
124316618 72462300
124316618 130834457
124316618 497851625
