39316651 58431863
39316651 32484016
39316651 6352463
421668882 6352463
164019883 6352463
164019883 292001334
57651284 6352463
57228120 152932193
57228120 6352463
421496121 6352463
833297606 6352463
833297606 387171620
836610301 6352463
134020726 6352463
160444402 6352463
208440235 6352463
421522959 6352463
58048312 6352463
183890036 6352463
421464814 6352463
421464814 52450086
387171620 6352463
387171620 833297606
30551304 6352463
152481460 6352463
421462136 421483935
421462136 152932193
421462136 6352463
45240532 6352463
263259853 6352463
421483935 6352463
421483935 421462136
154955261 6352463
421457115 6352463
836610386 6352463
152932193 57228120
152932193 421475393
152932193 421462136
152932193 208440235
152932193 32484016
152932193 6352463
159810856 6352463
56797285 6352463
541446404 6352463
541446404 57635485
127880033 6352463
421480510 6352463
673176975 25391828
673176975 6352463
155090154 6352463
152219573 126593505
65273071 6352463
32484016 152932193
32484016 39316651
16784820 6352463
499861710 6352463
130514763 6352463
421501883 6352463
16274995 6352463
421475393 152932193
421475393 6352463
836611596 6352463
14718270 6352463
152912570 6352463
421682622 6352463
578724461 6352463
26911537 6352463
75091303 152932193
75091303 6352463
29648501 139555048
29648501 58431863
111700625 6352463
31884885 6352463
25391828 6352463
792101849 6352463
57635485 541446404
57635485 6352463
126593505 152219573
126593505 6352463
81378260 6352463
195850709 6352463
52450086 26911537
52450086 421464814
52450086 6352463
27200215 150003312
27200215 6352463
152516566 6352463
263927326 6352463
753919917 6352463
21876230 6352463
74964219 6352463
74964219 9535785
15612553 6352463
139555048 29648501
139555048 257964668
139555048 6352463
281323734 6352463
30258451 6352463
421460052 6352463
9535785 208440235
9535785 74964219
9535785 6352463
54597852 6352463
507356641 6352463
257964668 139555048
257964668 6352463
257964668 26911537
97828582 6352463
97828582 387171620
27489401 6352463
58431863 39316651
58431863 29648501
58431863 6352463
833602904 6352463
529450408 6352463
421527762 6352463
757640992 6352463
