91902241 32314154
30727346 127455640
31792252 32314154
31792252 127455640
129310115 127455640
67730849 68948561
127455640 127415323
127455640 15027373
127455640 15921106
127455640 7993154
127455640 32314154
127455640 68948561
127455640 129310115
141650347 32314154
155876731 32314154
638767793 32314154
128597698 127455640
57361073 32314154
57361073 127455640
12771938 127455640
68948561 15921106
68948561 127455640
417697307 70034777
515333642 32314154
127415323 7993154
15027373 7993154
15027373 127455640
67544125 32314154
166558970 32314154
49923202 68948561
49923202 127455640
455041122 32314154
33673843 32314154
7993154 127415323
7993154 32314154
7993154 127455640
220136776 127455640
545599125 67706250
545599125 127455640
32314154 15921106
32314154 67706250
32314154 7993154
32314154 127455640
70034777 217183859
70034777 127455640
217183859 70034777
15921106 32314154
15921106 127455640
231513889 32314154
132639704 68948561
132639704 67706250
132639704 127455640
49339876 32314154
67706250 15027373
67706250 32314154
67706250 127455640
107819650 32314154
31940924 68948561
31940924 15921106
31940924 32314154
31940924 127455640
129011850 32314154
129011850 127455640
49043666 127415323
49043666 127455640
75988040 127455640
128049227 32314154
156601965 32314154
678943974 127455640
36606440 127455640
57403615 127455640
36011501 127455640
125118929 32314154
51145713 127455640
