8821913 72059450
133803240 207355970
133803240 72059450
133803240 6396810
207355970 133803240
52397746 58422517
421490056 73507307
421490056 45049210
59691113 72059450
26321224 72059450
634841737 72059450
59314211 128909803
59314211 12998804
59314211 72059450
59314211 23627554
59314211 36098081
35450022 58422517
35450022 72059450
35450022 78401358
65646924 72059450
26029562 72059450
577087211 72059450
10021889 17806355
10021889 12998804
10021889 9754283
10021889 72059450
10021889 73507307
72059450 128909803
83916464 72059450
83916464 128909803
32000491 72059450
32000491 6396810
498362337 72059450
30307741 72059450
72473583 52025300
72473583 72059450
72473583 6396810
57467748 128909803
57467748 72059450
73507307 10021889
73507307 211466623
73507307 58422517
29596948 72059450
57453208 72059450
52025300 72473583
36098081 72059450
36098081 57842665
36098081 59314211
445094899 72059450
78401358 72059450
78401358 29596948
78401358 35450022
78401358 20663072
78401358 45049210
78401358 10021889
78401358 316366540
78401358 160278549
78401358 128909803
52447805 72059450
25687657 72059450
9754283 10021889
9754283 59314211
9754283 72059450
9754283 20663072
9754283 6396810
9754283 36098081
2321091 72059450
160278549 58422517
160278549 72059450
5587180 72059450
298855882 72059450
20663072 72059450
12998804 10021889
12998804 59314211
19437015 72059450
77664534 72059450
23627554 72059450
23627554 35148508
17806355 10021889
17806355 72059450
54723591 72059450
57842665 36098081
45049210 2321091
45049210 421490056
45049210 72059450
45049210 131608968
45049210 78401358
10651426 58422517
6396810 58422517
6396810 72473583
6396810 9754283
6396810 35148508
35148508 72059450
35148508 23627554
35148508 6396810
316366540 72059450
128909803 83916464
57963970 72059450
6071931 72059450
211466623 73507307
50653352 72059450
58422517 160278549
58422517 52397746
58422517 35450022
58422517 72059450
58422517 6396810
58422517 73507307
45153601 72059450
