754342966 112933984
421480021 112933984
421480021 152785290
833337964 112933984
833337964 159779067
833337964 47654140
131450592 136595556
131450592 33995121
131450592 112933984
131450592 39335481
421623455 112933984
58403114 806263261
58403114 112933984
58403114 39335481
58403114 89047534
58403114 160503264
834027465 58125327
4615222 112933984
136595587 643004426
163892534 136595556
163892534 112933984
163892534 129606952
39335481 112933984
39335481 52449949
39335481 131450592
39335481 38045047
39335481 33995121
39335481 136595556
39335481 89047534
152785290 129606952
152785290 81420364
152785290 8501755
152785290 806263261
152785290 219750146
152785290 112933984
152785290 421462329
152785290 421480021
806263261 421462329
806263261 34426584
806263261 152785290
152544250 112933984
34426584 806263261
34426584 45542757
47654140 112933984
47654140 159779067
47654140 136595556
47654140 833337964
47654140 833310868
47654140 58017647
47654140 219750146
47654140 58181407
47654140 421462329
792300978 112933984
421479720 112933984
798430189 112933984
316242082 112933984
316242082 8501755
60932552 112933984
60932552 136595556
70588730 152592561
833559648 349408836
833333941 112933984
52448864 112933984
484893586 112933984
58125327 834027465
58125327 135734413
45542757 112933984
45542757 34426584
8501755 38045047
8501755 833310868
8501755 55054340
8501755 33995121
8501755 112933984
421462329 806263261
421462329 112933984
421462329 152785290
421462329 136595556
421462329 47654140
421462329 159779067
28910929 112933984
89047534 22420762
89047534 33995121
89047534 112933984
89047534 39335481
833310868 8501755
833310868 112933984
421515445 112933984
144736723 112933984
144736723 129606952
160503264 58403114
152890844 136595556
152890844 112933984
38045047 8501755
38045047 81420364
38045047 89047534
38045047 136595556
38045047 22420762
38045047 52449949
38045047 33995121
38045047 112933984
38045047 39335481
22284204 136595556
152499399 152592561
317018178 136595556
317018178 112933984
152592561 152499399
152592561 70588730
135734413 58125327
33995121 38045047
33995121 22420762
33995121 8501755
33995121 11681211
33995121 89047534
33995121 112933984
33995121 131450592
33995121 39335481
58020498 112933984
643004426 136595587
643004426 112933984
81420364 38045047
81420364 39335481
58181407 806263261
58181407 58017647
58181407 112933984
155868967 112933984
152812124 136595556
152812124 112933984
11681211 81420364
11681211 33995121
11681211 163543991
159779067 112933984
159779067 833337964
159779067 47654140
159779067 421462329
22420762 38045047
22420762 89047534
22420762 33995121
22420762 58017647
22420762 112933984
24943118 112933984
24943118 136595556
24943118 33995121
24943118 39335481
52449949 38045047
52449949 8501755
52449949 55054340
52449949 89047534
52449949 136595556
52449949 33995121
52449949 58017647
52449949 112933984
52449949 39335481
52063142 112933984
421547038 136595556
55054340 349408836
55054340 52449949
55054340 8501755
55054340 89047534
55054340 58017647
55054340 112933984
219750146 136595556
219750146 58017647
219750146 112933984
136595556 112933984
23131251 112933984
163543991 11681211
680245652 112933984
58017647 55054340
58017647 22420762
58017647 89047534
58017647 112933984
166839079 112933984
349408836 55054340
349408836 833559648
129606952 144736723
129606952 163892534
129606952 136595556
129606952 112933984
129606952 152785290
