152564614 152728206
582372515 152728206
152512953 152728206
152512953 536480551
152505113 152695552
152505113 152728206
152505113 26593475
152505113 155830742
152505113 152576136
152505113 536480551
152505113 315432893
152505113 210282196
152505113 152545033
833493532 152728206
581936375 26593475
581936375 57645471
152524567 152728206
16386141 152728206
16386141 26593475
16386141 6367483
152545082 152728206
582103381 152728206
52583440 152728206
52583440 26593475
52583440 57643274
52583440 580984971
152714819 152728206
152714819 26593475
152714819 57645471
152714819 6367483
758036986 152728206
580984971 57643274
580984971 152728206
580984971 52583440
408983064 152728206
152481460 152728206
155830742 152505113
155830742 152728206
155830742 26593475
155830742 57645471
155830742 57643274
210282196 152505113
210282196 26593475
152545033 152505113
152545033 152728206
152858783 152924889
152858783 57643274
152576136 152505113
152576136 152728206
152576136 126018666
152527447 152728206
152930808 152728206
152656588 152661694
152724568 152728206
152577659 152728206
7225348 152728206
7225348 26593475
7225348 6367483
7225348 57643274
758013547 152728206
152504647 152728206
152878321 152728206
152878321 152602359
152878321 152687139
421474667 152728206
210230656 152728206
210230656 57643274
152929886 152728206
152929886 152602359
152929886 26593475
152929886 57652690
152929886 536480551
152929886 152545082
31015396 44759164
31015396 152728206
31015396 26593475
31015396 6367483
421480451 152728206
152851252 152728206
152673262 44759164
152673262 152728206
152725164 152728206
152787066 152728206
152787066 26593475
152787066 57652690
601721613 152728206
65453097 152728206
315432893 152505113
152512723 152728206
152687139 152728206
67749344 44759164
67749344 152728206
57643274 26593475
57643274 7225348
57643274 210230656
57643274 155830742
57643274 152728206
57643274 152858660
57643274 57645471
57643274 152858783
57643274 57652690
57643274 52583440
57643274 536480551
57643274 580984971
57643274 57651865
26593475 44759164
26593475 152927549
26593475 16386141
26593475 7225348
26593475 152505113
26593475 152728206
26593475 152787066
26593475 581936375
26593475 152919210
26593475 155830742
26593475 31015396
26593475 57645471
26593475 57652690
26593475 126018666
26593475 152929886
26593475 52583440
26593475 152714819
26593475 152924889
26593475 210282196
26593475 6367483
26593475 57643274
26593475 6069604
152728206 152673262
152728206 16386141
152728206 152505113
152728206 26593475
152728206 31015396
152728206 57643274
536480551 152505113
536480551 152728206
536480551 152512953
57645471 44759164
57645471 26593475
57645471 581936375
57645471 155830742
57645471 57652690
57645471 126018666
57645471 152714819
57645471 57643274
152783820 152728206
57651865 57643274
57651865 758013547
152919210 152927549
152919210 26593475
152821758 152728206
152695552 152505113
152695552 152728206
126018666 152728206
126018666 26593475
126018666 57645471
126018666 152576136
126018666 57652690
126018666 152924889
152447758 152728206
6069604 26593475
152450691 152728206
152858660 57643274
152602359 152929886
152602359 152878321
10450862 152728206
44759164 152673262
44759164 152728206
44759164 26593475
44759164 31015396
44759164 57645471
44759164 67749344
152924889 152728206
152924889 152858783
152924889 26593475
152924889 126018666
57652690 152728206
57652690 152787066
57652690 26593475
57652690 57645471
57652690 126018666
57652690 152929886
57652690 57643274
6367483 16386141
6367483 7225348
6367483 26593475
6367483 31015396
6367483 57645471
6367483 152714819
152533121 152728206
152905009 152728206
152661694 152728206
152580351 152728206
