152850491 23515236
152850491 152920189
152850491 131109097
152850491 57987282
152850491 152956811
152840369 131109097
152840369 152956811
833364577 4478351
57452303 57647406
57452303 4478351
57452303 104736899
57452303 49465080
36154907 19185953
36154907 152728063
36154907 131109097
36154907 57987282
36154907 152956811
15321464 4478351
221168476 36895440
221168476 23515236
221168476 57647406
221168476 152728063
221168476 104736899
616842992 831038382
616842992 152728063
616842992 131109097
152920189 152845045
152920189 152850491
152920189 131109097
636360598 131109097
131109097 36895440
131109097 23515236
131109097 57647406
131109097 152845045
131109097 152932299
131109097 19185953
131109097 152728063
131109097 104736899
131109097 36154907
131109097 1802633
131109097 29295870
131109097 57987282
1802633 57647406
1802633 152845045
1802633 137968781
1802633 19185953
1802633 152728063
1802633 152932582
1802633 131109097
1802633 49465080
1802633 57643578
1802633 36895440
1802633 23515236
1802633 104736899
1802633 29295870
1802633 152797451
1802633 57987282
1802633 65473756
1802633 152627882
160292084 131109097
152838822 104736899
152838822 131109097
152838822 29295870
152838822 152797451
65473756 131109097
65473756 1802633
152797451 152571934
152797451 49465080
152797451 152932299
152797451 1802633
152797451 152838822
152797451 149529231
152797451 4478351
152797451 104736899
152797451 41979456
152797451 152932582
152797451 131109097
152797451 152904787
152797451 152812653
45542730 152904787
45542730 104736899
45542730 131109097
45542730 152799723
45542730 49465080
45542730 4478351
45542730 19185953
45542730 29295870
104736899 57647406
104736899 152838822
104736899 221168476
104736899 152728063
104736899 152571934
104736899 152799723
104736899 131109097
104736899 49465080
104736899 23515236
104736899 152932299
104736899 45542730
104736899 152627882
152732683 57647406
152732683 152914981
152732683 4478351
152732683 152932582
152732683 131109097
152732683 57643578
152732683 152627882
57643578 23515236
57643578 57647406
57643578 152845045
57643578 19185953
57643578 152799723
57643578 152732683
57643578 1802633
57643578 131109097
57643578 49465080
57643578 152797451
57643578 152812653
57643578 57987282
152845045 131109097
152845045 57643578
152845045 152956811
57987282 152850491
57987282 152728063
57987282 131109097
57987282 29295870
57987282 149529231
57987282 57643578
57987282 152932582
57987282 1802633
57987282 23515236
57987282 36154907
57987282 49465080
57987282 36895440
57987282 19185953
57987282 41979456
57987282 399871036
57987282 36892903
36895440 57647406
36895440 221168476
36895440 137968781
36895440 152728063
36895440 131109097
36895440 104736899
36895440 1802633
36895440 23515236
36895440 29295870
806256858 57647406
806256858 152914981
806256858 104736899
806256858 131109097
806256858 29295870
806256858 152627882
152571934 57647406
152571934 152932299
152571934 104736899
152571934 152809053
152571934 49465080
152571934 152797451
152932582 23515236
152932582 4478351
152932582 152571934
152932582 1802633
152932582 131109097
152932582 29295870
152932582 152797451
152932582 57987282
4478351 23515236
4478351 57647406
4478351 152845045
4478351 137968781
4478351 152914981
4478351 152932299
4478351 812475523
4478351 152932582
4478351 152809053
4478351 152799723
4478351 49465080
4478351 152809268
4478351 15321464
4478351 152797451
4478351 45542730
4478351 152627882
152932299 57647406
152932299 152845045
152932299 152838822
152932299 137968781
152932299 152914981
152932299 4478351
152932299 812475523
152932299 152728063
152932299 152571934
152932299 131109097
152932299 49465080
152932299 23515236
152932299 104736899
152932299 1802633
152932299 29295870
152932299 152797451
152932299 152812653
152812653 57643578
152812653 152932299
152812653 152797451
152812653 152914981
152812653 57647406
152812653 131109097
152812653 36895440
152812653 137968781
152812653 152809053
152812653 152845045
152812653 29295870
152812653 4478351
152812653 152728063
152812653 1802633
152812653 152799723
57647406 36895440
57647406 152817432
57647406 23515236
57647406 221168476
57647406 41979456
57647406 137968781
57647406 152914981
57647406 152932299
57647406 4478351
57647406 812475523
57647406 19185953
57647406 152728063
57647406 152571934
57647406 104736899
57647406 152809053
57647406 152799723
57647406 152732683
57647406 1802633
57647406 57452303
57647406 806256858
57647406 131109097
57647406 49465080
57647406 57643578
57647406 29295870
57647406 152812653
57647406 152627882
152724814 131109097
19185953 57647406
19185953 36154907
19185953 1802633
19185953 131109097
19185953 57643578
19185953 57987282
19185953 45542730
152815843 131109097
152815843 29295870
152815843 23515236
605173183 131109097
152817432 57647406
152817432 152845045
152817432 137968781
152817432 152914981
152817432 152728063
152817432 104736899
152817432 131109097
152817432 57643578
152627882 23515236
152627882 4478351
152627882 152845045
152627882 131109097
152627882 1802633
152627882 152728063
152627882 137968781
152627882 29295870
152627882 152797451
152627882 152920189
152627882 57647406
152627882 152799723
152627882 152732683
152627882 833386412
152627882 633939723
152627882 104736899
152627882 36154907
29295870 152728063
29295870 57647406
29295870 36895440
29295870 152838822
29295870 41979456
29295870 831038382
29295870 152809268
29295870 131109097
29295870 1802633
29295870 23515236
29295870 152914981
29295870 152812653
29295870 57987282
29295870 45542730
36892903 57987282
152904787 36895440
152904787 152797451
831038382 4478351
831038382 152728063
831038382 104736899
831038382 616842992
831038382 49465080
831038382 29295870
834611591 152797451
152809268 131109097
152809268 29295870
152728063 36895440
152728063 23515236
152728063 57647406
152728063 221168476
152728063 152932299
152728063 104736899
152728063 152799723
152728063 36154907
152728063 1802633
152728063 131109097
152728063 49465080
152728063 29295870
152728063 152812653
152728063 57987282
152728063 152627882
152809053 57647406
152809053 137968781
152809053 4478351
152809053 152571934
152809053 131109097
152809053 49465080
49465080 831038382
49465080 23515236
49465080 57647406
49465080 152914981
49465080 152932299
49465080 4478351
49465080 812475523
49465080 152728063
49465080 152571934
49465080 104736899
49465080 152809053
49465080 152799723
49465080 1802633
49465080 57452303
49465080 131109097
49465080 57643578
49465080 152797451
49465080 57987282
49465080 45542730
49465080 152627882
152882506 131109097
152956811 131109097
152956811 36154907
152956811 104736899
152956811 1802633
152956811 152840369
152956811 29295870
152956811 152845045
152956811 152850491
41979456 57647406
41979456 152728063
41979456 104736899
41979456 131109097
41979456 29295870
41979456 152797451
41979456 57987282
149529231 152845045
149529231 104736899
149529231 131109097
149529231 152797451
149529231 57987282
152799723 23515236
152799723 57647406
152799723 4478351
152799723 152728063
152799723 104736899
152799723 131109097
152799723 49465080
152799723 45542730
152799723 152627882
23515236 57647406
23515236 152845045
23515236 221168476
23515236 137968781
23515236 152728063
23515236 152799723
23515236 131109097
23515236 49465080
23515236 57643578
23515236 152932299
23515236 104736899
23515236 1802633
23515236 36895440
23515236 29295870
23515236 57987282
23515236 152627882
834290017 104736899
834290017 131109097
349628746 131109097
812475523 4478351
812475523 49465080
812475523 131109097
137968781 23515236
137968781 57647406
137968781 4478351
137968781 104736899
137968781 131109097
137968781 29295870
137968781 152797451
137968781 152627882
152914981 152817432
152914981 57647406
152914981 4478351
152914981 152932582
152914981 152732683
152914981 806256858
152914981 131109097
152914981 49465080
152914981 29295870
152914981 152812653
