33549610 6579930
152154120 6579930
152816459 57643292
152816459 6579930
89078003 6579930
534451827 2481606
534451827 37917756
534451827 6579930
152633993 101699854
152633993 57643292
152633993 210268886
152633993 152734977
152633993 67557071
152633993 6579930
58298201 359356370
58298201 6579930
582393326 6579930
152734977 152633993
152734977 6579930
152734977 57645710
152734977 2481606
812519890 6579930
45163565 6579930
834213965 6579930
58035414 6579930
152840286 24572495
152840286 210268886
152840286 67557071
152840286 6579930
152840286 152926799
76346349 6579930
806266657 6579930
2492319 6579930
115793250 6579930
57643292 152633993
57643292 152816459
57643292 210268886
57643292 37917756
57643292 57651703
57643292 67557071
57643292 6579930
57643292 152658969
57643292 57645710
57643292 57605838
57643292 2481606
2481606 6579930
2481606 57645710
2481606 37917756
2481606 152633993
2481606 152955772
2481606 57643292
2481606 210268886
2481606 57644912
2481606 152658969
2481606 152734977
2481606 155855034
2481606 413510016
2481606 581676621
2481606 67557071
2481606 152840286
2481606 57651703
2481606 152890931
2481606 152581492
2481606 152580241
2481606 24572495
2481606 107816358
2481606 534451827
155855034 6579930
599261813 57651703
359356370 58298201
359356370 155880633
359356370 210268886
359356370 57651703
57651703 359356370
57651703 107816358
57651703 57643292
57651703 599261813
57651703 152658969
57651703 57645710
57651703 2481606
57651703 28548915
48495555 6579930
79483698 6579930
152662493 6579930
305773549 6579930
114837199 6579930
24572495 67557071
24572495 6579930
24572495 152840286
24572495 152890931
24572495 2481606
57605838 149164484
57605838 57643292
57605838 152955772
57605838 6579930
57605838 152658969
152889266 6579930
562752 6579930
58009113 6579930
152955772 57605838
152955772 2481606
801409626 6579930
31973997 6579930
189171482 6579930
28548915 57651703
834430700 6579930
152926799 6579930
118963078 6579930
37917756 57643292
37917756 210268886
37917756 6579930
37917756 152658969
37917756 2481606
37917756 534451827
163902706 6579930
413510016 2481606
101699854 152633993
101699854 6579930
152658969 57643292
152658969 37917756
152658969 57651703
152658969 67557071
152658969 6579930
152658969 57645710
152658969 57605838
152658969 2481606
57644912 57645710
57644912 6579930
57644912 2481606
155880633 359356370
155880633 6579930
149164484 6579930
6579930 33549610
152578745 155855034
152578745 6579930
155839234 6579930
152580241 2481606
10939181 6579930
77740734 6579930
57645710 57643292
57645710 210268886
57645710 152734977
57645710 57651703
57645710 67557071
57645710 6579930
57645710 152658969
57645710 812519890
57645710 57644912
57645710 2481606
581676621 6579930
581676621 2481606
695514337 6579930
68003768 6579930
152581492 6579930
152581492 2481606
349480287 6579930
67557071 152633993
67557071 57643292
67557071 24572495
67557071 210268886
67557071 152658969
67557071 57645710
67557071 152840286
67557071 2481606
612550003 6579930
128906666 6579930
836611364 6579930
152890931 24572495
152890931 6579930
152890931 2481606
33158414 6579930
48733113 6579930
603170946 6579930
107816358 57651703
107816358 6579930
107816358 2481606
58170290 6579930
210268886 152633993
210268886 359356370
210268886 57643292
210268886 37917756
210268886 67557071
210268886 57645710
210268886 152840286
210268886 2481606
183935234 6579930
