42152481 152899189
42152481 152845045
42152481 44758877
42152481 175164167
42152481 57645542
152579234 601733059
152579234 57645542
44758877 144697266
44758877 152899189
44758877 152821477
44758877 57650710
44758877 57645542
44758877 42152481
601733059 175164167
601733059 152899189
601733059 152929311
601733059 57650710
601733059 44759369
601733059 57645542
601733059 152955002
601733059 152579234
152920268 57645542
152930953 57645542
152955064 152845045
152955064 152929311
152955064 57650710
152955064 57645542
152684448 57645542
130775715 152906235
130775715 175164167
130775715 152899189
130775715 18875682
130775715 57650710
130775715 44759369
130775715 57645542
130775715 58424335
58424335 57645542
58424335 57650710
58424335 130775715
58424335 152726106
58424335 152899189
152907181 44759369
152907181 57645542
152838713 152845045
152838713 152929311
152838713 580920562
152838713 44759369
152838713 57645542
18875682 130775715
18875682 57645542
152907412 57645542
152955002 57645542
44759369 130775715
44759369 601733059
44759369 144697266
44759369 152929311
44759369 57650710
44759369 152838713
44759369 152940562
44759369 57649555
44759369 57645542
57650710 130775715
57650710 152906235
57650710 175164167
57650710 601733059
57650710 152899189
57650710 152955064
57650710 44758877
57650710 152881097
57650710 152929311
57650710 58159321
57650710 44759369
57650710 57649555
57650710 57645542
57650710 58424335
175164167 130775715
175164167 601733059
175164167 144697266
175164167 152881097
175164167 44759369
175164167 57645542
152620293 57645542
580920562 57645542
152726106 57645542
152726106 58424335
57649555 44759369
57649555 57650710
57649555 57645542
57649555 152955002
152881097 175164167
152881097 152891630
152881097 152899189
152881097 152929311
152881097 580920562
152881097 57650710
152881097 152838713
152881097 44759369
152881097 57645542
152906235 130775715
152906235 175164167
152906235 152899189
152906235 57650710
152906235 57645542
152929311 601733059
152929311 152955064
152929311 152838713
152929311 44759369
152929311 57645542
152940818 152838713
152940818 57645542
152940562 44759369
152940562 57645542
152891630 57645542
152626866 57645542
152603120 57645542
58159321 57650710
58159321 57645542
152692454 152899189
152692454 57645542
152692454 152620293
57645542 144697266
57645542 57650710
57645542 152899189
57645542 601733059
57645542 58159321
57645542 175164167
57645542 152906235
57645542 152920268
57645542 152940818
57645542 130775715
57645542 152955064
57645542 44759369
57645542 152907181
57645542 152929311
57645542 57649555
57645542 44758877
57645542 152821477
57645542 152881097
57645542 18875682
57645542 152891630
57645542 152940562
57645542 152726106
57645542 152620293
57645542 152838713
57645542 152603120
57645542 152626866
57645542 152907412
57645542 58424335
57645542 152930953
57645542 42152481
57645542 152579234
57645542 152955002
152899189 130775715
152899189 175164167
152899189 601733059
152899189 152881097
152899189 57650710
152899189 44759369
152899189 57645542
152899189 58424335
152899189 42152481
152899189 152692454
152821477 44758877
152821477 57645542
144697266 175164167
144697266 44758877
144697266 44759369
144697266 57645542
