61564004 223834788
61564004 6352463
60465411 6352463
56106714 6352463
54684925 134449582
54684925 833305244
54684925 4998125
54684925 73198614
54684925 6352463
767780266 6352463
265041683 6352463
143376369 6352463
143376369 65472803
143376369 28104089
143376369 65504587
143376369 57635485
143376369 7471989
143376369 55815413
58361531 6352463
7471989 13591618
7471989 128948236
7471989 143376369
7471989 6352463
7471989 327023359
7471989 833325697
7471989 84589948
7471989 33644941
7471989 73198614
33213396 6352463
149014369 6352463
80134258 6352463
223834788 61564004
223834788 603176915
223834788 299706351
223834788 421631826
223834788 377281103
223834788 84589948
223834788 6352463
223834788 73198614
298856558 6352463
134449582 6352463
134449582 54684925
183890036 6352463
833325697 7471989
33644941 65472803
33644941 7471989
327023359 6352463
327023359 7471989
83916924 6352463
347140746 6352463
9116942 33741427
9116942 152575211
9116942 6352463
322689177 6352463
45405260 6352463
45240532 6352463
152601722 152575211
421538162 6352463
73198614 7471989
73198614 54684925
73198614 223834788
73198614 5827094
73198614 33741427
73198614 6352463
140224425 6352463
831038655 6352463
5827094 33741427
5827094 37080791
5827094 257964668
5827094 73198614
5827094 6352463
6352463 5827094
603176915 6352463
603176915 223834788
603176915 421474486
58108783 6352463
421457115 223834788
421457115 6352463
30104844 6352463
123993547 6352463
299706351 6352463
299706351 223834788
299706351 73198614
26637667 6352463
3491228 6352463
319459175 6352463
319459175 5827094
37080791 82111943
37080791 5827094
37080791 6352463
377284599 6352463
833305244 6352463
833305244 54684925
152695923 6352463
4998125 65504587
4998125 6352463
4998125 54684925
321744620 6352463
84658292 6352463
65472803 143376369
65472803 121827744
65472803 33644941
223907703 6352463
349589264 6352463
84589948 223834788
84589948 7471989
84589948 6352463
421631826 6352463
421631826 223834788
82111943 6352463
82111943 37080791
57635485 121827744
57635485 143376369
57635485 6352463
421499737 6352463
74586779 6352463
57994202 6352463
57994202 421474486
28104089 143376369
28104089 6352463
103022305 6352463
158174814 6352463
152929062 6352463
26037769 6352463
121827744 6352463
121827744 65472803
121827744 57635485
128948236 7471989
421474486 758043931
421474486 603176915
421474486 6352463
421474486 57994202
50651523 6352463
55815413 143376369
55815413 6352463
758043931 6352463
758043931 421474486
758043931 57635485
13591618 6352463
13591618 7471989
65504587 143376369
65504587 4998125
65504587 6352463
152575211 152601722
152575211 4998125
152575211 9116942
601616401 6352463
257964668 5827094
257964668 6352463
377281103 33741427
377281103 223834788
377281103 6352463
14047489 33741427
14047489 6352463
152477884 6352463
82503615 6352463
126002177 6352463
33741427 14047489
33741427 377281103
33741427 5827094
33741427 9116942
33741427 73198614
421623564 6352463
23545645 6352463
421599256 6352463
348883164 6352463
