421533623 6352463
16365202 7471989
16365202 23403384
16365202 6352463
152677589 6352463
3710046 6352463
7078986 6352463
23403384 6352463
23403384 152633112
421603007 6352463
836611520 6352463
7471989 16365202
7471989 32833134
7471989 58294711
7471989 6352463
7471989 238994527
7471989 72471441
421496044 6352463
238994527 7471989
238994527 609813390
238994527 6352463
31761862 6352463
54530351 189575165
58432198 6352463
354849006 6352463
421469526 6352463
72471441 6352463
8219413 6352463
215910446 6352463
421547256 6352463
97087365 6352463
421537987 6352463
316242082 6352463
61962393 6352463
6352463 17212193
130866818 6352463
141335605 6352463
421581436 6352463
131319893 6352463
225090704 26911537
57605672 6352463
56939802 6352463
421469265 6352463
134122410 6352463
128834989 6352463
132156609 6352463
32833134 7471989
86119983 6352463
56400331 6352463
64920381 6352463
754823551 6352463
216111978 6352463
26911537 6352463
152516057 6352463
60322834 129524028
224313831 6352463
75091303 6352463
52071861 6352463
421480210 6352463
421469769 6352463
57648585 6352463
4909123 6352463
233599989 6352463
129524028 6352463
152580962 6352463
421461794 6352463
166750872 6352463
116151975 6352463
52450086 26911537
52450086 6352463
187079510 6352463
252890755 6352463
95075391 6352463
58294711 609813390
58294711 8219413
58294711 7471989
58294711 238994527
58294711 6352463
34350595 6352463
403617344 6352463
152435799 6352463
8495251 6352463
57607176 6352463
421511080 6352463
68572828 6352463
30920491 6352463
421488023 6352463
68506185 6352463
421466169 6352463
17212193 609813390
17212193 6352463
215860952 6352463
