58139223 58261421
298831228 57653156
298831228 58261421
152500247 57646368
152500247 106988860
152500247 152954041
152500247 58261421
62163866 130004488
62163866 210273803
62163866 53301956
62163866 152567178
62163866 57650146
62163866 252241143
62163866 57653156
62163866 47180236
62163866 359369353
62163866 581639339
62163866 35805666
62163866 175151639
62163866 57646368
62163866 582118097
62163866 145457121
62163866 152524173
62163866 107495963
62163866 57588177
62163866 128947195
62163866 129864298
62163866 21825407
62163866 210199816
62163866 152722343
62163866 58067070
62163866 33399766
62163866 81478232
62163866 7643941
62163866 152784955
62163866 37033869
57650146 53301956
57650146 57645843
57650146 57653156
57650146 152882716
57650146 35805666
57650146 57646368
57650146 128947195
57650146 58261421
57650146 62163866
57650146 210199816
152819370 58261421
155851470 57646368
155851470 58261421
155851470 152722343
57649462 57653156
57649462 57646368
57649462 58261421
57649462 210252412
15470640 252241143
15470640 57646368
15470640 58261421
15470640 81478232
175151639 57653156
175151639 152882716
175151639 58261421
175151639 62163866
175151639 210199816
83119144 210273803
83119144 57646368
83119144 145457121
83119144 185430170
83119144 152937501
83119144 58261421
101697675 57646368
101697675 58261421
101697675 129864298
152729719 152544597
152729719 152937501
152729719 58261421
152729719 210199816
152729719 210262683
57588177 57653156
57588177 58261421
57588177 62163866
57588177 37033869
57446146 130004488
7218947 57646368
7218947 107495963
7218947 152820455
7218947 58261421
7218947 37398638
129864298 39250462
129864298 210273803
129864298 35805666
129864298 57646368
129864298 101697675
129864298 58261421
129864298 21825407
129864298 62163866
129864298 81478232
129864298 37033869
148318263 57646368
210191508 58261421
58261421 130004488
58261421 97137115
58261421 39250462
58261421 210191508
58261421 210273803
58261421 57645843
58261421 57650146
58261421 58424212
58261421 581815727
58261421 7218947
58261421 152933952
58261421 152573272
58261421 152500247
58261421 57653156
58261421 47180236
58261421 82643243
58261421 359369353
58261421 152919306
58261421 581639339
58261421 210187652
58261421 110977657
58261421 58139223
58261421 581216124
58261421 152882716
58261421 15470640
58261421 155851470
58261421 35805666
58261421 175151639
58261421 152602434
58261421 57646368
58261421 581978252
58261421 155820327
58261421 152544597
58261421 582118097
58261421 101697675
58261421 152885080
58261421 92191551
58261421 794877015
58261421 566393420
58261421 106988860
58261421 145457121
58261421 580949364
58261421 101696424
58261421 541473902
58261421 107495963
58261421 152906315
58261421 44758641
58261421 210231349
58261421 152729719
58261421 229001097
58261421 152820455
58261421 210253518
58261421 57588177
58261421 51701245
58261421 83119144
58261421 152954041
58261421 185430170
58261421 152819370
58261421 128947195
58261421 210276477
58261421 152937501
58261421 57649462
58261421 129864298
58261421 21825407
58261421 113659395
58261421 210199816
58261421 210262683
58261421 152722343
58261421 210252412
58261421 581018271
58261421 37398638
58261421 298831228
58261421 152670566
58261421 152927812
58261421 58067070
58261421 129390638
58261421 609010125
58261421 33399766
58261421 81478232
58261421 7643941
58261421 152784955
58261421 152728643
58261421 37033869
37398638 7218947
81478232 129864298
81478232 35805666
81478232 210262683
81478232 152933952
81478232 152954041
81478232 62163866
81478232 152882716
81478232 106988860
81478232 152906315
81478232 57653156
81478232 15470640
81478232 152784955
33399766 210187652
33399766 58261421
33399766 62163866
33399766 21825407
33399766 252241143
33399766 210199816
33399766 145457121
152573272 58261421
152573272 7643941
152573272 152784955
51701245 152919306
51701245 106988860
51701245 58261421
51701245 210199816
130004488 252241143
130004488 101696424
130004488 58261421
130004488 62163866
130004488 57446146
152544597 152729719
152544597 58261421
201044668 57646368
57646368 210273803
57646368 57650146
57646368 58424212
57646368 252241143
57646368 7218947
57646368 152933952
57646368 152500247
57646368 57653156
57646368 47180236
57646368 210187652
57646368 58089726
57646368 152882716
57646368 15470640
57646368 155851470
57646368 148318263
57646368 582118097
57646368 101697675
57646368 92191551
57646368 106988860
57646368 145457121
57646368 101696424
57646368 107495963
57646368 44758641
57646368 210231349
57646368 152820455
57646368 210253518
57646368 83119144
57646368 152954041
57646368 185430170
57646368 128947195
57646368 210276477
57646368 57649462
57646368 58261421
57646368 129864298
57646368 21825407
57646368 113659395
57646368 62163866
57646368 210199816
57646368 210262683
57646368 152722343
57646368 37398638
57646368 152927812
57646368 58067070
57646368 152906315
57646368 7643941
57646368 152784955
57646368 37033869
580949364 58261421
359369353 57653156
359369353 152885080
359369353 58261421
359369353 62163866
145457121 57645843
145457121 57653156
145457121 57646368
145457121 106988860
145457121 83119144
145457121 58261421
145457121 62163866
145457121 33399766
145457121 37033869
152820455 7218947
152820455 57646368
152820455 148318263
152820455 101697675
152820455 58261421
152820455 21825407
152820455 7643941
37033869 128947195
37033869 57588177
37033869 210273803
37033869 252241143
37033869 97137115
37033869 58261421
37033869 152954041
37033869 152927812
37033869 152933952
37033869 82643243
37033869 152722343
37033869 57653156
37033869 62163866
37033869 57646368
37033869 145457121
37033869 129864298
37033869 44758641
37033869 107495963
37033869 58424212
37033869 152784955
57645843 57650146
57645843 145457121
57645843 58261421
581978252 210231349
581978252 58261421
210199816 57650146
210199816 175151639
210199816 57646368
210199816 107495963
210199816 152729719
210199816 58261421
210199816 62163866
210199816 152722343
210199816 51701245
210199816 33399766
152937501 152729719
152937501 83119144
152937501 58261421
152937501 152687558
152937501 58067070
152784955 106988860
152784955 57646368
152784955 58261421
152784955 57653156
152784955 81478232
210262683 252241143
210262683 82643243
210262683 57646368
210262683 152729719
210262683 58261421
210262683 210252412
210262683 129390638
210262683 81478232
58424212 152567178
58424212 57653156
58424212 57646368
58424212 128947195
58424212 58261421
58424212 37033869
581639339 57653156
581639339 58261421
581639339 62163866
97137115 58261421
229001097 58261421
47180236 57646368
47180236 58261421
47180236 62163866
110977657 152933952
110977657 35805666
110977657 106988860
110977657 185430170
110977657 58261421
152882716 57650146
152882716 57653156
152882716 175151639
152882716 57646368
152882716 107495963
152882716 210231349
152882716 58261421
152882716 113659395
152882716 81478232
582118097 210187652
582118097 57646368
582118097 58261421
582118097 62163866
582118097 37033869
82643243 152933952
82643243 57653156
82643243 106988860
82643243 58261421
82643243 210262683
82643243 152927812
82643243 152784955
82643243 37033869
152954041 130004488
152954041 97137115
152954041 210273803
152954041 58261421
152954041 81478232
152954041 37033869
35805666 39250462
35805666 210273803
35805666 53301956
35805666 57653156
35805666 110977657
35805666 101697675
35805666 92191551
35805666 101696424
35805666 83119144
35805666 58261421
35805666 129864298
35805666 62163866
35805666 81478232
35805666 37033869
152567178 58424212
152567178 62163866
128947195 57650146
128947195 58424212
128947195 57653156
128947195 57646368
128947195 58261421
128947195 62163866
128947195 37033869
44758641 210273803
44758641 252241143
44758641 57646368
44758641 58261421
44758641 152927812
44758641 37033869
210273803 57653156
210273803 35805666
210273803 57646368
210273803 106988860
210273803 44758641
210273803 83119144
210273803 152954041
210273803 185430170
210273803 58261421
210273803 129864298
210273803 62163866
210273803 152927812
210273803 37033869
581018271 58261421
152728643 152602434
152728643 58261421
57653156 210273803
57653156 53301956
57653156 57650146
57653156 58424212
57653156 581815727
57653156 252241143
57653156 152933952
57653156 82643243
57653156 359369353
57653156 152919306
57653156 581639339
57653156 210187652
57653156 152882716
57653156 35805666
57653156 175151639
57653156 57646368
57653156 152885080
57653156 106988860
57653156 145457121
57653156 107495963
57653156 152906315
57653156 57588177
57653156 152954041
57653156 128947195
57653156 210276477
57653156 57649462
57653156 58261421
57653156 62163866
57653156 152722343
57653156 175181819
57653156 210252412
57653156 37398638
57653156 298831228
57653156 152927812
57653156 81478232
57653156 7643941
57653156 152784955
57653156 37033869
21825407 57646368
21825407 152820455
21825407 58261421
21825407 129864298
21825407 62163866
101696424 130004488
101696424 35805666
101696424 57646368
101696424 58261421
58067070 152933952
58067070 581216124
58067070 57646368
58067070 152937501
58067070 58261421
58067070 62163866
152687558 152937501
210276477 57653156
210276477 57646368
210276477 58261421
210252412 57653156
210252412 210276477
210252412 57649462
210252412 58261421
210252412 210262683
210252412 152927812
107495963 7218947
107495963 57653156
107495963 210187652
107495963 152882716
107495963 57646368
107495963 185430170
107495963 58261421
107495963 62163866
107495963 210199816
107495963 152722343
107495963 37033869
210231349 152882716
210231349 57646368
210231349 581978252
210231349 58261421
581216124 58261421
581216124 58067070
92191551 35805666
92191551 57646368
185430170 210273803
185430170 210187652
185430170 110977657
185430170 57646368
185430170 107495963
185430170 83119144
185430170 152937501
185430170 58261421
185430170 37398638
185430170 152784955
7643941 57646368
7643941 57653156
7643941 62163866
7643941 58261421
7643941 152820455
7643941 152573272
581815727 58261421
155820327 58261421
152885080 57653156
152885080 359369353
152885080 106988860
152885080 58261421
152885080 21825407
129390638 58261421
129390638 210262683
252241143 130004488
252241143 57653156
252241143 15470640
252241143 57646368
252241143 44758641
252241143 62163866
252241143 210262683
252241143 33399766
252241143 37033869
152927812 210273803
152927812 57653156
152927812 82643243
152927812 57646368
152927812 106988860
152927812 44758641
152927812 58261421
152927812 175181819
152927812 210252412
152927812 37033869
106988860 210273803
106988860 152500247
106988860 57653156
106988860 82643243
106988860 110977657
106988860 57646368
106988860 152885080
106988860 145457121
106988860 51701245
106988860 58261421
106988860 152927812
106988860 81478232
106988860 152784955
210253518 57646368
210253518 58261421
609010125 58261421
152524173 62163866
175181819 57653156
175181819 152927812
53301956 57650146
53301956 57653156
53301956 35805666
53301956 62163866
152722343 57653156
152722343 155851470
152722343 57646368
152722343 581660295
152722343 107495963
152722343 58261421
152722343 62163866
152722343 210199816
152722343 37033869
152906315 57653156
152906315 58261421
152906315 57646368
152906315 81478232
581660295 152722343
581660295 152784955
566393420 58261421
210187652 57653156
210187652 152919306
210187652 57646368
210187652 582118097
210187652 107495963
210187652 185430170
210187652 58261421
167861089 58261421
152602434 58261421
152602434 152784955
152602434 152728643
58089726 57646368
58089726 58261421
113659395 152882716
113659395 57646368
113659395 58261421
794877015 58261421
152933952 39250462
152933952 82643243
152933952 110977657
152933952 57646368
152933952 107495963
152933952 58261421
152933952 21825407
152933952 58067070
152933952 81478232
152933952 37033869
152919306 57653156
152919306 210187652
152919306 51701245
152919306 58261421
