152435925 152565791
152435925 152595612
17707485 152565791
17707485 99951091
17707485 65292021
17707485 45544676
17707485 152934701
17707485 85054664
17707485 152920207
17707485 152898817
17707485 73519675
17707485 152913550
17707485 7824865
17707485 152678937
17707485 57650402
17707485 152934239
17707485 152595612
17707485 52389297
17707485 152681479
17707485 152905428
17707485 57646389
17707485 581012470
17707485 152728193
17707485 152730048
152927549 52389297
152927549 32972680
152927549 152595612
26856199 152595612
99951091 45544676
99951091 152657736
99951091 72579659
152681479 152565791
152681479 152678937
152681479 57650402
152681479 812513059
152681479 32972680
152681479 152595612
152681479 17707485
152681479 152920585
152681479 152930342
152431961 57650402
152431961 58155010
152431961 152820862
152431961 812513059
152431961 138143515
152431961 152630110
152431961 152595612
73519675 152898817
73519675 152595612
73519675 17707485
152929155 137716554
152929155 152657736
152929155 152911990
152929155 152934239
152929155 152930342
152546064 152595612
152546064 152885239
152546064 152692584
298830478 152595612
152619382 152595612
152604062 57650402
152604062 152595612
210192588 152678937
210192588 152924113
210192588 152913599
210192588 152595612
210192588 566552607
210192588 152930342
152913550 152565791
152913550 6698466
152913550 57650402
152913550 152820862
152913550 812513059
152913550 65292021
152913550 152595612
152913550 152920293
152913550 17707485
152920207 32555912
152920207 152728193
152920207 57650402
152920207 152924113
152920207 152905428
152920207 152595612
152920207 17707485
72579659 152920585
72579659 137716554
72579659 152930978
72579659 152930774
72579659 49465080
72579659 14534056
72579659 152911990
72579659 99951091
72579659 152595612
581807996 152819000
45223053 152520008
45223053 152595612
152657736 45544676
152657736 137716554
152657736 99951091
152657736 152728193
152657736 65292021
152657736 54426765
152657736 152905428
152657736 152929155
152657736 49465080
152657736 152913599
152657736 152920585
152657736 152930342
152541391 152595612
93075758 57650402
93075758 152595612
152725195 152595612
32972680 152565791
32972680 152927549
32972680 14534056
32972680 57650402
32972680 152681479
32972680 152595612
65292021 57650402
65292021 152595612
65292021 17707485
152725564 137716554
152725564 57650402
32555912 85054664
32555912 52389297
32555912 6698466
32555912 7824865
32555912 152595612
32555912 57646389
138143515 32977667
138143515 152926799
138143515 152595612
52389297 152565791
52389297 152927549
52389297 14534056
52389297 57650402
52389297 152595612
52389297 17707485
58155010 152595612
45544676 137716554
45544676 99951091
45544676 6698466
45544676 152657736
45544676 32977667
45544676 57650432
45544676 138143515
45544676 152924113
45544676 152595612
45544676 44759586
45544676 17707485
152846015 152565791
152846015 152595612
32977667 45544676
32977667 57650402
32977667 138143515
137716554 45544676
137716554 99951091
137716554 6698466
137716554 57650402
137716554 152657736
137716554 152595612
137716554 152920293
137716554 152929155
137716554 17707485
137716554 72579659
152565791 152913550
152565791 137716554
152565791 52389297
152565791 152728193
152565791 152541391
152565791 6698466
152565791 57650402
152565791 152846015
152565791 152435925
152565791 32972680
152565791 152681479
152565791 152926799
152565791 152846139
152565791 152595612
152565791 152935066
152565791 758047932
152565791 152692584
57650432 45544676
57650432 152678937
57650432 14534056
57650432 49465080
57650432 152692584
152924113 45544676
152924113 57650402
152924113 152595612
152885239 152846139
57646389 152905428
57646389 152595612
57646389 49465080
57646389 54426765
57646389 152913599
57646389 152520008
57646389 17707485
57646389 152920585
57646389 72579659
85054664 7824865
152727920 57650402
152727920 152595612
14534056 57650402
14534056 152846015
14534056 57650432
14534056 152820862
14534056 32972680
14534056 210192588
14534056 72579659
580906752 6698466
580906752 57650402
580906752 7824865
580906752 152595612
580906752 152692584
152911990 152595612
152934701 152595612
152934701 152920293
152934701 17707485
152595130 6698466
152595130 812513059
152512604 152725195
152512604 152595612
152512604 298830478
152728193 6698466
152728193 152657736
152728193 152920207
152728193 152934239
152728193 152595612
152728193 152914135
152728193 17707485
58102391 152595612
152930978 7824865
152930978 57650402
152930978 152595612
152930978 72579659
152679809 152595612
152694620 152595612
152480680 54426765
152480680 152885239
152480680 152595612
152926799 57650402
152926799 152595612
149528759 152595612
54426765 6698466
54426765 57650402
54426765 152657736
54426765 152920207
54426765 152926799
54426765 152934239
54426765 152595612
54426765 49465080
54426765 57646389
54426765 152678937
54426765 152480680
54426765 152920022
152595612 152913550
152595612 152930774
152595612 45544676
152595612 57646389
152595612 152565791
152595612 137716554
152595612 152725195
152595612 152678937
152595612 73519675
152595612 152710253
152595612 152728193
152595612 152541391
152595612 566552607
152595612 6698466
152595612 57650402
152595612 152920207
152595612 58102391
152595612 152846015
152595612 152817238
152595612 152593604
152595612 152435925
152595612 58155010
152595612 152656588
152595612 152820862
152595612 32972680
152595612 152712284
152595612 152619382
152595612 152911990
152595612 138143515
152595612 152924113
152595612 152630110
152595612 152681479
152595612 152431961
152595612 152926799
152595612 54426765
152595612 152934239
152595612 152694620
152595612 49465080
152595612 152602246
152595612 149528759
152595612 152819000
152595612 152677552
152595612 152930978
152595612 152520008
152595612 17707485
152595612 152920585
152595612 152920022
152595612 152730048
152595612 72579659
152595612 152930342
152920585 152657736
152920585 152924113
152920585 152678937
152920585 152595612
152920585 57650402
152920585 49465080
152920585 57646389
152920585 152920207
152920585 72579659
152905428 57646389
152905428 152657736
152905428 152595612
152905428 152913599
152905428 17707485
152564636 57646389
152564636 152595612
152846139 152565791
152846139 137716554
152846139 57650402
152846139 152595612
152846139 152913599
152846139 17707485
152846139 152885239
152846139 152692584
6698466 45544676
6698466 152565791
6698466 137716554
6698466 152678937
6698466 580906752
6698466 152595130
6698466 152728193
6698466 58147688
6698466 152712284
6698466 54426765
6698466 152595612
6698466 152677552
152712284 6698466
152712284 57650402
152712284 152595612
58147688 6698466
58147688 152595612
581012470 17707485
57650402 152913550
57650402 152727920
57650402 52572044
57650402 137716554
57650402 152678937
57650402 52389297
57650402 14534056
57650402 93075758
57650402 152920207
57650402 32977667
57650402 32972680
57650402 152924113
57650402 65292021
57650402 152681479
57650402 152604062
57650402 152431961
57650402 152926799
57650402 54426765
57650402 152846139
57650402 152595612
57650402 44759586
57650402 152914135
57650402 152930978
57650402 17707485
57650402 152920585
57650402 152920022
57650402 152930342
152898569 152595612
152934239 152728193
152934239 54426765
152934239 152595612
152934239 152920293
152934239 152929155
152934239 17707485
152817238 152595612
152913599 57646389
152913599 152846139
152913599 49465080
152913599 152657736
152913599 152595612
152913599 152905428
152913599 210192588
152730048 152595612
44759586 45544676
44759586 57650402
44759586 152595612
44759586 152692584
152920022 54426765
152920022 581012470
152920022 57650402
152920022 152595612
49465080 57646389
49465080 152657736
49465080 57650432
49465080 54426765
49465080 152595612
49465080 152602246
49465080 152913599
49465080 152920585
49465080 72579659
152920293 152913550
152920293 137716554
152920293 7824865
152920293 152934239
152920293 152934701
152593604 152595612
152678937 566552607
152678937 6698466
152678937 57650402
152678937 57650432
152678937 812513059
152678937 152681479
152678937 152926799
152678937 152595612
152678937 54426765
152678937 210192588
152678937 152920585
152678937 152930342
152930342 152929155
152930342 152657736
152930342 210192588
152930342 152681479
152930342 152595612
152930342 152602246
152930342 57650402
152930342 152692584
152930342 152678937
758047932 152595612
152935066 152565791
152935066 152595612
152692584 57650432
152692584 44759586
152692584 152595612
152692584 152565791
152692584 152930342
152677552 152817238
152677552 57650402
152677552 152595612
152677552 152926799
152677552 6698466
152602246 152725195
152602246 566552607
152602246 152595612
152602246 49465080
152602246 152930342
152930774 7824865
152930774 152595612
152930774 72579659
152630110 152595612
57611186 152913550
57611186 152593604
57611186 152885239
152820862 152913550
152820862 14534056
152820862 152595612
152710253 152595612
152819000 152595612
152819000 152630110
7824865 85054664
7824865 152930774
7824865 580906752
7824865 32555912
7824865 152905428
7824865 152595612
7824865 152920293
7824865 152930978
7824865 17707485
152898817 152595612
152898817 152913599
152898817 17707485
152914135 152728193
152914135 57650402
152914135 152595612
566552607 152595612
52572044 57650402
52572044 152595612
