58163919 45163545
45163545 152620329
45163545 58163919
45163545 13360717
45163545 107195074
45163545 54362560
45163545 57648628
45163545 58081360
152678887 494155409
152678887 152815885
152678887 132787294
152678887 526773017
152678887 24800689
152678887 152812653
152678887 58352237
24800689 152678887
152815959 57648628
54362560 45163545
54362560 58081360
152815885 152678887
298848686 57648628
298848686 13360717
58017086 58352237
58017086 57648628
57650201 58352237
57650201 57648628
152812653 152678887
152812653 58352237
158186551 13360717
158186551 57648628
57648628 152815959
57648628 158186551
57648628 58352237
57648628 57650201
57648628 152926076
57648628 45163545
57648628 13360717
57648628 107195074
57648628 526773017
57648628 298848686
13360717 158186551
13360717 45163545
13360717 57648628
13360717 298848686
58156577 107195074
152926076 57648628
58081360 54362560
58081360 57648628
58081360 45163545
58352237 152678887
58352237 57650201
58352237 152812653
58352237 57648628
58352237 58017086
107195074 45163545
107195074 57648628
107195074 58156577
494155409 152678887
132787294 152678887
526773017 57648628
526773017 152678887
