650311336 27718376
113653937 828447856
113653937 82127255
113653937 34190360
113653937 208535296
113653937 189496096
113653937 9596966
113653937 644826470
113653937 685587122
113653937 152934159
113653937 164448589
113653937 97137345
70100018 298839213
70100018 81378238
70100018 152572326
70100018 34190360
70100018 189496096
70100018 26074982
70100018 57611444
45487487 305150797
45487487 189496096
45487487 60897001
634944780 189496096
57486390 82127255
57486390 16523641
57486390 57856221
57486390 25922551
57486390 9023080
57486390 149545979
19589199 73198614
27658103 189496096
298850589 189496096
298850589 16523641
9596966 57856221
9596966 82127255
9596966 298849623
9596966 81378238
9596966 35338465
9596966 189496096
9596966 113653937
9596966 16523641
9596966 152524594
9596966 316536857
9596966 25373951
9596966 73198614
57768910 189496096
57768910 45512531
58331051 189496096
152808656 189496096
25922551 57486390
25922551 9596966
25922551 149545979
25922551 82127255
25922551 25373951
25922551 57856221
25922551 9023080
16944767 316536857
16944767 57856221
16944767 16523641
16944767 254993545
16944767 189496096
16944767 152934159
57856221 35338465
57856221 58035238
57856221 16523641
57856221 82127255
57856221 9596966
57856221 60897001
57856221 316536857
57856221 25373951
57856221 73198614
57856221 97137345
27891544 152934159
27891544 9023080
23178845 82127255
23178845 34190360
23178845 16523641
23178845 9023080
152800827 152572326
152800827 81378238
152800827 298839213
81378238 152800827
81378238 189496096
149545979 16523641
149545979 45512531
149545979 57486390
149545979 189496096
149545979 326864407
149545979 25922551
149545979 73198614
149545979 25373951
421523272 189496096
73198614 16523641
73198614 25373951
73198614 26285018
73198614 189496096
73198614 152934159
73198614 69748230
73198614 81378238
73198614 57856221
73198614 421553287
73198614 45512531
73198614 644826470
73198614 164448589
73198614 82127255
73198614 298849623
73198614 305150797
73198614 34190360
73198614 9023080
73198614 19589199
73198614 152596656
48701061 60897001
48701061 16523641
48701061 189496096
48701061 58416563
48701061 73198614
152524594 305150797
9023080 16523641
9023080 189496096
9023080 27891544
9023080 27718376
9023080 113653937
9023080 23178845
9023080 34190360
9023080 152934159
9023080 305150797
9023080 73198614
9023080 97137345
298849623 73198614
298849623 316536857
298849623 9596966
298849623 35338465
164448589 113653937
164448589 189496096
164448589 152934159
164448589 73198614
164448589 97137345
152596656 167800148
152596656 152595107
152596656 45512531
152596656 9023080
152596656 73198614
152596656 97137345
152572326 70100018
152572326 152800827
152572326 189496096
152572326 45512531
69748230 152524594
69748230 157788967
69748230 81378238
69748230 189496096
69748230 16523641
69748230 644826470
69748230 65314767
69748230 9023080
69748230 73198614
192305194 16944767
192305194 16523641
192305194 189496096
128417217 189496096
82127255 60897001
82127255 25373951
82127255 73198614
421553287 73198614
421553287 60897001
421553287 189496096
60897001 35338465
60897001 45487487
60897001 16523641
60897001 57856221
60897001 421553287
60897001 157788967
60897001 82127255
60897001 208535296
60897001 189496096
60897001 167800148
60897001 9023080
60897001 48701061
60897001 97137345
60897001 298838230
316536857 16944767
316536857 57856221
316536857 298849623
316536857 9596966
316536857 16523641
316536857 189496096
316536857 45512531
316536857 9023080
152735775 152524594
152735775 35937842
152735775 70100018
152735775 152572326
304730667 189496096
644826470 82127255
788089310 45512531
788089310 189496096
581417704 581416551
581417704 97137345
581417704 9023080
581417704 152934159
152595107 189496096
152595107 254993545
152595107 35338465
157788967 60897001
157788967 69748230
199643572 189496096
199643572 16523641
421475393 45512531
84143885 199643572
84143885 189496096
27718376 57477882
27718376 650311336
27718376 16523641
27718376 9023080
58035238 189496096
58035238 16523641
58035238 57856221
57611444 152800827
57611444 189496096
298838230 60897001
298838230 97137345
58414448 189496096
189496096 113653937
189496096 70100018
189496096 58035238
189496096 421523272
189496096 34190360
189496096 152933908
189496096 298833916
189496096 634944780
189496096 421546876
189496096 298829645
189496096 57768910
189496096 58331051
189496096 57477882
189496096 581416551
189496096 152808656
189496096 199643572
189496096 58414448
189496096 152595107
189496096 80397872
189496096 84143885
189496096 81378238
189496096 152572326
189496096 24462029
189496096 298850589
189496096 304730667
189496096 298839213
189496096 128417217
189496096 192305194
189496096 35338465
189496096 27658103
189496096 26074982
189496096 58416563
189496096 65314767
189496096 316536857
189496096 57611444
189496096 45512531
189496096 685587122
189496096 149545979
189496096 9023080
189496096 73198614
97137345 35338465
97137345 113653937
97137345 152934159
97137345 9023080
97137345 189496096
25373951 9596966
25373951 82127255
25373951 45512531
25373951 149545979
25373951 16523641
25373951 26074982
25373951 73198614
25373951 25922551
34190360 23178845
34190360 24462029
34190360 70100018
34190360 113653937
34190360 189496096
34190360 35338465
34190360 58416563
34190360 9023080
34190360 73198614
34190360 97137345
35338465 152595107
35338465 34190360
35338465 82127255
35338465 298849623
35338465 189496096
35338465 16523641
35338465 57856221
35338465 9596966
35338465 9023080
35338465 97137345
152934159 160474526
152934159 152595107
152934159 189496096
152934159 80866330
152934159 113653937
152934159 27891544
152934159 9023080
152934159 73198614
152934159 97137345
167800148 60897001
167800148 16523641
26074982 82127255
26074982 70100018
26074982 189496096
26074982 45512531
26074982 25373951
80397872 189496096
80397872 254993545
65314767 82127255
65314767 26285018
65314767 16523641
65314767 189496096
65314767 45512531
65314767 9023080
581416551 581417704
581416551 189496096
57477882 27718376
57477882 58416563
57477882 189496096
26285018 199643572
26285018 189496096
26285018 16523641
26285018 305150797
26285018 65314767
26285018 45512531
26285018 9023080
26285018 73198614
26285018 97137345
208535296 82127255
208535296 113653937
208535296 60897001
24462029 81378238
24462029 189496096
16523641 23178845
16523641 81378238
16523641 82127255
16523641 192305194
16523641 167800148
16523641 199643572
16523641 58035238
16523641 35338465
16523641 298849623
16523641 26285018
16523641 57486390
16523641 254993545
16523641 57856221
16523641 9596966
16523641 644826470
16523641 45487487
16523641 60897001
16523641 65314767
16523641 45512531
16523641 16944767
16523641 149545979
16523641 25373951
16523641 9023080
16523641 73198614
80866330 81378238
80866330 82127255
254993545 152933908
254993545 16523641
254993545 16944767
254993545 97137345
298839213 70100018
298839213 152572326
298839213 189496096
833325338 189496096
685587122 189496096
685587122 113653937
685587122 97137345
685587122 9023080
421546876 189496096
298833916 189496096
59203662 305150797
58416563 57477882
58416563 152933908
58416563 34190360
58416563 189496096
305150797 189496096
305150797 73198614
305150797 9023080
305150797 152934159
305150797 60897001
152933908 26285018
152933908 189496096
152933908 254993545
152933908 73198614
152933908 58416563
45512531 16523641
45512531 189496096
45512531 26074982
45512531 113653937
45512531 152596656
45512531 152572326
45512531 26285018
45512531 57768910
45512531 788089310
45512531 421475393
45512531 316536857
45512531 65314767
45512531 149545979
45512531 152934159
45512531 25373951
45512531 9023080
45512531 73198614
