44760108 57645106
421483937 19540010
541467711 19540010
13108759 122062432
13108759 65280228
13108759 19540010
13108759 57645106
13108759 210236007
13108759 34157360
13108759 1760195
58016146 19540010
60700136 19540010
58087985 19540010
58087985 57645106
836020310 19540010
52575987 19540010
42903123 19540010
175510082 19540010
128816943 19540010
152937887 58037574
152937887 19540010
582407162 19540010
601653948 19540010
154898034 19540010
831709934 19540010
58306127 19540010
601616224 19540010
505286629 19540010
836611628 19540010
148293530 19540010
34157360 13108759
34157360 19540010
836611632 19540010
58349967 19540010
58037574 19540010
58037574 152937887
51519726 19540010
152929753 19540010
1760195 13108759
1760195 19540010
1760195 57645106
64641329 19540010
179540643 19540010
582633571 19540010
152577050 19540010
101478860 19540010
57645106 122062432
57645106 65280228
57645106 13108759
57645106 19540010
57645106 210236007
57645106 1760195
57645106 44760108
57645106 11033158
57645106 58087985
11033158 122062432
11033158 19540010
11033158 57645106
141912497 19540010
130377171 19540010
760538132 19540010
68003639 19540010
756627298 19540010
56917778 19540010
152633697 19540010
155117967 19540010
110182572 19540010
567908213 19540010
429155846 19540010
58474498 19540010
187079510 19540010
130833415 19540010
442176017 19540010
349572634 19540010
65280228 122062432
65280228 13108759
65280228 19540010
65280228 57645106
65280228 175157771
175157771 65280228
175157771 19540010
175157771 4837202
72854753 19540010
58188439 19540010
58093605 19540010
15024456 19540010
4837202 19540010
4837202 175157771
47126204 19540010
97346673 19540010
581228967 19540010
58001254 19540010
130007306 122062432
130007306 19540010
37601357 19540010
122062432 65280228
122062432 13108759
122062432 19540010
122062432 130007306
122062432 57645106
122062432 11033158
210236007 13108759
210236007 57645106
