134723951 10481309
834138158 134104406
188107149 134104406
164530586 134104406
163271950 134104406
135719719 134104406
529814142 134104406
604169392 134104406
97370763 134104406
165015990 134104406
383999609 518870476
133306645 177013560
164477192 134104406
177013560 134104406
120080114 134104406
834480256 134104406
404607671 134104406
106874921 10481309
106874921 134104406
163954326 134104406
723281262 134104406
131221186 134104406
161553057 178778598
164820025 134104406
135025275 134104406
836445017 834212050
633122583 134104406
178778598 161553057
178778598 134104406
98537640 134104406
527908862 134104406
134104406 98537640
134104406 10481309
10481309 106874921
10481309 134723951
10481309 109122036
10481309 134104406
179926119 134104406
527844779 134104406
785266192 134104406
834480713 134104406
96984541 132632762
836611341 130725884
789238997 134104406
92304981 177013560
529005195 134104406
678639250 134104406
132632762 134104406
120932312 134104406
834212050 836445017
130725884 836611341
359514221 134104406
98858246 134104406
359163298 134104406
162810949 134104406
302864425 134104406
47179934 134104406
109122036 10481309
518870476 383999609
178863234 134104406
166206594 134104406
164618345 134104406
40126335 134104406
834023634 134104406
