110242556 10075640
580879120 10075640
107425117 10075640
25940102 152728562
25940102 10075640
638095397 10075640
152671309 10075640
40234992 174681035
40234992 10075640
7078986 152715082
7078986 10075640
8361042 10075640
37977450 10075640
331603833 806271494
609431217 10075640
238994527 774695411
238994527 13139115
238994527 10075640
11061886 10075640
163888593 10075640
14168646 10075640
833334662 10075640
806241562 10075640
806241562 39114555
152728562 152818709
152728562 25940102
152728562 22953607
152728562 152623263
152728562 10075640
16319647 10075640
663664497 10075640
441244981 10075640
152956216 152715082
152956216 10075640
39549401 10075640
806234818 10075640
52536650 10075640
640848538 10075640
36789569 10075640
39114555 806241562
39114555 174681035
39114555 10075640
35765849 10075640
82113589 10075640
501373319 833324275
501373319 806271494
501373319 547151658
501373319 52450086
501373319 10075640
152715082 57644575
152715082 57652194
152715082 152956216
152715082 6852339
812468012 10075640
14930209 10075640
638414259 10075640
171804794 174681035
421515320 152702007
421515320 57644575
421515320 6852339
421515320 10075640
806271494 331603833
806271494 10075640
806271494 501373319
6852339 10075640
6852339 152715082
6852339 421515320
30340414 10075640
806247312 10075640
96147679 10075640
833334517 10075640
152669430 10075640
30787756 10075640
547151658 10075640
547151658 501373319
13139115 174681035
13139115 33849392
13139115 10075640
57652194 57644575
57652194 10075640
581458649 10075640
22953607 152728562
306834694 10075640
477051588 10075640
833324275 10075640
798578192 10075640
45059477 10075640
45059477 13139115
152565402 806252074
152565402 13139115
152565402 10075640
217123782 10075640
421479878 10075640
421479878 13139115
9725176 10075640
152591913 10075640
774695411 10075640
52450086 39549401
52450086 10075640
52450086 501373319
833313429 10075640
452654852 13139115
452654852 10075640
152504645 10075640
187809436 10075640
152623263 638095397
152623263 10075640
806252074 10075640
152732920 10075640
33849392 13139115
49280328 10075640
49280328 154989892
801245141 10075640
834602722 10075640
10075640 834602722
10075640 801245141
10075640 833324275
10075640 228980852
10075640 640848538
10075640 13139115
10075640 36789569
10075640 40234992
10075640 15760442
10075640 14168646
10075640 35765849
10075640 8361042
10075640 16319647
10075640 82113589
10075640 306834694
10075640 187809436
10075640 9725176
10075640 110242556
10075640 39549401
10075640 30787756
10075640 30340414
10075640 174681035
10075640 39114555
10075640 57652194
10075640 52536650
10075640 152732920
10075640 7078986
10075640 163888593
10075640 421515320
10075640 25940102
10075640 57644575
10075640 152728562
10075640 152591913
10075640 238994527
10075640 152669430
10075640 635684583
10075640 154989892
10075640 152671309
10075640 152565402
10075640 663664497
10075640 806247312
10075640 37977450
10075640 609431217
10075640 11061886
10075640 477051588
10075640 806241562
10075640 152715082
10075640 833334662
10075640 188036111
10075640 798578192
10075640 217123782
10075640 812468012
10075640 806234818
10075640 833313429
10075640 441244981
10075640 547151658
10075640 311158789
10075640 152623263
10075640 152956216
10075640 96147679
10075640 152504645
10075640 806271494
10075640 152914981
10075640 452654852
10075640 112961035
10075640 833336811
10075640 833334517
10075640 501373319
10075640 534754504
10075640 806252074
10075640 581458649
10075640 638095397
10075640 421479878
10075640 52450086
10075640 6852339
10075640 14930209
311158789 10075640
154989892 49280328
154989892 10075640
112961035 10075640
674312299 806252074
188036111 10075640
152692454 13139115
152692454 39549401
152692454 10075640
152692454 152715082
635684583 10075640
15760442 10075640
152702007 421515320
57644575 152715082
57644575 152914981
57644575 152728562
57644575 421515320
57644575 57652194
57644575 10075640
174681035 171804794
174681035 40234992
174681035 10075640
152914981 57644575
152914981 10075640
152818709 152728562
