152732379 57769228
152891435 149772569
152819095 57769228
152885004 152937447
152885004 57769228
152929819 57769228
44921986 57652763
44921986 677124984
44921986 152432206
44921986 70100017
44921986 58157115
44921986 25915567
44921986 57769228
44921986 58175013
44921986 638095358
152703219 57769228
152929400 11928606
152929400 152937447
152929400 152835017
152929400 152906659
97136788 152934778
97136788 152835017
97136788 58154848
97136788 57769228
60695641 130483337
60695641 52787915
60695641 57650442
149772569 601665822
149772569 152891435
149772569 57650442
149772569 45812118
833336855 57769228
58157115 70100017
58157115 25915567
58157115 57769228
834254227 421536777
11942629 57769228
52787915 152937447
52787915 57769228
52787915 11928606
65432803 57769228
65432803 25915567
65432803 70100017
130483337 60695641
130483337 57769228
152723860 58106783
70100017 44921986
70100017 97136806
70100017 25915567
70100017 57769228
70100017 601696760
70100017 65432803
638095358 57769228
638095358 44921986
638095358 25915567
152817327 25915567
152817327 57769228
207738985 137546864
677124984 57769228
677124984 25915567
152581321 57769228
152934778 97136788
152934778 152835017
152934778 57769228
152662605 57769228
57652763 44921986
57652763 152703233
57652763 57769228
61002838 57769228
152937447 97365166
152937447 152929400
152937447 44522892
152937447 152783780
152937447 152835017
152937447 58154848
152937447 57769228
152937447 52787915
45812118 44522892
45812118 57769228
45812118 152835017
45812118 97365166
45812118 149772569
97136806 44921986
97136806 160462844
97136806 11928606
97136806 70100017
97136806 44522892
97136806 25915567
97136806 152835017
97136806 57769228
97136806 152662605
57769228 152934778
57769228 11928606
57769228 97365166
57769228 25915567
421536777 57769228
421536777 25915567
421536777 152929819
421536777 834254227
152730312 44522892
152730312 57769228
152730312 57650442
152783780 44522892
152783780 152937447
152783780 152835017
152783780 57769228
140410488 152835017
140410488 58154848
25915567 152432206
25915567 70100017
25915567 138508373
25915567 58157115
25915567 57769228
58175013 97136806
58175013 25915567
58175013 44921986
58175013 57769228
38923623 152921482
152921482 97136806
152921482 25915567
152921482 38923623
97365166 152931656
97365166 152835017
97365166 152906659
97365166 45812118
11928606 152929400
11928606 97136806
11928606 44522892
11928606 57769228
11928606 52787915
581356704 57769228
44522892 97365166
44522892 11928606
44522892 152937447
44522892 152783780
44522892 152730312
44522892 152835017
44522892 57769228
44522892 72125330
44522892 45812118
152906659 97365166
152906659 152929400
138508373 25915567
138508373 57769228
152931656 97365166
152931656 152835017
152931656 57769228
252008677 57769228
72125330 152835017
72125330 57769228
72125330 44522892
130236956 57650442
58154848 72125109
58154848 140410488
58154848 97136788
58154848 152937447
58154848 152835017
58154848 57769228
160462844 97136806
152673057 152835017
601696760 57769228
601696760 70100017
601696760 25915567
522482552 57769228
57652074 57650442
601665822 149772569
57650442 152730312
57650442 130236956
57650442 149772569
57650442 57769228
57650442 57652074
57650442 60695641
152896023 152601668
137546864 207738985
58106783 152723860
58106783 57769228
152432206 25915567
152432206 57769228
152835017 44522892
152835017 152937447
152835017 57769228
758028818 57769228
