17707485 38964606
17707485 152733626
17707485 19972936
17707485 57995658
17707485 152816492
17707485 152678853
17707485 152728275
17707485 57768910
17707485 152904892
17707485 33697199
17707485 57652784
17707485 152735383
17707485 4003976
17707485 152620379
17707485 152884970
17707485 152784955
17707485 9418493
17707485 7926955
17707485 152797088
17707485 152851188
220885442 152851188
152620379 19972936
152620379 4003976
152620379 17707485
128518544 19972936
32971669 19972936
152919176 38964606
152919176 152678853
152919176 19972936
229006973 19972936
349486554 19972936
38964606 152833592
38964606 152919176
38964606 49183685
38964606 152728275
38964606 152629406
38964606 210186767
38964606 152812203
38964606 57768910
38964606 152819566
38964606 19972936
38964606 17089888
38964606 4003976
38964606 129216334
38964606 17707485
38964606 152931620
38964606 9418493
38964606 7926955
152884970 17707485
152884970 19972936
57768910 152904892
57768910 152728275
57768910 38964606
57768910 19972936
57768910 129216334
57768910 107496214
57768910 9418493
152957263 19972936
152957263 152928743
152957263 57652784
152957263 152784955
152957263 9418493
152578912 19972936
58166508 152688301
58166508 57652784
58166508 19972936
58166508 152728275
58166508 152812203
58166508 9418493
58166508 152893182
252043380 27891544
252043380 210186767
252043380 152931620
252043380 107496214
252043380 152725412
252043380 122861631
252043380 52450086
152735383 152728275
152735383 122861631
152735383 152812203
152735383 152816492
152735383 152819566
152735383 19972936
152735383 58319404
152735383 17707485
20609392 19972936
27891544 57990771
27891544 19972936
27891544 129216334
27891544 252043380
152797088 17707485
152797088 19972936
152797088 152812203
152797088 152819566
152797088 152849091
152797088 152904892
152797088 152678853
152797088 152728275
152797088 4003976
122861631 634014871
122861631 756521211
122861631 38964606
122861631 152735383
122861631 19972936
122861631 129216334
122861631 252043380
57651979 19972936
57651979 33697199
210266522 9418493
152849091 152819566
152849091 19972936
152849091 152797088
152816492 49183685
152816492 152812203
152816492 152735383
152816492 19972936
152816492 4003976
152816492 57652784
152816492 17707485
152816492 152931620
11798892 19972936
52608291 152812203
58155351 19972936
152812203 152833592
152812203 49183685
152812203 152904892
152812203 33697199
152812203 152728275
152812203 152700053
152812203 152604202
152812203 152816492
152812203 19972936
152812203 152727837
152812203 4003976
152812203 57652784
152812203 58166508
152812203 152784955
152812203 152797088
152812203 152851188
152893182 19972936
152808688 19972936
152700053 152904892
152700053 152728275
152700053 152812203
152700053 19972936
152815684 19972936
58106498 19972936
152784955 19972936
152784955 152957263
7926955 38964606
7926955 19972936
756521211 122861631
756521211 152725412
756521211 19972936
152733770 19972936
152678853 19972936
581521803 19972936
152928743 152904892
152928743 152674843
152928743 19972936
152928743 4003976
152928743 152957263
421492806 19972936
58441639 19972936
30432885 19972936
129216334 58425588
298856198 19972936
152809222 152819566
152809222 19972936
152809222 152727837
152604202 152812203
152604202 19972936
152604202 129216334
152728275 49183685
152728275 152700053
152728275 152812203
152728275 57768910
152728275 38964606
152728275 152735383
152728275 19972936
152728275 152727837
152728275 17707485
152728275 152784955
152728275 152797088
152732286 17089888
152732286 19972936
152940533 756521211
152940533 19972936
152674843 152928743
152674843 152904892
152817096 19972936
152817096 152931620
210186767 38964606
210186767 252043380
49183685 152728275
49183685 152812203
49183685 38964606
49183685 19972936
152687486 19972936
57652784 152812203
57652784 19972936
57652784 152957263
57652784 17707485
57652784 58166508
57652784 152851188
52450086 129216334
52450086 252043380
57990771 129216334
57990771 19972936
57990771 152735383
57990771 27891544
152688301 19972936
152819566 152919176
152819566 152849091
152819566 38964606
152819566 152678853
152819566 152735383
152819566 19972936
152819566 152809222
152819566 152797088
634014871 122861631
17089888 152940533
17089888 152732286
17089888 57768910
17089888 38964606
17089888 11798892
17089888 19972936
19972936 152928743
19972936 349486554
19972936 152919176
19972936 49183685
19972936 152904892
19972936 33697199
19972936 152728275
19972936 581162034
19972936 152732286
19972936 57652784
19972936 152578912
19972936 152849091
19972936 210186767
19972936 152812203
19972936 152815684
19972936 152817096
19972936 38964606
19972936 11798892
19972936 152678853
19972936 152735383
19972936 152816492
19972936 152727837
19972936 17089888
19972936 58319404
19972936 57995658
19972936 129216334
19972936 17707485
19972936 152931620
19972936 152733770
19972936 152884970
19972936 58155351
19972936 152893182
19972936 220885442
19972936 152809222
19972936 152797088
19972936 4242392
152725412 152812203
152725412 421496897
152725412 756521211
152725412 19972936
152725412 57990771
152725412 252043380
33697199 152812203
33697199 19972936
33697199 4003976
33697199 17707485
33697199 57651979
58319404 152812203
58319404 152678853
58319404 152735383
58319404 19972936
9418493 210266522
9418493 152957263
9418493 129216334
9418493 38964606
9418493 17707485
9418493 58166508
9418493 152919176
9418493 19972936
9418493 57768910
9418493 643624755
57995658 152678853
57995658 19972936
659379386 421496897
152678753 19972936
152678753 9418493
152851188 19972936
152851188 57652784
152851188 220885442
152851188 152812203
152833592 152812203
152833592 38964606
152833592 19972936
58425588 19972936
58425588 129216334
152931620 19972936
152931620 38964606
152931620 152817096
152931620 152816492
152931620 252043380
107496214 57768910
107496214 252043380
152904892 152812203
152904892 152674843
152904892 57768910
152904892 19972936
152904892 17707485
152680999 129216334
152727837 152728275
152727837 19972936
152727837 49183685
152727837 152809222
581162034 19972936
4242392 19972936
4242392 152728275
4242392 9418493
4242392 38964606
4003976 152928743
4003976 33697199
4003976 128518544
4003976 152620379
4003976 152812203
4003976 38964606
4003976 152816492
4003976 19972936
4003976 17089888
4003976 17707485
4003976 152809222
4003976 152797088
152629406 38964606
152629406 19972936
152629406 9418493
