834703323 150099934
220885442 150099934
152620397 758007566
152620397 150099934
152671309 56522843
152671309 57596294
152671309 150099934
152938866 150099934
97047333 150099934
85904386 106805436
85904386 150099934
85904386 5445670
27637245 56522843
27637245 150099934
152573446 57596294
158401396 150099934
144525659 56522843
144525659 150099934
607440899 150099934
103022387 150099934
152701489 103022387
152701489 56522843
152701489 150099934
152701489 65468861
152701489 5445670
152703344 150099934
758007566 152620397
152532440 150099934
152479908 57596294
152479908 150099934
152884349 150099934
56522843 144525659
56522843 27637245
56522843 122504456
56522843 150099934
56522843 65468861
57596294 152479908
57596294 152884349
5445670 152701489
5445670 65468861
5445670 150099934
5445670 85904386
812490079 150099934
65468861 56522843
65468861 103022387
65468861 152701489
65468861 150099934
106805436 150099934
106805436 85904386
152576892 150099934
152725601 150099934
122504456 144525659
122504456 56522843
122504456 150099934
122504456 65468861
581139348 56522843
581139348 150099934
150099934 122504456
150099934 56522843
150099934 103022387
150099934 152479908
150099934 27637245
150099934 144525659
150099934 65468861
