39316651 27455141
105886349 357486030
105886349 226096340
581228517 17016633
581228517 756503821
581228517 49282880
581228517 148073292
581228517 357486030
581228517 152481016
581228517 105886349
581228517 226096340
581228517 10075640
609430932 357486030
812506676 599399120
127311084 24943118
84993493 357486030
57589911 58006754
57589911 17016633
57589911 10075640
357486030 756503911
357486030 152481016
357486030 105886349
357486030 49282880
357486030 226096340
357486030 10075640
49282880 357486030
49282880 226096340
49282880 10075640
642372629 357486030
84114559 55054367
806241562 10075640
806241562 17016633
167997294 12735716
33517397 105886349
33517397 357486030
288254193 10075640
288254193 357486030
55054367 27455141
55054367 26314688
55054367 84114559
55054367 10075640
26314688 55054367
160491810 5836264
160491810 10075640
25922551 10075640
36026186 10075640
199669533 92479115
199669533 12735716
92479115 199669533
152930475 756503911
152930475 357486030
152930475 10075640
13855300 17016633
13855300 10075640
5836264 25621783
5836264 160491810
5836264 37426731
5836264 152523443
5836264 226096340
5836264 58271879
5836264 10075640
152572517 152726399
152572517 357486030
152572517 10075640
812468012 17016633
812468012 10075640
226096340 225365357
226096340 357486030
226096340 152840131
226096340 581228517
224315888 12735716
224315888 10075640
700824913 357486030
599399120 812506676
82021317 3659556
82021317 357486030
371024169 10075640
41344173 357486030
37426731 5836264
37426731 357486030
37426731 10075640
25621783 5836264
25621783 17016633
25621783 10075640
69370865 357486030
69370865 10075640
38801102 357486030
152481016 756503911
152481016 49282880
152481016 357486030
152481016 24943118
152481016 10075640
152481016 581228517
58402176 357486030
189458671 357486030
148073292 357486030
152881039 357486030
58006754 57589911
24943118 357486030
24943118 127311084
24943118 152481016
582518664 357486030
76334479 357486030
76334479 189458671
3659556 82021317
699354274 357486030
756503821 10075640
522482552 49282880
58271879 357486030
17016633 13855300
17016633 37426731
17016633 25621783
17016633 357486030
17016633 226096340
17016633 58402176
17016633 52448094
17016633 69370865
17016633 756503821
17016633 49282880
17016633 812468012
17016633 152571954
17016633 57589911
17016633 806241562
17016633 27992331
17016633 581228517
17016633 189458671
17016633 10075640
17016633 25922551
30328658 357486030
30328658 10075640
10075640 17016633
10075640 27992331
10075640 13855300
10075640 25621783
10075640 37426731
10075640 357486030
10075640 152481016
10075640 152930475
10075640 49282880
10075640 57589911
10075640 55054367
10075640 27455141
10075640 152681753
10075640 581228517
10075640 152840131
10075640 152572517
10075640 33517397
10075640 609430932
10075640 160491810
10075640 30328658
10075640 224315888
10075640 806241562
10075640 371024169
10075640 5836264
10075640 756503821
10075640 288254193
10075640 152571954
10075640 226096340
10075640 812468012
10075640 36026186
10075640 25922551
152523443 5836264
152840131 226096340
152692454 33517397
152692454 357486030
152692454 10075640
833333975 357486030
833333975 10075640
152726399 152572517
27992331 17016633
27992331 10075640
756503911 357486030
27455141 55054367
27455141 357486030
27455141 10075640
