58183272 152010729
58183272 58266885
58183272 152476279
58183272 152577833
58183272 421499723
58183272 152730790
103462491 27796425
57611101 58096405
57611101 103823475
57611101 57770805
45300264 408913155
298849520 166493454
298849520 806251264
298849520 58408792
298849520 57770805
298849520 36465610
298849520 152713317
298849520 421466321
152010729 58183272
68998808 27796425
152713317 298859026
152713317 127612011
152713317 77158066
152713317 57770805
152713317 298851962
152713317 58157115
152713317 49776958
152713317 60280190
152713317 58490666
152713317 298849520
152713317 357564101
152713317 58330232
152713317 152730790
152713317 16944767
38463131 60280190
38463131 57770805
38463131 298849520
38463131 93860773
252618071 57761365
252618071 49776958
252618071 57770805
58157115 152713317
16944767 77158066
16944767 127612011
16944767 357564101
16944767 24486761
16944767 152713317
38008494 27796425
199938373 605074923
57641776 49776958
215734804 26281247
97095780 609431854
97095780 605074923
97095780 58266885
97095780 27796425
38415514 27796425
82276526 27796425
421499723 58183272
58266885 357564101
58266885 58330232
58266885 152476279
58266885 58490666
58266885 49776958
58266885 758011341
58266885 97095780
58266885 57770805
58266885 58183272
58266885 58155687
49776958 58490666
49776958 57770805
49776958 28006988
49776958 152713317
271926263 57770805
166493454 298849520
166493454 57770805
58155687 49776958
58155687 57770805
58155687 58490666
58155687 27796425
77158066 357564101
77158066 152713317
58096405 49776958
58096405 57770805
60450515 57770805
57770805 58470629
57770805 58490666
57770805 57611101
57770805 49776958
57770805 26281247
57770805 58096405
57770805 167808266
57770805 252618071
57770805 58266885
57770805 57643817
57770805 152603324
57770805 60450515
57770805 58330232
57770805 57993902
57770805 298849520
57770805 166493454
57770805 38463131
57770805 58155687
57770805 271926263
57770805 152713317
58330232 58266885
58330232 49776958
58330232 57770805
58330232 152713317
298859026 152713317
298851962 152713317
27796425 605074923
57643817 152725717
57643817 57770805
49314134 10981712
84447875 57611101
84447875 49776958
152725717 57643817
408913155 45300264
152577833 58183272
58408792 298849520
152730790 58183272
409728757 605074923
409728757 27796425
93860773 38463131
152619210 833315602
152619210 28006988
421492622 55048290
60280190 357564101
60280190 10981712
36465610 127612011
36465610 298849520
58490666 58266885
58490666 49776958
58490666 57770805
58490666 152713317
58490666 58155687
357564101 77158066
357564101 60280190
357564101 152713317
26281247 152603324
26281247 215734804
26281247 57770805
421466321 298849520
421466321 357564101
37502632 27796425
609431854 605074923
609431854 27796425
609431854 409728757
609431854 97095780
152603324 26281247
152603324 57770805
58470629 57770805
109644942 605074923
109644942 27796425
758011341 58266885
57993902 57770805
57993902 271926263
28006988 152619210
28006988 49776958
136467284 49776958
167808266 57770805
605074923 97095780
605074923 27796425
10981712 49314134
10981712 60280190
10981712 58408792
432899061 27796425
152476279 58266885
152476279 58183272
55048290 833315602
55048290 421492622
55048290 10981712
79213379 27796425
