147923913 58383955
128389230 152788563
128389230 13139115
673771635 49282945
673771635 152788563
152503878 152788563
49259451 152788563
49259451 152603842
49259451 58383955
49259451 114837266
49259451 152620774
49259451 231002305
49259451 152576152
49259451 833314189
49259451 9606237
49259451 49282945
49259451 833319439
49259451 756533833
49259451 58175013
49259451 756503217
49259451 581910846
49259451 673771635
49259451 152934153
49259451 13139115
58247676 58344705
152573446 58383955
152619227 58383955
152938361 152788563
152938361 58383955
152938361 49282945
81378741 81379009
320195463 152620774
320195463 49282945
320195463 58383955
320195463 152788563
320195463 231002305
320195463 152603842
49282945 152938361
49282945 152788563
49282945 152603842
49282945 58383955
49282945 152620774
49282945 316331272
49282945 833356229
49282945 231002305
49282945 152681682
49282945 152576152
49282945 833314189
49282945 49259451
49282945 320195463
49282945 756533833
49282945 152701920
49282945 581910846
49282945 673771635
522433620 152788563
152595553 58383955
50848326 58383955
581910846 152788563
199702616 152788563
833319439 152620774
58417920 81379009
633989686 152788563
633989686 58383955
316331272 152788563
316331272 49282945
421493424 81379009
18658915 81379009
18658915 152788563
18658915 753894340
18658915 152576152
18658915 128389230
18658915 58383955
18658915 673771635
18658915 13139115
152620774 152788563
152620774 152603842
152620774 58383955
152620774 49282945
607349018 152576152
607349018 152603842
57651283 58383955
57651283 21290792
54662878 58383955
54662878 152788563
54662878 231002305
54662878 756533833
54662878 152620774
833356229 152603842
833356229 49282945
833356229 581910846
152892471 152788563
152701920 49282945
152724807 152788563
152934153 49259451
152934153 152788563
152934153 58383955
13139115 152788563
13139115 58383955
13139115 81379009
13139115 9606237
756503546 152788563
58175013 49259451
58175013 152788563
58175013 756533833
58175013 114837266
753894340 152788563
58406371 152788563
756533833 49282945
756533833 152620774
756533833 49259451
756533833 49359041
756533833 58344705
756533833 687021287
756533833 58383955
756533833 231002305
756533833 152603842
756533833 152576152
756533833 58175013
756533833 756503217
152956273 58383955
58383955 152595553
58383955 152788563
58383955 152603842
58383955 50859726
58383955 152620774
58383955 49259451
58383955 49282945
58383955 231002305
58383955 320195463
58383955 756533833
58383955 18658915
58383955 581910846
58383955 152934153
58383955 13139115
81379009 31907517
81379009 13139115
114837266 152788563
114837266 49259451
114837266 9606237
114837266 58175013
21290792 57651283
21290792 81379009
152576152 152788563
152576152 152603842
152576152 152620774
152576152 607349018
152576152 231002305
152576152 833314189
152576152 49259451
152576152 49282945
152576152 756533833
152576152 18658915
152576152 673771635
152681682 49282945
58344705 58247676
58344705 152788563
58344705 152620774
58344705 58383955
58344705 756533833
58344705 673771635
152603842 152788563
152603842 58383955
152603842 833314189
152603842 152620774
152603842 9606237
152603842 49282945
152603842 231002305
152603842 756533833
152603842 673771635
231002305 152576152
231002305 152788563
231002305 152603842
231002305 58383955
231002305 49259451
231002305 49282945
231002305 320195463
231002305 756533833
231002305 54662878
152788563 753894340
152788563 152938361
152788563 152603842
152788563 58383955
152788563 199702616
152788563 114837266
152788563 152620774
152788563 49259451
152788563 316331272
152788563 49282945
152788563 231002305
152788563 128389230
152788563 152681682
152788563 833319439
152788563 58344705
152788563 756533833
152788563 58175013
152788563 522433620
152788563 756503217
152788563 581910846
152788563 673771635
152788563 152934153
152788563 13139115
756503217 756533833
756503217 152788563
756503217 49259451
421465225 152603842
421465225 152620774
421465225 152788563
421465225 81379009
6484720 58383955
6484720 152620774
60939594 58383955
60939594 9606237
9606237 152603842
9606237 58383955
9606237 60939594
9606237 114837266
9606237 49259451
9606237 13139115
687021287 756533833
31907517 81379009
