833516426 6352463
582306205 9535785
58403114 152532146
58403114 6352463
534451827 6352463
534451827 57644021
257128410 6352463
257128410 152532146
4409380 106157452
4409380 12361984
4409380 6352463
22948946 210261230
22948946 6352463
642896156 6352463
58391955 6352463
806271786 6352463
66953288 6352463
6550595 6352463
604075703 6352463
126777033 6352463
677238273 6352463
3714925 6352463
152938195 57644021
421479720 6352463
49905526 6352463
36782186 6352463
210021880 6352463
152479988 6352463
152479988 152732494
152479988 699074838
80586498 6352463
421457115 6352463
210261230 22948946
210261230 57644021
210261230 6852339
638095358 6352463
192259189 6352463
806265564 6352463
300525072 6352463
67493952 36199714
67493952 6352463
50636765 6352463
6852339 699074838
6852339 210261230
749195534 6352463
511909238 6352463
7668932 6352463
152695923 6352463
4998125 6352463
4998125 57644021
49201041 6352463
86119983 6352463
97903615 6352463
22284204 6352463
17624196 6352463
421682622 6352463
421466314 6352463
199922648 6352463
40566669 6352463
152532146 80586498
224323285 6352463
527898683 6352463
527898683 257964668
101213294 6352463
129524028 6352463
57644021 106157452
57644021 152938195
57644021 210261230
57644021 152732494
57644021 534451827
57644021 4998125
152732494 785207017
152732494 6352463
152732494 57644021
152482465 6352463
52450086 6352463
97783319 6352463
699074838 6352463
699074838 152479988
699074838 6852339
812476161 6352463
106157452 57644021
106157452 4409380
785207017 152732494
835152142 6352463
36199714 6352463
65410085 6352463
152502373 6352463
35738109 6352463
805298563 6352463
103464076 6352463
58344594 6352463
138452810 6352463
421458031 699074838
421458031 6352463
12361984 4409380
219769708 6352463
421480849 6352463
103441172 6352463
9535785 582306205
9535785 6352463
155280672 6352463
120100500 6352463
421474508 6352463
257964668 527898683
257964668 50636765
257964668 6352463
82503615 6352463
836611688 6352463
152472960 6352463
107667746 6352463
745588282 6352463
