89078003 127533865
89974276 127533865
11312196 127533865
298835194 127533865
580892021 127533865
130338949 127533865
130338949 152673099
130338949 17016633
756567704 127533865
152621069 28913164
152621069 127533865
83255129 127533865
152434677 127533865
82115564 127533865
836611657 127533865
231050475 127533865
152839404 127533865
237097203 127533865
215968658 127533865
312195527 127533865
45241676 127533865
37344349 127533865
120289823 127533865
521870296 127533865
133795823 127533865
72062652 127533865
581670459 127533865
152481232 127533865
812482302 127533865
211216682 127533865
141003621 127533865
758006457 127533865
301348889 127533865
728417011 127533865
55280240 127533865
152511838 195850709
152511838 127533865
638095358 127533865
638095358 833305244
45820576 127533865
302427415 130533264
302427415 127533865
302427415 17016633
128121436 127533865
128121436 17016633
54632390 127533865
152673099 130338949
152673099 127533865
145232941 152533759
21328215 17016633
21328215 127533865
123056604 127533865
833305244 58175013
833305244 127533865
152797354 127533865
152797354 152481232
78338021 127533865
73489825 127533865
42137644 127533865
38950271 127533865
58175013 127533865
58175013 833305244
201677998 127533865
604838012 127533865
152593605 127533865
298837106 127533865
728639337 130775882
728639337 145232941
728639337 152533759
791794188 127533865
834116818 127533865
49624057 152481232
49624057 127533865
836115703 127533865
28913164 152621069
28913164 152477831
28913164 127533865
130533264 302427415
152817987 127533865
199843029 127533865
195850709 127533865
195850709 152511838
152541055 127533865
134271479 127533865
808509762 127533865
129985323 127533865
129985323 17016633
8224104 127533865
421458285 127533865
235200476 127533865
806256983 127533865
580904397 127533865
199677889 127533865
127723581 127533865
152435799 127533865
312390905 127533865
677126757 127533865
16106788 127533865
17016633 302427415
17016633 130338949
17016633 128121436
17016633 127533865
17016633 152435799
17016633 129985323
17016633 21328215
633983768 127533865
833319031 127533865
580404656 127533865
527369640 127533865
152477831 127533865
758031437 127533865
201077147 127533865
30966445 127533865
413393096 127533865
