643786696 152572326
643786696 57648628
643786696 155308939
643786696 252043380
643786696 59847544
643786696 58381306
152481988 152620774
36732765 12508409
36732765 199000204
36732765 57648628
36732765 58381306
701110645 58381306
184081728 73887841
128418862 57648628
88591671 155308939
88591671 57648628
145674473 57648628
252043380 97137345
252043380 58022139
252043380 199000204
252043380 57648628
252043380 12508409
252043380 58381306
252043380 155308939
252043380 643786696
212625997 93420177
212625997 155308939
212625997 97137345
368532542 57648628
73887841 184081728
27445529 603095023
528216482 58381306
528216482 155308939
199000204 36732765
199000204 252043380
199000204 58381306
152905157 57771003
81469914 54414326
81469914 57771003
81469914 57648628
526952320 57648628
526952320 57771003
152572326 152620774
152572326 57648628
152572326 58381306
69748230 57648628
69748230 58381306
69748230 57609830
28999427 54414326
28999427 57648628
298848686 57648628
298848686 603095023
298848686 57771003
298848686 368532542
298848686 155308939
298848686 97137345
12508409 152800655
12508409 36732765
12508409 57648628
12508409 252043380
152620774 152572326
152620774 155308939
152620774 58381306
155308939 643786696
155308939 960949
155308939 57648628
155308939 152677411
155308939 92513586
155308939 298848686
155308939 58381306
155308939 97137345
155308939 59847544
155308939 252043380
59847544 58381306
59847544 155308939
59847544 643786696
93075933 158186551
93075933 57648628
158186551 93075933
158186551 57648628
58022139 57648628
58022139 57771003
58022139 252043380
371024169 57648628
371024169 155308939
371024169 58381306
603095023 27445529
603095023 298848686
152564584 155308939
152564584 58381306
152730427 57648628
58015960 57648628
57648628 57771003
57648628 58036761
57648628 152735088
57648628 81469914
57648628 152730427
57648628 34182453
57648628 12508409
57648628 158186551
57648628 526952320
57648628 88591671
57648628 152926076
57648628 54414326
57648628 643786696
57648628 36732765
57648628 54205258
57648628 58022139
57648628 155308939
57648628 368532542
57648628 39885373
57648628 298848686
57648628 128418862
57648628 58381306
57648628 97137345
57648628 252043380
199953180 152620774
199953180 601615678
199953180 57648628
93420177 212625997
152677411 155308939
152677411 58381306
960949 155308939
97137345 155308939
97137345 57648628
97137345 252043380
152926076 57648628
31367335 57648628
152573705 152660721
54414326 57648628
54414326 39885373
152800655 12508409
54205258 57648628
541446747 57648628
299346439 152620774
299346439 155308939
299346439 58381306
58381306 59847544
58381306 155308939
58381306 57648628
58381306 36732765
58381306 199000204
58381306 152620774
58381306 152572326
58381306 701110645
58381306 252043380
39885373 57648628
39885373 54414326
152735088 57648628
92513586 155308939
57771003 58036761
57771003 81469914
57771003 152905157
57771003 526952320
57771003 34182453
57771003 57648628
57771003 58022139
57771003 298848686
34182453 57771003
34182453 57648628
58036761 57771003
58036761 57648628
57609830 57648628
57609830 155308939
