14057604 83730677
14057604 36251652
14057604 15280315
14057604 152940920
14057604 57848882
14057604 34951436
14057604 210244787
14057604 37353760
14057604 32842064
498212491 98719901
152595670 154929699
152595670 581091960
152595627 57650038
152595627 74557542
152595627 31218196
152595627 152485750
152595627 32842064
147602251 154929699
147602251 36251652
147602251 57644333
147602251 37353760
147602251 32842064
152595439 152595418
152595439 58147328
57647823 145457024
57647823 57649856
57647823 57651345
57647823 210244787
57647823 37353760
57647823 32842064
581810155 32842064
154929699 83730677
154929699 152595670
154929699 57649856
154929699 57647959
154929699 37353760
154929699 175500588
58088001 37353760
32842064 25641400
32842064 31218196
32842064 57649856
32842064 36251652
32842064 57650259
32842064 57647823
32842064 155875569
32842064 163897161
32842064 37353760
32842064 27060471
32842064 165257699
32842064 57649521
32842064 152681164
32842064 57651633
32842064 152817734
32842064 85794999
32842064 57644333
32842064 42078073
32842064 34951436
32842064 61789964
32842064 210191698
32842064 14057604
32842064 155842215
32842064 152680827
32842064 102487524
32842064 152579449
32842064 152904585
32842064 152688282
32842064 152734578
32842064 107492565
32842064 57848882
32842064 581810155
32842064 57643574
32842064 57646681
32842064 516659573
32842064 57651345
32842064 15280315
32842064 50619300
32842064 175500588
32842064 152352736
32842064 152621799
32842064 147602251
32842064 57647959
32842064 152595627
32842064 35161557
32842064 74557542
32842064 301957964
32842064 152926174
32842064 152485750
32842064 558382784
32842064 421480271
32842064 41688760
32842064 57650038
32842064 152595225
32842064 301963335
57651633 36251652
57651633 57649521
57651633 31218196
57651633 152680827
57651633 57650038
57651633 37353760
57651633 516659573
57651633 57651345
57651633 57647959
57651633 32842064
57651345 601803390
57651345 152688282
57651345 58147328
57651345 57647823
57651345 57644333
57651345 31218196
57651345 27060471
57651345 57649856
57651345 57651633
57651345 155875569
57651345 32842064
50619300 57649521
50619300 37353760
50619300 57848882
50619300 152940920
50619300 57644333
50619300 58147328
50619300 15280315
50619300 36251652
50619300 210244787
50619300 38636995
50619300 32842064
102487524 83730677
102487524 36251652
102487524 153477969
102487524 32842064
71256536 15280315
82115564 61789964
82115564 37353760
82115564 25641400
36251652 147602251
36251652 789635592
36251652 57650038
36251652 57650259
36251652 152680827
36251652 15280315
36251652 581991812
36251652 61789964
36251652 57646681
36251652 152940920
36251652 201861722
36251652 58147328
36251652 57649521
36251652 210238734
36251652 57848882
36251652 57644333
36251652 31218196
36251652 57643574
36251652 516659573
36251652 57649856
36251652 14057604
36251652 34951436
36251652 57647959
36251652 57651805
36251652 37353760
36251652 102487524
36251652 57651633
36251652 50619300
36251652 175500588
36251652 38636995
36251652 163897161
36251652 32842064
36251652 215747976
201861722 36251652
201861722 581991812
201861722 57649521
201861722 31218196
201861722 38636995
15280315 145457024
15280315 36251652
15280315 581991812
15280315 71256536
15280315 61789964
15280315 58147328
15280315 57644333
15280315 31218196
15280315 27060471
15280315 14057604
15280315 34951436
15280315 210244787
15280315 37353760
15280315 50619300
15280315 155875569
15280315 38636995
15280315 32842064
210238734 36251652
210238734 31218196
210238734 34951436
210238734 37353760
58147328 152904585
58147328 152926174
58147328 36251652
58147328 152734578
58147328 15280315
58147328 581991812
58147328 61789964
58147328 57646681
58147328 57644333
58147328 31218196
58147328 57649856
58147328 57651345
58147328 50619300
58147328 175500588
58147328 38636995
163897161 210244787
163897161 31218196
163897161 37353760
163897161 36251652
163897161 32842064
85794999 83730677
85794999 34951436
85794999 37353760
85794999 155875569
85794999 32842064
57646681 57650038
57646681 83730677
57646681 36251652
57646681 58147328
57646681 516659573
57646681 37353760
57646681 155875569
57646681 32842064
57651805 152879085
57651805 57650038
57651805 57650259
57651805 36251652
57651805 152817734
57651805 57649521
57651805 57644333
57651805 31218196
57651805 34951436
57651805 37353760
152680827 57650259
152680827 36251652
152680827 581991812
152680827 516659573
152680827 57649856
152680827 34951436
152680827 37353760
152680827 57651633
152680827 163897161
152680827 32842064
152681164 95323819
152681164 37353760
152681164 32842064
789635592 36251652
175500588 36251652
175500588 37353760
175500588 154929699
175500588 58147328
175500588 57649521
175500588 145457024
175500588 57649856
175500588 31218196
175500588 210191698
175500588 38636995
175500588 32842064
152595418 219709659
152595418 152595439
152595418 57848882
152595418 37353760
34951436 85794999
34951436 36251652
34951436 152680827
34951436 15280315
34951436 57649521
34951436 210238734
34951436 57644333
34951436 31218196
34951436 57649856
34951436 14057604
34951436 57651805
34951436 37353760
34951436 155875569
34951436 32842064
152926174 98719901
152926174 58147328
152926174 833832801
152926174 37353760
152926174 25641400
152926174 38636995
152926174 215747976
37353760 301963335
37353760 154929699
37353760 145457024
37353760 152681164
37353760 147602251
37353760 85794999
37353760 152621799
37353760 82115564
37353760 152904585
37353760 42078073
37353760 58088001
37353760 152595418
37353760 57650038
37353760 74557542
37353760 152926174
37353760 57650259
37353760 36251652
37353760 152680827
37353760 152734578
37353760 35161557
37353760 15280315
37353760 61789964
37353760 57646681
37353760 152940920
37353760 57649521
37353760 210238734
37353760 210191698
37353760 57848882
37353760 57647823
37353760 57644333
37353760 31218196
37353760 581443702
37353760 27060471
37353760 152485750
37353760 516659573
37353760 57649856
37353760 14057604
37353760 34951436
37353760 152930523
37353760 57651805
37353760 210244787
37353760 25641400
37353760 57651633
37353760 50619300
37353760 175500588
37353760 155875569
37353760 38636995
37353760 163897161
37353760 32842064
215747976 36251652
215747976 38636995
215747976 98719901
38636995 152926174
38636995 98719901
38636995 57848882
38636995 31218196
38636995 57650259
38636995 15280315
38636995 36251652
38636995 37353760
38636995 57649856
38636995 58147328
38636995 57649521
38636995 57644333
38636995 581991812
38636995 61789964
38636995 57650038
38636995 152734578
38636995 175500588
38636995 167800148
38636995 215747976
27060471 15280315
27060471 95323819
27060471 813466884
27060471 152940920
27060471 58147328
27060471 210191698
27060471 31218196
27060471 152485750
27060471 57651345
27060471 152930523
27060471 37353760
27060471 163897161
27060471 32842064
31218196 301963335
31218196 152595627
31218196 145457024
31218196 152904585
31218196 42078073
31218196 152595418
31218196 152879085
31218196 57650038
31218196 74557542
31218196 155842215
31218196 83730677
31218196 57650259
31218196 36251652
31218196 152817734
31218196 152734578
31218196 15280315
31218196 61789964
31218196 152940920
31218196 201861722
31218196 58147328
31218196 57649521
31218196 210238734
31218196 210191698
31218196 57848882
31218196 152575780
31218196 57644333
31218196 27060471
31218196 57643574
31218196 516659573
31218196 57649856
31218196 57651345
31218196 34951436
31218196 57647959
31218196 152930523
31218196 57651805
31218196 37353760
31218196 57651633
31218196 152595225
31218196 175500588
31218196 155875569
31218196 38636995
31218196 163897161
31218196 32842064
421480271 57644333
421480271 32842064
107492565 32842064
57848882 145457024
57848882 152595418
57848882 36251652
57848882 57649521
57848882 57644333
57848882 31218196
57848882 57649856
57848882 14057604
57848882 152930523
57848882 37353760
57848882 50619300
57848882 155875569
57848882 38636995
57848882 32842064
152940920 57650038
152940920 36251652
152940920 31218196
152940920 27060471
152940920 57649856
152940920 14057604
152940920 50619300
833832801 98719901
152904585 98719901
152904585 57650259
152904585 58147328
152904585 31218196
152904585 37353760
152904585 25641400
152904585 32842064
57646250 57644333
57646250 57643574
152688282 57651345
152688282 32842064
210191698 57649521
210191698 31218196
210191698 27060471
210191698 37353760
210191698 175500588
210191698 32842064
25641400 98719901
25641400 83730677
25641400 32842064
210244787 145457024
210244787 74557542
210244787 57650259
210244787 152817734
210244787 15280315
210244787 61789964
210244787 57649521
210244787 57647823
210244787 14057604
210244787 37353760
210244787 50619300
210244787 152595225
210244787 155875569
210244787 163897161
152817734 61789964
152817734 31218196
152817734 57643574
152817734 57651805
152817734 210244787
152817734 32842064
165257699 145457024
165257699 32842064
57649521 145457024
57649521 601803390
57649521 57650259
57649521 36251652
57649521 95323819
57649521 201861722
57649521 210191698
57649521 57848882
57649521 57644333
57649521 31218196
57649521 57649856
57649521 34951436
57649521 57651805
57649521 210244787
57649521 37353760
57649521 57651633
57649521 50619300
57649521 175500588
57649521 38636995
57649521 32842064
301963335 57650038
301963335 581991812
301963335 31218196
301963335 57647959
301963335 37353760
301963335 32842064
152595225 31218196
152595225 210244787
152595225 219709659
152595225 152575780
152595225 32842064
219709659 152595418
219709659 152595225
98719901 152731637
98719901 498212491
98719901 152926174
98719901 83730677
98719901 833832801
98719901 38636995
98719901 215747976
581991812 36251652
581991812 15280315
57650259 152621799
57650259 152904585
57650259 152879085
57650259 152734578
57650259 57649521
57650259 31218196
57650259 516659573
57650259 57651805
57650259 210244787
57650259 37353760
57650259 38636995
57650259 32842064
152621799 57650259
152621799 37353760
152621799 32842064
155875569 15280315
155875569 85794999
155875569 83730677
155875569 152734578
155875569 57647959
155875569 34951436
155875569 37353760
155875569 57848882
155875569 152621799
155875569 57646681
155875569 57650038
155875569 210208599
155875569 516659573
155875569 155842215
155875569 57651345
155875569 31218196
155875569 210244787
155875569 38636995
155875569 32842064
152879085 145457024
152879085 57650259
152879085 15280315
152879085 31218196
152879085 57651805
516659573 57650259
516659573 36251652
516659573 152680827
516659573 57646681
516659573 31218196
516659573 57647959
516659573 37353760
516659573 57651633
516659573 155875569
516659573 32842064
145457024 152879085
145457024 15280315
145457024 57649521
145457024 57848882
145457024 57647823
145457024 31218196
145457024 57649856
145457024 165257699
145457024 37353760
145457024 175500588
210208599 155875569
210220866 155842215
210220866 163897161
42078073 31218196
42078073 37353760
42078073 32842064
83730677 154929699
83730677 85794999
83730677 98719901
83730677 57646681
83730677 31218196
83730677 57649856
83730677 14057604
83730677 25641400
83730677 102487524
83730677 155875569
153477969 102487524
152485750 27060471
152485750 57649856
152485750 32842064
35161557 152734578
35161557 37353760
35161557 32842064
61789964 82115564
61789964 98719901
61789964 36251652
61789964 152734578
61789964 15280315
61789964 58147328
61789964 31218196
61789964 37353760
61789964 38636995
61789964 32842064
57649856 154929699
57649856 145457024
57649856 98719901
57649856 57650038
57649856 83730677
57649856 36251652
57649856 152680827
57649856 152940920
57649856 58147328
57649856 57649521
57649856 57848882
57649856 57647823
57649856 57644333
57649856 31218196
57649856 152485750
57649856 57643574
57649856 57651345
57649856 34951436
57649856 57647959
57649856 152930523
57649856 37353760
57649856 175500588
57649856 38636995
57649856 32842064
301957964 32842064
57643574 57646250
57643574 36251652
57643574 152817734
57643574 152734578
57643574 31218196
57643574 57649856
57643574 32842064
152352736 32842064
95323819 152681164
95323819 152734578
95323819 57649521
152731637 98719901
152579449 152621799
152579449 74557542
152579449 32842064
152734578 57650259
152734578 35161557
152734578 95323819
152734578 61789964
152734578 58147328
152734578 31218196
152734578 57643574
152734578 37353760
152734578 155875569
152734578 38636995
152734578 32842064
152575780 31218196
152575780 152595225
57647959 301963335
57647959 154929699
57647959 36251652
57647959 31218196
57647959 516659573
57647959 57649856
57647959 57651633
57647959 155875569
57647959 32842064
813466884 27060471
152930523 57848882
152930523 31218196
152930523 27060471
152930523 57649856
152930523 37353760
41688760 58147328
41688760 32842064
581091960 152595670
558382784 32842064
74557542 152595627
74557542 31218196
74557542 152579449
74557542 210244787
74557542 37353760
74557542 32842064
155842215 163897161
155842215 32842064
601803390 57649521
601803390 57651345
57644333 147602251
57644333 57650038
57644333 57646250
57644333 36251652
57644333 15280315
57644333 58147328
57644333 57649521
57644333 57848882
57644333 421480271
57644333 31218196
57644333 57649856
57644333 57651345
57644333 34951436
57644333 57651805
57644333 37353760
57644333 50619300
57644333 38636995
57644333 32842064
57650038 301963335
57650038 152595627
57650038 36251652
57650038 57646681
57650038 152940920
57650038 57644333
57650038 31218196
57650038 57649856
57650038 57651805
57650038 37353760
57650038 57651633
57650038 155875569
57650038 38636995
57650038 32842064
