77804778 27228910
304783152 27228910
57447216 27228910
57447216 144533961
258381861 27228910
258381861 144533961
114409355 27228910
60912518 27228910
289185700 59694204
215918762 27228910
216074641 27228910
350315926 27228910
37452339 27228910
37452339 149880108
31701506 27228910
31701506 206599680
31489312 27228910
71593631 27228910
51000600 27228910
21917799 27228910
21917799 149725183
21917799 152053331
223576147 27228910
95845006 27228910
267061250 27228910
21784080 27228910
28538760 27228910
28538760 113994055
21154719 27228910
21154719 144533961
16220954 27228910
16220954 368666976
138771370 418109271
155588243 27228910
11731102 27228910
11731102 144533961
301338001 27228910
357187156 27228910
135851274 27228910
34523696 27228910
34523696 132640678
59694204 27228910
59694204 289185700
289208595 27228910
149880108 27228910
149880108 37452339
368666976 27228910
368666976 16220954
235211265 27228910
67733140 27228910
833581190 132640678
836321150 27228910
677762107 27228910
148033198 27228910
128068595 27228910
547721242 27228910
52035866 27228910
836377657 27228910
452638490 27228910
244524956 27228910
299439630 27228910
203297234 27228910
261303992 27228910
217176457 27228910
51812093 27228910
445734294 27228910
335550171 27228910
335550171 149725183
15491715 27228910
15491715 144533961
72228195 27228910
289193007 27228910
29478535 27228910
72051416 27228910
152053331 27228910
152053331 21917799
155778320 27228910
302375760 27228910
1226224 27228910
1226224 144533961
132640678 833581190
132640678 10759610
289201473 27228910
113994055 741688518
113994055 28538760
135266277 27228910
10759610 132640678
10759610 27228910
10759610 144533961
418109271 138771370
218247395 27228910
578723729 27228910
20307967 27228910
160305503 27228910
289191362 27228910
289191362 144533961
144533961 21154719
144533961 1226224
144533961 57447216
144533961 206599680
144533961 289191362
144533961 298809005
144533961 10759610
99760039 27228910
27929513 27228910
27977943 27228910
27977943 21917799
298809005 144533961
149725183 27228910
149725183 165124875
149725183 335550171
149725183 21917799
191097877 27228910
741688518 113994055
159758392 27228910
159758392 144533961
578856280 27228910
165124875 149725183
206599680 27228910
206599680 144533961
206599680 31701506
8261676 27228910
