56948264 192311870
56948264 152674228
56948264 192277919
56948264 192262498
56948264 163940226
56948264 192292592
56948264 57462707
421462255 163940226
57579598 152545160
57579598 192311870
57579598 192292592
57579598 680047453
57579598 163940226
192277919 56948264
192277919 192292592
192277919 680047453
192277919 163940226
192262498 163940226
192262498 56948264
192262498 680047453
192262498 57462707
192262498 192292592
192311870 56948264
192311870 163940226
192311870 680047453
192259113 163940226
192305114 163940226
192308594 163940226
192300522 163940226
152728411 31639677
152728411 192311566
152728411 192311870
152728411 192292592
152728411 163940226
152728411 192262498
601659284 163940226
192304709 163940226
57462707 152527206
57462707 56948264
57462707 152674228
57462707 192292592
57462707 163940226
57462707 192262498
58417326 163940226
163384967 163940226
192292592 152527206
192292592 56948264
192292592 152674228
192292592 163940226
680047453 152545160
680047453 57579598
680047453 192302605
680047453 192311870
680047453 192277919
680047453 58098309
680047453 192262498
31639677 152728411
31639677 163940226
192259555 163940226
192263688 192292592
192263688 163940226
152527206 163940226
152527206 192292592
152527206 152674228
137335214 163940226
192311566 163940226
58098309 163940226
58098309 680047453
152674228 152527206
152674228 56948264
152674228 57462707
152674228 192292592
152674228 163940226
152545160 163940226
152545160 680047453
192270939 163940226
192302605 192292592
192302605 163940226
