152723531 152728206
152593130 152728206
152593130 152579759
152694267 152728206
152662164 58097293
152662164 152728206
152565730 152728206
41116946 152728206
41116946 57607149
152567107 152728206
152567107 152816388
152899393 152728206
581238597 152728206
57608230 152728206
582687261 152728206
28358898 152728206
152621765 152728206
69227938 152728206
16363510 152728206
58106145 152728206
58106145 152899393
152934350 152728206
534232696 152728206
82656375 152728206
61609760 152728206
61609760 152816388
61609760 58412118
152579445 152728206
152930953 152728206
102326066 152728206
155830742 152728206
152797358 152728206
152580173 152728206
248666925 152728206
152579759 152728206
58412118 152728206
136589715 152728206
58097293 152662164
57648681 152934319
57648681 152728206
57648681 3761185
57648681 248666925
57648681 152816388
57648681 115741321
152731806 152728206
82132625 152728206
152472928 152728206
152472928 57607149
152577659 152728206
36689158 58412118
36689158 152679730
152919019 152728206
581870267 152728206
152661991 152728206
152661991 61609760
152594504 152728206
152513778 152728206
601606153 152728206
427231474 152728206
58021403 152728206
58021403 152899393
152511283 152728206
152657982 152728206
152911846 152728206
152514299 152728206
152934319 152728206
152934319 57648681
152627189 152728206
152574347 152728206
152574347 57607149
421480451 152728206
152566188 152728206
152502927 152728206
152891054 152728206
298830506 152728206
298830506 152816388
58335843 152728206
3761185 152728206
3761185 57607149
3761185 57645428
152816388 152728206
152816388 298830506
152816388 57648681
152816388 61609760
152523157 152728206
152500940 152728206
152687139 152728206
128947483 152728206
67749344 152728206
67749344 152899393
90341195 152728206
152728206 581870267
152728206 57648681
152728206 152905117
57645428 3761185
58043232 152728206
152730925 152728206
152835517 152728206
152517423 152728206
152517423 152577659
566394006 152728206
115741321 152728206
115741321 57648681
580870573 152728206
152527263 152728206
152527263 57607149
210253367 152728206
152727680 152728206
152819307 152728206
152819307 152566188
152679730 152728206
57607149 3761185
57607149 152574347
57607149 152527263
57607149 41116946
57607149 152472928
152677588 152728206
349709425 152728206
152661694 152728206
52572044 152728206
152905117 152728206
