156762840 156757394
156762840 157950714
57646601 17659176
3422521 65472555
3422521 57652163
3422521 17659176
57476851 13880444
57476851 58488737
836611562 157950714
156861023 86105863
157950714 157175187
157950714 156757394
157950714 836611562
157950714 156762840
157950714 23165845
17659176 152674986
17659176 44753148
17659176 57646601
17659176 3422521
98966272 42487867
207651185 164934265
601661603 44753148
601661603 582822514
156757394 157175187
156757394 157950714
156757394 156762840
57069334 23165845
57069334 58478254
57069334 152595386
57652236 4806761
57652236 210187779
44760247 65433806
44760247 23165845
57068341 152595386
157175187 156757394
157175187 157950714
23165845 234175511
58478254 152595386
57652163 3422521
210187779 57652236
4806761 57652236
65433806 44760247
33567840 13880444
44753148 601661603
44753148 17659176
152595386 57068341
152595386 57069334
152595386 652999043
152595386 58478254
58488737 57476851
152674986 17659176
164934265 207651185
581857044 3422521
234175511 23165845
582822514 601661603
652999043 58478254
652999043 152595386
156777718 156757394
42487867 98966272
