205885473 45162036
205885473 56868999
205885473 11984269
205885473 82643732
205885473 152689132
205885473 298859445
205885473 58112640
205885473 42106086
205885473 58263865
205885473 301972263
205885473 41693137
205885473 45161830
205885473 74614241
205885473 28104089
205885473 122748397
205885473 253911516
205885473 56937114
205885473 5438898
205885473 57580043
205885473 54398136
205885473 45226339
205885473 4744731
205885473 205885099
205885473 7968377
205885473 152596585
205885473 11875775
205885473 167840892
205885473 205885406
205885473 64562913
205885473 128732460
205885473 205884893
205885473 50651829
205885473 54413601
205885473 73690719
205885473 421462298
205885473 152877613
152620654 45162036
152620654 152689132
152620654 45161830
152620654 45162109
4838900 45162109
4838900 56937114
299499572 57771013
299499572 42106086
299499572 57609742
299499572 219586839
299499572 45161830
299499572 56937114
299499572 421466135
299499572 205885406
299499572 72843371
299499572 13498687
299499572 421462298
299499572 54413601
54396470 5438898
54396470 45226339
54396470 57305916
976150 11984269
976150 45162109
976150 64562913
45226339 56907386
45226339 58112640
45226339 54396470
45226339 74614241
45226339 45162109
45226339 185889826
45226339 56937114
45226339 5438898
45226339 57580043
45226339 58492656
45226339 205885473
45226339 4744731
45226339 205885406
45226339 72843371
45226339 205884893
45226339 54413601
57645883 5438898
57645883 11984269
57645883 58112640
57645883 16159527
57645883 45162109
57645883 152892204
57645883 128732460
57645883 421462298
152656102 45162036
152656102 56868999
152656102 58112640
152656102 152565869
152656102 45162109
152656102 7968377
152656102 152596585
152656102 167840892
152656102 205885406
7968377 57580043
7968377 45162109
7968377 74614241
7968377 45161830
7968377 152656102
7968377 57771013
7968377 56868999
7968377 421466135
7968377 205885406
7968377 128732460
7968377 16523641
7968377 72843371
59846495 56868999
59846495 11984269
59846495 58112640
59846495 42106086
59846495 45162109
59846495 57580043
59846495 73690719
59846495 13498687
50651829 167840892
50651829 45162109
50651829 11984269
50651829 298859445
50651829 205885473
50651829 152596585
50651829 57305916
50651829 72843371
50651829 57609742
50651829 7437188
50651829 56937114
50651829 128732460
50651829 205885099
50651829 56868999
89449257 45162109
205885406 45162036
205885406 56907386
205885406 58112640
205885406 45162109
205885406 57305916
205885406 45226339
205885406 74614241
205885406 152656102
205885406 56937114
205885406 58263865
205885406 299499572
205885406 4744731
205885406 7437188
205885406 56868999
205885406 205885473
205885406 45161830
205885406 57609742
205885406 11984269
205885406 7968377
205885406 128732460
205885406 72843371
205885406 65499074
205885406 54413601
205885406 73690719
205885406 13498687
219586839 45161830
219586839 299499572
169528108 74614241
45162109 58246033
45162109 10983468
45162109 39795715
45162109 56868999
45162109 160437175
45162109 7437188
45162109 98772421
45162109 5438898
45162109 57580043
45162109 59846495
45162109 11984269
45162109 56907386
45162109 601650253
45162109 976150
45162109 82643732
45162109 152620654
45162109 54398136
45162109 298859445
45162109 57645883
45162109 89449257
45162109 123290393
45162109 42106086
45162109 788846099
45162109 4838900
45162109 57609742
45162109 205885473
45162109 45226339
45162109 152656102
45162109 57305916
45162109 219586839
45162109 45161830
45162109 152362804
45162109 74614241
45162109 677184131
45162109 28104089
45162109 122748397
45162109 185889826
45162109 253911516
45162109 56937114
45162109 4744731
45162109 205885099
45162109 30954595
45162109 7968377
45162109 152596585
45162109 11875775
45162109 167840892
45162109 205885406
45162109 64562913
45162109 298850845
45162109 72843371
45162109 205884893
45162109 65499074
45162109 50651829
45162109 54413601
45162109 73690719
45162109 56907330
45162109 152877613
45162109 421462298
45162109 12784702
298859445 45162109
298859445 50651829
122748397 56868999
122748397 45161830
122748397 45162109
122748397 205885099
122748397 128732460
122748397 72843371
122748397 54413601
122748397 13498687
152565869 152656102
152565869 152877613
253911516 45162109
128732460 5438898
128732460 82643732
128732460 205885406
128732460 152596585
128732460 57645883
128732460 58112640
128732460 11984269
128732460 56937114
128732460 56868999
128732460 57305916
128732460 54413601
128732460 3651689
56907386 11984269
56907386 58112640
56907386 45226339
56907386 45162109
56907386 28104089
56907386 205885406
56907386 128732460
56907386 73690719
57580043 56868999
57580043 45162109
57580043 59846495
57580043 205885473
57580043 45226339
57580043 7968377
57580043 54413601
788846099 45162109
185889826 45226339
185889826 45161830
185889826 4744731
185889826 16523641
185889826 65499074
155415950 16159527
155415950 28058172
30954595 57305916
30954595 58112640
30954595 45162109
30954595 56868999
30954595 11984269
30954595 152596585
30954595 421466135
30954595 72843371
30954595 54413601
16159527 3651689
16159527 28058172
16159527 12784702
50634850 16523641
152892204 4744731
152892204 57645883
152892204 11984269
152892204 28104089
152892204 45162036
152892204 72843371
152892204 152877613
152892204 13498687
72843371 30954595
72843371 45161830
72843371 45226339
72843371 11984269
72843371 56937114
72843371 16523641
72843371 54398136
72843371 152892204
72843371 5438898
72843371 16159527
72843371 205885406
72843371 45162109
72843371 27403938
72843371 58112640
72843371 10983468
72843371 301972263
72843371 42106086
72843371 82643732
72843371 122748397
72843371 205885473
72843371 205885099
72843371 4744731
72843371 57305916
72843371 152596585
72843371 58492656
72843371 7968377
72843371 299499572
72843371 58263865
72843371 65499074
72843371 28058172
72843371 50651829
72843371 54413601
160437175 45162109
45162036 56868999
45162036 5438898
45162036 11984269
45162036 152596585
45162036 152620654
45162036 58112640
45162036 205885473
45162036 152656102
45162036 45161830
45162036 74614241
45162036 45162109
45162036 122748397
45162036 4744731
45162036 152892204
45162036 205885406
45162036 13498687
45162036 73690719
45162036 54413601
73690719 11875775
73690719 45162109
73690719 54413601
73690719 122748397
73690719 54398136
73690719 58112640
73690719 167840892
73690719 45161830
73690719 299499572
73690719 74614241
73690719 64562913
73690719 205885406
73690719 57305916
73690719 45162036
73690719 56868999
73690719 39795715
73690719 7968377
73690719 59846495
73690719 56907386
73690719 7437188
73690719 13498687
39795715 45162109
39795715 5438898
39795715 13498687
39795715 73690719
5438898 45162036
5438898 58246033
5438898 56868999
5438898 45161830
5438898 54396470
5438898 45162109
5438898 39795715
5438898 205885473
5438898 4744731
5438898 64562913
5438898 128732460
5438898 72843371
5438898 65499074
5438898 3651689
28058172 16523641
28058172 152713210
28058172 72843371
28058172 50191998
28058172 155415950
28058172 57305916
28058172 421466135
28058172 26383740
28058172 3651689
28058172 16159527
28058172 27880391
56868999 45162036
56868999 5438898
56868999 57580043
56868999 59846495
56868999 11984269
56868999 18292286
56868999 57771013
56868999 36688874
56868999 205885473
56868999 58263865
56868999 152602332
56868999 152656102
56868999 74614241
56868999 45162109
56868999 122748397
56868999 56937114
56868999 205885099
56868999 30954595
56868999 7968377
56868999 152596585
56868999 205885406
56868999 64562913
56868999 128732460
56868999 50651829
56868999 54413601
56868999 73690719
205885099 56868999
205885099 11984269
205885099 56937114
205885099 122748397
205885099 58112640
205885099 45162109
205885099 152596585
205885099 50651829
205885099 72843371
36688874 56868999
18292286 56868999
18292286 42106086
18292286 45161830
298850845 45162109
13498687 39795715
13498687 128732460
13498687 54413601
13498687 54398136
13498687 45162036
13498687 45161830
13498687 205885406
13498687 299499572
13498687 12784702
13498687 7437188
13498687 152892204
13498687 122748397
13498687 64562913
13498687 4744731
13498687 59846495
13498687 3651689
42106086 59846495
42106086 18292286
42106086 4838900
42106086 205885473
42106086 41693137
42106086 57305916
42106086 219586839
42106086 45161830
42106086 152362804
42106086 299499572
42106086 45162109
42106086 56937114
42106086 152596585
42106086 11875775
42106086 72843371
42106086 205884893
42106086 12784702
42106086 56907330
205884893 56937114
205884893 45162109
205884893 42106086
205884893 45226339
205884893 205885473
205884893 57305916
50191998 28058172
54398136 11984269
54398136 57305916
54398136 45162109
54398136 122748397
54398136 128732460
54398136 72843371
54398136 54413601
54398136 73690719
27403938 72843371
27403938 65499074
81377724 16159527
26383740 11984269
26383740 28058172
26383740 138188584
26383740 16159527
167840892 11875775
167840892 45162109
167840892 205885473
167840892 152656102
167840892 73690719
65499074 42106086
65499074 205885406
65499074 16523641
65499074 72843371
65499074 27403938
65499074 5438898
65499074 45162109
65499074 185889826
65499074 421466135
65499074 56907330
472808859 74614241
41693137 42106086
41693137 205885473
41693137 45161830
3651689 28058172
3651689 152877613
3651689 16523641
3651689 128732460
3651689 5438898
3651689 16159527
45161830 45162036
45161830 7437188
45161830 5438898
45161830 18292286
45161830 42106086
45161830 41693137
45161830 219586839
45161830 299499572
45161830 677184131
45161830 45162109
45161830 122748397
45161830 185889826
45161830 4744731
45161830 7968377
45161830 152596585
45161830 205885406
45161830 128732460
45161830 72843371
45161830 13498687
45161830 54413601
123290393 57580043
123290393 45162109
152877613 152892204
152877613 82643732
152877613 152565869
152877613 45162109
152877613 128732460
152877613 3651689
152713210 28058172
10983468 45162109
10983468 72843371
152602332 56868999
152602332 56937114
11875775 45162109
11875775 205885473
11875775 42106086
11875775 167840892
11875775 73690719
57771013 56868999
57771013 58112640
57771013 299499572
57771013 7968377
57609742 58263865
57609742 299499572
57609742 45162109
57609742 4744731
57609742 205885406
57609742 128732460
57609742 73690719
57609742 50651829
82643732 205885473
82643732 45162109
82643732 4744731
82643732 152596585
82643732 152877613
82643732 54413601
82643732 72843371
82643732 128732460
28104089 56907386
28104089 205885473
28104089 57305916
28104089 45162109
28104089 152892204
28104089 54413601
58263865 56868999
58263865 7437188
58263865 11984269
58263865 205885473
58263865 72843371
58263865 205885406
677184131 58263865
677184131 45161830
677184131 45162109
421466135 30954595
421466135 299499572
421466135 16523641
421466135 65499074
421466135 28058172
64562913 976150
64562913 5438898
64562913 45162109
64562913 56868999
64562913 11984269
64562913 57305916
64562913 54413601
64562913 73690719
64562913 13498687
11984269 45162036
11984269 56868999
11984269 59846495
11984269 56907386
11984269 976150
11984269 54398136
11984269 57645883
11984269 58492656
11984269 205885473
11984269 58263865
11984269 45162109
11984269 56937114
11984269 4744731
11984269 205885099
11984269 152892204
11984269 30954595
11984269 205885406
11984269 64562913
11984269 128732460
11984269 72843371
11984269 50651829
11984269 54413601
11984269 26383740
77740734 45162109
4744731 5438898
4744731 16159527
4744731 7437188
4744731 45162109
4744731 58246033
4744731 185889826
4744731 45161830
4744731 56937114
4744731 11984269
4744731 45162036
4744731 152892204
4744731 152596585
4744731 205885406
4744731 72843371
4744731 12784702
4744731 13498687
4744731 3651689
601650253 45162109
56937114 56868999
56937114 7437188
56937114 5438898
56937114 11984269
56937114 56907386
56937114 298859445
56937114 42106086
56937114 4838900
56937114 45226339
56937114 472808859
56937114 152602332
56937114 219586839
56937114 152362804
56937114 299499572
56937114 74614241
56937114 45162109
56937114 122748397
56937114 4744731
56937114 205885099
56937114 205885406
56937114 128732460
56937114 72843371
56937114 205884893
56937114 50651829
56937114 12784702
56937114 56907330
56937114 13498687
57305916 7437188
57305916 54398136
57305916 42106086
57305916 152656102
57305916 219586839
57305916 45161830
57305916 54396470
57305916 45162109
57305916 28104089
57305916 122748397
57305916 4744731
57305916 30954595
57305916 7968377
57305916 205885406
57305916 64562913
57305916 128732460
57305916 72843371
57305916 205884893
57305916 28058172
57305916 50651829
57305916 54413601
57305916 73690719
301972263 72843371
152596585 45162036
152596585 205885473
152596585 82643732
152596585 42106086
152596585 45161830
152596585 205885099
152596585 45162109
152596585 56868999
152596585 7968377
152596585 30954595
152596585 152656102
152596585 4744731
152596585 421466135
152596585 128732460
152596585 54413601
152596585 50651829
152596585 72843371
421462298 205885473
421462298 57645883
421462298 299499572
421462298 45162109
7437188 58263865
7437188 45161830
7437188 74614241
7437188 4744731
7437188 152596585
7437188 205885406
7437188 73690719
7437188 13498687
56907330 45162109
56907330 65499074
56907330 56937114
56907330 42106086
27880391 28058172
152362804 42106086
16523641 50634850
16523641 205885406
16523641 421466135
16523641 7968377
16523641 72843371
16523641 65499074
16523641 28058172
16523641 3651689
152689132 152620654
152689132 205885473
74614241 45162036
74614241 56868999
74614241 169528108
74614241 472808859
74614241 45162109
74614241 7968377
74614241 205885406
74614241 12784702
58492656 11984269
58492656 45226339
58492656 72843371
58246033 5438898
58246033 205885473
58246033 45162109
58246033 4744731
12784702 74614241
12784702 56937114
12784702 45162109
12784702 4744731
12784702 13498687
12784702 16159527
58112640 45162036
58112640 59846495
58112640 56907386
58112640 57771013
58112640 57645883
58112640 45226339
58112640 152656102
58112640 45161830
58112640 122748397
58112640 4744731
58112640 205885099
58112640 30954595
58112640 205885406
58112640 128732460
58112640 72843371
58112640 54413601
58112640 152877613
58112640 73690719
54413601 5438898
54413601 45226339
54413601 45161830
54413601 128732460
54413601 28104089
54413601 7437188
54413601 64562913
54413601 4744731
54413601 74614241
54413601 299499572
54413601 72843371
54413601 11984269
54413601 56868999
54413601 205885473
54413601 57580043
54413601 45162036
54413601 54398136
54413601 57305916
54413601 45162109
54413601 7968377
54413601 205885406
54413601 58112640
54413601 30954595
54413601 152596585
54413601 13498687
54413601 152877613
