643786696 710800130
643786696 107476941
643786696 155308939
643786696 155303780
643786696 142562282
643786696 65499074
643786696 252043380
643786696 362983588
643786696 215747976
643786696 24253636
43671804 155308939
24253636 155303780
24253636 643786696
24253636 107476941
24253636 65499074
24253636 142562282
24253636 215747976
24253636 252043380
756520198 152788563
756520198 401156658
78539066 78776129
833544605 152574699
833544605 401156658
788843436 401156658
788843436 72962870
421489681 401156658
421489681 142562282
421489681 155303780
421489681 155308939
421489681 326864410
833394070 152473907
833394070 401156658
833394070 152574699
326864410 421489681
326864410 142562282
326864410 155303780
326864410 155308939
167813540 80328027
167813540 127571182
184081728 73887841
581316144 152788563
581316144 152574699
581316144 49259451
581316144 421505702
581316144 152670356
581316144 401156658
581316144 362983588
581316144 1768847
833332637 401156658
833332637 152788563
163792750 401156658
155859527 401156658
155859527 107476941
49259451 581316144
49259451 152788563
49259451 756520198
49259451 138573075
49259451 152670356
49259451 224337220
49259451 401156658
49259451 152574699
49259451 127747635
49259451 155303780
49259451 1768847
49259451 142562282
49259451 65499074
252043380 107476941
252043380 24253636
252043380 65499074
252043380 138573075
252043380 710800130
252043380 152788563
252043380 1768847
252043380 127747635
252043380 155308939
252043380 643786696
252043380 142562282
252043380 421480677
138573075 152788563
138573075 252043380
78776129 401156658
73887841 184081728
72962870 152788563
72962870 142562282
72962870 155308939
836611782 455022250
152500034 802183250
421476296 142562282
421476296 155303780
421476296 401156658
421476296 155308939
215747976 643786696
215747976 155303780
215747976 107476941
215747976 24253636
215747976 155308939
80328027 167813540
80328027 142562282
650618562 401156658
127747635 152788563
127747635 49259451
127747635 12750695
127747635 252043380
152506686 152788563
152506686 107476941
152670356 581316144
152670356 152788563
152670356 152574699
152670356 49259451
152670356 401156658
152670356 1768847
224337220 152788563
677124984 152788563
152530931 152788563
130089825 155308939
254011673 142562282
142562282 155308939
142562282 80328027
142562282 326864410
142562282 768567123
142562282 643786696
142562282 155303780
142562282 2264394
142562282 254011673
142562282 107476941
142562282 401156658
142562282 710800130
142562282 149527742
142562282 49259451
142562282 78776129
142562282 72962870
142562282 65499074
142562282 24253636
142562282 81377665
142562282 215747976
142562282 362983588
142562282 421476296
142562282 252043380
834116830 401156658
421553294 401156658
152574699 152530931
152574699 581316144
152574699 152788563
152574699 833544605
152574699 833394070
152574699 756520198
152574699 138573075
152574699 152670356
152574699 604343984
152574699 401156658
152574699 49259451
152574699 127747635
152574699 1768847
152574699 362983588
155308939 768567123
155308939 130089825
155308939 401156658
155308939 643786696
155308939 326864410
155308939 107476941
155308939 116379881
155308939 152788563
155308939 155303780
155308939 142562282
155308939 215747976
155308939 362983588
155308939 421476296
155308939 252043380
455022250 836611782
58100228 401156658
152819502 155308939
133151360 401156658
833329647 401156658
710800130 643786696
710800130 252043380
710800130 142562282
65499074 107476941
65499074 1768847
65499074 643786696
65499074 142562282
65499074 116379881
65499074 12750695
65499074 756505159
65499074 49259451
65499074 24253636
65499074 362983588
65499074 252043380
445880019 401156658
421480677 155308939
421480677 155303780
421480677 252043380
107476941 155859527
107476941 152506686
107476941 116379881
107476941 643786696
107476941 155308939
107476941 155303780
107476941 142562282
107476941 65499074
107476941 24253636
107476941 215747976
107476941 362983588
107476941 252043380
2264394 401156658
2264394 155308939
2264394 142562282
1768847 152574699
1768847 581316144
1768847 152788563
1768847 49259451
1768847 65499074
1768847 252043380
127571182 167813540
127571182 401156658
116379881 107476941
116379881 155308939
116379881 155303780
116379881 65499074
768567123 142562282
768567123 155308939
421505702 401156658
149527742 152788563
149527742 401156658
149527742 142562282
756505159 152788563
756505159 65499074
756505159 2264394
152921613 152788563
164683527 401156658
155303780 107476941
155303780 155308939
155303780 326864410
155303780 401156658
155303780 643786696
155303780 142562282
155303780 24253636
155303780 215747976
155303780 362983588
155303780 421476296
25447833 401156658
152788563 581316144
152788563 677124984
152788563 152574699
152788563 756520198
152788563 756505159
152788563 49259451
152788563 152506686
152788563 152670356
152788563 224337220
152788563 401156658
152788563 127747635
152788563 149527742
152788563 111010930
152788563 155308939
152788563 1768847
152788563 252043380
833957646 401156658
152473907 401156658
152473907 833394070
499647093 401156658
362983588 643786696
362983588 142562282
362983588 581316144
362983588 155308939
362983588 107476941
362983588 65499074
362983588 401156658
362983588 155303780
833313542 401156658
604343984 152574699
