59598315 609144661
59598315 57959458
299263117 57959458
638095397 57959458
268709134 152668917
268709134 57959458
268709134 371024169
57636841 57959458
728415979 57959458
152668917 57959458
421485468 609144661
421485468 152513550
421485468 89084485
421485468 57959458
83255129 57959458
205885187 298852024
205885187 152513550
205885187 57959458
130257641 57959458
67146371 57959458
252087122 285386750
559726163 27179408
559726163 57959458
252043380 34190360
252043380 61961350
252043380 57959458
252043380 50847858
252043380 30340414
252043380 49909346
252043380 57602221
28363979 57959458
81377665 57959458
285386750 252087122
285386750 57959458
149545979 45514054
149545979 81377665
149545979 57959458
620607631 57959458
58947319 57959458
156930893 57602221
152848525 29441658
152848525 57959458
288280831 57959458
26336367 57602221
26336367 57959458
559784186 57959458
298852024 205885187
298852024 57959458
214769811 2264373
81378128 57959458
50847858 252043380
50847858 57959458
50847858 421480776
57959458 45514054
57959458 61961350
57959458 49909346
57959458 130257641
57959458 2264373
57959458 81378128
57959458 152668917
57959458 89084485
57959458 50847858
57959458 421480776
57959458 214285306
57959458 34190360
57959458 30340414
57959458 152848525
57959458 84198899
57959458 415997277
57959458 67146371
57959458 205885187
57959458 532838735
57959458 28363979
57959458 83255129
57959458 57602221
57959458 7000999
57959458 609144661
57959458 26336367
57959458 559784186
57959458 358262694
57959458 28959385
57959458 421485468
57959458 30337522
57959458 559726163
57959458 74964219
57959458 57636841
57959458 298852024
57959458 27179408
57959458 252087122
57959458 620607631
57959458 73830416
57959458 149545979
57959458 81377665
57959458 252043380
30340414 252043380
30340414 57959458
84198899 57959458
28959385 57959458
73830416 57959458
29441658 152848525
29441658 152513550
57602221 156930893
57602221 252043380
57602221 57959458
89084485 57959458
30337522 57959458
609144661 59598315
609144661 152815995
609144661 421485468
609144661 57959458
358262694 57959458
2264373 214769811
2264373 57959458
415997277 57959458
415997277 209015277
152815995 609144661
152815995 57959458
209015277 415997277
34190360 30337522
34190360 57959458
34190360 252043380
7000999 57959458
299569973 28363979
27179408 195317267
27179408 559726163
27179408 57959458
45514054 57959458
214285306 57959458
74964219 57959458
61961350 252043380
61961350 57959458
421464893 57959458
49909346 57959458
49909346 252043380
532838735 57959458
806232940 57959458
152513550 421485468
152513550 29441658
152513550 609144661
152513550 205885187
152513550 57959458
195317267 27179408
421480776 50847858
