152535092 132027173
152535092 299521397
152474737 195475043
152474737 58266644
152474737 357564168
58266644 152581741
58266644 828447795
58266644 7674409
58266644 298850857
58266644 152477462
58266644 142562282
421484760 357564168
421484760 107476941
421484760 142562282
51582587 142562282
421487321 357564168
421487321 152477462
421487321 142562282
22053487 19285426
22053487 177063526
78961479 152581741
78961479 357564168
78961479 142562282
24679236 107476941
24679236 152535092
24679236 132027173
24679236 138452810
24679236 142562282
24679236 19285426
812493550 138332738
812493550 149526857
812493550 49294869
812493550 142562282
69407631 26263912
69407631 21259861
81376989 129107816
299521397 152535092
299521397 152581741
299521397 833272744
299521397 357564168
299521397 65474998
299521397 49294869
299521397 52450086
45223053 357564168
45223053 58001175
45223053 4799875
58001175 142562282
58001175 45223053
212625997 4799875
177063526 142562282
152581741 305776073
152581741 73891667
152581741 152572934
152581741 299521397
152581741 357564168
152581741 78961479
152581741 58266644
152581741 107476941
152581741 142562282
152581741 49294869
152581741 149526857
152581741 215747976
61951533 21259861
2264323 142562282
528216482 357564168
528216482 142562282
152622083 357564168
152622083 72520581
349769334 65474998
58006459 152581741
215747976 152581741
215747976 357564168
215747976 107476941
7674409 195475043
7674409 357564168
7674409 73514440
7674409 138332738
7674409 58266644
7674409 142562282
152572934 152581741
152572934 142562282
497755572 152572934
497755572 357564168
497755572 107476941
212802074 195475043
212802074 177063526
212802074 357564168
212802074 58266644
212802074 7674409
212802074 142562282
305776073 152581741
142562282 152524347
142562282 812493550
142562282 833272744
142562282 58001175
142562282 24679236
142562282 7674409
142562282 73514440
142562282 212625877
142562282 421484760
142562282 152937214
142562282 421487321
142562282 305776073
142562282 26263912
142562282 357564168
142562282 107476941
142562282 78961479
142562282 138452810
142562282 152477462
142562282 51582587
142562282 177063526
142562282 212802074
142562282 212625997
142562282 65474998
142562282 828447795
142562282 58266644
142562282 152572934
142562282 2264323
142562282 528216482
142562282 152581741
142562282 138332738
142562282 49294869
142562282 19285426
142562282 72520581
142562282 92513586
142562282 380118161
142562282 215747976
142562282 52450086
72520581 142562282
195475043 152474737
195475043 212802074
195475043 2264323
195475043 26263912
195475043 58266644
195475043 7674409
195475043 298850857
357564168 299521397
357564168 129107816
357564168 152622083
357564168 58163798
357564168 107476941
357564168 7674409
357564168 65474998
357564168 4799875
357564168 80768682
357564168 45223053
357564168 152477462
357564168 142562282
357564168 215747976
357564168 52450086
152846431 357564168
152846431 215747976
19285426 24679236
19285426 152937214
19285426 138452810
19285426 107476941
19285426 4799875
19285426 152477462
19285426 142562282
19285426 357564168
19285426 633989170
19285426 215747976
19285426 22053487
189168236 609430751
189168236 7674409
138332738 357564168
138332738 7674409
138332738 812493550
138332738 142562282
828447795 142562282
828447795 7674409
828447795 58266644
828447795 357564168
828447795 152581741
609430751 189168236
107476941 24679236
107476941 57439380
107476941 357564168
107476941 138452810
107476941 152581741
107476941 497755572
107476941 421484760
107476941 65474998
107476941 21259861
107476941 152477462
107476941 142562282
107476941 49294869
107476941 19285426
107476941 149526857
107476941 215747976
25753775 357564168
633989170 19285426
152937214 81376989
152937214 142562282
217163817 4799875
26263912 69407631
26263912 195475043
26263912 298850857
26263912 142562282
833272744 299521397
73891667 152581741
73891667 357564168
73891667 4799875
21259861 69407631
21259861 61951533
21259861 107476941
380118161 142562282
52450086 357564168
52450086 49294869
52450086 142562282
52450086 25753775
52450086 299521397
132027173 152535092
58163798 357564168
58163798 215747976
93725168 152477462
251835455 212802074
251835455 177063526
251835455 4799875
4799875 357564168
4799875 65474998
4799875 217163817
4799875 212625997
4799875 152535092
4799875 73891667
4799875 45223053
4799875 19285426
73514440 7674409
73514440 142562282
138452810 24679236
138452810 107476941
138452810 152477462
57439380 107476941
152932686 357564168
49294869 142562282
49294869 298850857
49294869 58266644
49294869 357564168
49294869 812493550
49294869 107476941
49294869 58163798
49294869 152581741
49294869 212625877
49294869 299521397
49294869 138452810
49294869 19285426
49294869 149526857
49294869 52450086
65474998 299521397
65474998 107476941
65474998 357564168
92513586 142562282
298850857 58266644
298850857 195475043
298850857 26263912
152477462 421487321
152477462 107476941
152477462 357564168
152477462 138452810
152477462 58266644
152477462 19285426
212625877 215747976
212625877 49294869
212625877 142562282
149526857 152581741
149526857 107476941
149526857 812493550
149526857 19285426
149526857 49294869
80768682 357564168
