10013848 57649419
10013848 57645133
10013848 57651442
10013848 57651194
10013848 40014311
10013848 57649152
10013848 57643839
10013848 57647341
10013848 57643314
10013848 57644294
10013848 44759306
10013848 57652487
10013848 57647648
10013848 152809006
10013848 57652973
10013848 57649158
10013848 11319474
10013848 57653127
10013848 57648554
10013848 97440793
10013848 587067794
10013848 57653024
10013848 19075432
10013848 57646921
10013848 23322283
10013848 57994033
57644294 152956849
57644294 57645133
57644294 57651442
57644294 40014311
57644294 57649152
57644294 57643839
57644294 57647341
57644294 57648963
57644294 210223188
57644294 10013848
57644294 57643314
57644294 57647648
57644294 57643814
57644294 11319474
57644294 57653127
57644294 57648554
57644294 97440793
57644294 57653024
57644294 19075432
57644294 23322283
57644294 152821498
57644294 152928977
57644294 58424546
152519327 57649419
152519327 57645133
152519327 40014311
152519327 57643839
152519327 152591962
152519327 57648963
152519327 57643314
152519327 58265038
152519327 57652487
152519327 57647648
152519327 57652973
152519327 57649158
152519327 11319474
152519327 97440793
152519327 57653024
152519327 57646921
11319474 152956849
11319474 57643314
11319474 207078539
11319474 57643814
11319474 57644294
11319474 210223188
11319474 57647341
11319474 57645133
11319474 152898700
11319474 57643684
11319474 40014311
11319474 57643839
11319474 57647648
11319474 152809006
11319474 57649152
11319474 57648963
11319474 10013848
11319474 57649419
11319474 57649158
11319474 58265038
11319474 57651194
11319474 57651057
11319474 152595875
11319474 57652973
11319474 57651442
11319474 152519327
11319474 57997248
11319474 57652487
11319474 44759306
11319474 152591962
11319474 761568487
11319474 152578411
11319474 152546035
11319474 152564261
11319474 57653127
11319474 57648554
11319474 97440793
11319474 587067794
11319474 57653024
11319474 19075432
11319474 57646921
11319474 23322283
11319474 152821498
11319474 152928977
11319474 58424546
11319474 163543991
57643839 152956849
57643839 761568487
57643839 152546035
57643839 57645133
57643839 57651442
57643839 57651194
57643839 152925397
57643839 40014311
57643839 152519327
57643839 57643684
57643839 57649152
57643839 57651057
57643839 152564261
57643839 152919000
57643839 57647341
57643839 149543289
57643839 57648963
57643839 210223188
57643839 10013848
57643839 57643314
57643839 152595875
57643839 57644294
57643839 44759306
57643839 57652487
57643839 152928399
57643839 57647648
57643839 152809006
57643839 57643814
57643839 57652973
57643839 67521714
57643839 57649158
57643839 11319474
57643839 57653127
57643839 57648554
57643839 97440793
57643839 587067794
57643839 57653024
57643839 19075432
57643839 57646921
57643839 23322283
57643839 152821498
57643839 57994033
57643839 152928977
57643839 83920561
57643839 58424546
152928399 152956849
152928399 57643839
152928399 57646921
761568487 57645133
761568487 57651442
761568487 40014311
761568487 57643839
761568487 57647341
761568487 210223188
761568487 57643314
761568487 152578411
761568487 44759306
761568487 57652487
761568487 57647648
761568487 152809006
761568487 57652973
761568487 57649158
761568487 11319474
761568487 57653127
761568487 57648554
761568487 97440793
761568487 587067794
761568487 19075432
761568487 57646921
761568487 57994033
761568487 83920561
207078539 57645133
207078539 11319474
207078539 44759306
152821498 57643839
152821498 57643814
152821498 97440793
152821498 19075432
152821498 57644294
152821498 57647648
152821498 11319474
152821498 57645133
152821498 57648554
152821498 57643314
152809006 57645133
152809006 40014311
152809006 57649152
152809006 57643839
152809006 57647341
152809006 210223188
152809006 57643314
152809006 11319474
152809006 57648554
152809006 19075432
152809006 57646921
152578411 761568487
152578411 57651442
152578411 44759306
152578411 11319474
152578411 57646921
152578411 163543991
44759306 152898700
44759306 761568487
44759306 152546035
44759306 57645133
44759306 57651442
44759306 57651194
44759306 207078539
44759306 40014311
44759306 57649152
44759306 57643839
44759306 57647341
44759306 57648963
44759306 10013848
44759306 57643314
44759306 58265038
44759306 152578411
44759306 57652487
44759306 57647648
44759306 57652973
44759306 57649158
44759306 11319474
44759306 57653127
44759306 57648554
44759306 97440793
44759306 587067794
44759306 57653024
44759306 19075432
44759306 57646921
44759306 23322283
44759306 57994033
44759306 152928977
44759306 83920561
58265038 152519327
58265038 57649152
58265038 57647341
58265038 57648963
58265038 44759306
58265038 57647648
58265038 11319474
58265038 57648554
58265038 19075432
57651442 152956849
57651442 761568487
57651442 57645133
57651442 57651194
57651442 40014311
57651442 57649152
57651442 152564261
57651442 57643839
57651442 57647341
57651442 57648963
57651442 10013848
57651442 57643314
57651442 152578411
57651442 215734804
57651442 57644294
57651442 44759306
57651442 57652487
57651442 57647648
57651442 57652973
57651442 57649158
57651442 11319474
57651442 57653127
57651442 57648554
57651442 97440793
57651442 587067794
57651442 57653024
57651442 19075432
57651442 57646921
57651442 14248729
57651442 57994033
57651442 152928977
57651442 83920561
57652487 761568487
57652487 57645133
57652487 57651442
57652487 57651194
57652487 40014311
57652487 152519327
57652487 57649152
57652487 57643839
57652487 57647341
57652487 57648963
57652487 210223188
57652487 10013848
57652487 57643314
57652487 44759306
57652487 57647648
57652487 57652973
57652487 57649158
57652487 11319474
57652487 57653127
57652487 57648554
57652487 97440793
57652487 57653024
57652487 19075432
57652487 57646921
57652973 152956849
57652973 761568487
57652973 57645133
57652973 57651442
57652973 40014311
57652973 152519327
57652973 57649152
57652973 57643839
57652973 57647341
57652973 57648963
57652973 10013848
57652973 57643314
57652973 44759306
57652973 57652487
57652973 57647648
57652973 57649158
57652973 11319474
57652973 57653127
57652973 57648554
57652973 97440793
57652973 587067794
57652973 57653024
57652973 19075432
57652973 57646921
57652973 57994033
57652973 152928977
57652973 83920561
10849707 152595875
10849707 254993545
10849707 73198614
58424546 57643839
58424546 11319474
58424546 57643814
58424546 57647341
58424546 152956849
58424546 40014311
58424546 57646921
58424546 57647648
58424546 57643684
58424546 97440793
58424546 57643314
58424546 57645133
58424546 57648554
58424546 152928977
58424546 57649152
58424546 57644294
58424546 67521714
152735385 57645133
152735385 19075432
67521714 57643839
67521714 40014311
67521714 210223188
67521714 57645133
67521714 57643314
67521714 57648963
67521714 152956849
67521714 57649419
67521714 57649152
67521714 57653127
67521714 57648554
67521714 97440793
67521714 57653024
67521714 19075432
67521714 58424546
152595875 57645133
152595875 57651194
152595875 40014311
152595875 57643839
152595875 57647341
152595875 57643314
152595875 129107816
152595875 57643684
152595875 57649152
152595875 587067794
152595875 57649158
152595875 11319474
152595875 97440793
152595875 57653024
152595875 19075432
152595875 57646921
152595875 116379881
152595875 23322283
152595875 254993545
152595875 83920561
152595875 10849707
152595875 52450086
152595875 73198614
152595875 163543991
152595875 252043380
152595875 298838230
23322283 57643839
23322283 57647341
23322283 57646921
23322283 57644294
23322283 11319474
23322283 57648554
23322283 40014311
23322283 57645133
23322283 57649158
23322283 152595875
23322283 19075432
23322283 57649152
23322283 57643314
23322283 57647648
23322283 44759306
23322283 587067794
23322283 10013848
23322283 57649419
23322283 152591962
23322283 57653127
23322283 152928977
23322283 83920561
252043380 73198614
252043380 57643814
252043380 152595875
252043380 57649158
252043380 163543991
252043380 52450086
14248729 19075432
14248729 57651442
14248729 57647341
57648963 152956849
57648963 57649419
57648963 57645133
57648963 152711646
57648963 57651442
57648963 40014311
57648963 152519327
57648963 57649152
57648963 152564261
57648963 57643839
57648963 57647341
57648963 57643314
57648963 58265038
57648963 57644294
57648963 44759306
57648963 57652487
57648963 57647648
57648963 57652973
57648963 37604801
57648963 67521714
57648963 57649158
57648963 11319474
57648963 57653127
57648963 57648554
57648963 97440793
57648963 587067794
57648963 57653024
57648963 19075432
57648963 57646921
57648963 38923011
57648963 152571947
57648963 57994033
57648963 152928977
152929017 97440793
57645133 152956849
57645133 761568487
57645133 152711646
57645133 57651442
57645133 57651194
57645133 52571646
57645133 207078539
57645133 40014311
57645133 152519327
57645133 57643684
57645133 57649152
57645133 32058155
57645133 57651057
57645133 57643839
57645133 57647341
57645133 152591962
57645133 57648963
57645133 210223188
57645133 10013848
57645133 57643314
57645133 152735385
57645133 152595875
57645133 57644294
57645133 44759306
57645133 57652487
57645133 57647648
57645133 152809006
57645133 57643814
57645133 57652973
57645133 67521714
57645133 57649158
57645133 11319474
57645133 57653127
57645133 57648554
57645133 97440793
57645133 587067794
57645133 57653024
57645133 19075432
57645133 57646921
57645133 23322283
57645133 152821498
57645133 57994033
57645133 152928977
57645133 83920561
57645133 58424546
215734804 57651442
215734804 57649152
215734804 73198614
215734804 57646921
149543289 40014311
149543289 57643839
149543289 57643814
149543289 57648554
152956849 57645133
152956849 57651442
152956849 40014311
152956849 57643839
152956849 57647341
152956849 57648963
152956849 57643314
152956849 57644294
152956849 152928399
152956849 57647648
152956849 57643814
152956849 57652973
152956849 57649152
152956849 57649158
152956849 11319474
152956849 57648554
152956849 97440793
152956849 19075432
152956849 57646921
152956849 152928977
152956849 58424546
73198614 69748230
73198614 57649158
73198614 10849707
73198614 25806049
73198614 83920561
73198614 152595875
73198614 52450086
73198614 587067794
73198614 163543991
73198614 252043380
152925397 152898700
152925397 57643314
83920561 152595875
83920561 57649158
83920561 57653024
83920561 57647648
83920561 10013848
83920561 57653127
83920561 57643314
83920561 57649152
83920561 761568487
83920561 57652973
83920561 57646921
83920561 67521714
83920561 57651442
83920561 19075432
83920561 69748230
83920561 57645133
83920561 11319474
83920561 44759306
83920561 152571947
83920561 57994033
83920561 587067794
83920561 57643839
83920561 40014311
83920561 152928977
83920561 97440793
83920561 254993545
83920561 57648554
83920561 298838230
83920561 163543991
83920561 73198614
152591962 57645133
152591962 152519327
152591962 57649158
152591962 11319474
152591962 23322283
19075432 97440793
19075432 57643839
19075432 57645133
19075432 11319474
19075432 40014311
19075432 57643314
19075432 57647648
19075432 152595875
19075432 57643814
19075432 57649152
19075432 57647341
19075432 57648963
19075432 57648554
19075432 57644294
19075432 57997248
19075432 57649158
19075432 152735385
19075432 10013848
19075432 37604801
19075432 152809006
19075432 58265038
19075432 57651194
19075432 152956849
19075432 57653024
19075432 57652973
19075432 57651057
19075432 152519327
19075432 57649419
19075432 57651442
19075432 57653127
19075432 761568487
19075432 210223188
19075432 57652487
19075432 675156359
19075432 57643684
19075432 67521714
19075432 44759306
19075432 152564261
19075432 587067794
19075432 57646921
19075432 38923011
19075432 23322283
19075432 14248729
19075432 152821498
19075432 152571947
19075432 152928977
19075432 83920561
38923011 37604801
38923011 152595875
38923011 57648963
38923011 40014311
38923011 19075432
152622202 57649419
152622202 57643684
152711646 57649419
152711646 57645133
152711646 40014311
152711646 57649152
152711646 57648963
152711646 57647648
152711646 587067794
152711646 57653024
69748230 587067794
69748230 57649158
69748230 83920561
69748230 73198614
97440793 57643839
97440793 152929017
97440793 40014311
97440793 57643814
97440793 67521714
97440793 57645133
97440793 57647341
97440793 152898700
97440793 57647648
97440793 152956849
97440793 57644294
97440793 57649152
97440793 57643314
97440793 57653127
97440793 57648554
97440793 11319474
97440793 57997248
97440793 57648963
97440793 57649158
97440793 57652487
97440793 10013848
97440793 57652973
97440793 152519327
97440793 761568487
97440793 57651194
97440793 152564261
97440793 57651442
97440793 152595875
97440793 44759306
97440793 587067794
97440793 57653024
97440793 19075432
97440793 57646921
97440793 152821498
97440793 83920561
97440793 58424546
152546035 57649152
152546035 57643839
152546035 44759306
152546035 11319474
152546035 57653024
57643314 152956849
57643314 761568487
57643314 57649419
57643314 57645133
57643314 57651442
57643314 57651194
57643314 152925397
57643314 40014311
57643314 152519327
57643314 57643684
57643314 57649152
57643314 57651057
57643314 152564261
57643314 57643839
57643314 57647341
57643314 57648963
57643314 210223188
57643314 57997248
57643314 10013848
57643314 152595875
57643314 57644294
57643314 44759306
57643314 57652487
57643314 57647648
57643314 152809006
57643314 57643814
57643314 57652973
57643314 67521714
57643314 57649158
57643314 11319474
57643314 57653127
57643314 57648554
57643314 97440793
57643314 587067794
57643314 57653024
57643314 19075432
57643314 57646921
57643314 23322283
57643314 152821498
57643314 152571947
57643314 152928977
57643314 83920561
57643314 58424546
152898700 152925397
152898700 57647341
152898700 210223188
152898700 44759306
152898700 11319474
152898700 97440793
585094886 57649419
57647648 152956849
57647648 761568487
57647648 57649419
57647648 57645133
57647648 152711646
57647648 57651442
57647648 57651194
57647648 40014311
57647648 152519327
57647648 57643684
57647648 57649152
57647648 152919000
57647648 57643839
57647648 57647341
57647648 57648963
57647648 210223188
57647648 57997248
57647648 10013848
57647648 57643314
57647648 58265038
57647648 57644294
57647648 44759306
57647648 57652487
57647648 57643814
57647648 57652973
57647648 57649158
57647648 11319474
57647648 57653127
57647648 57648554
57647648 97440793
57647648 587067794
57647648 57653024
57647648 19075432
57647648 57646921
57647648 23322283
57647648 152821498
57647648 152928977
57647648 83920561
57647648 58424546
40014311 152956849
40014311 761568487
40014311 57649419
40014311 57645133
40014311 152711646
40014311 57651442
40014311 57651194
40014311 675156359
40014311 152519327
40014311 57643684
40014311 57649152
40014311 57651057
40014311 152564261
40014311 57643839
40014311 57647341
40014311 149543289
40014311 57648963
40014311 210223188
40014311 10013848
40014311 57643314
40014311 152595875
40014311 57644294
40014311 44759306
40014311 57652487
40014311 57647648
40014311 152809006
40014311 57643814
40014311 57652973
40014311 67521714
40014311 57649158
40014311 11319474
40014311 57653127
40014311 57648554
40014311 97440793
40014311 587067794
40014311 57653024
40014311 19075432
40014311 57646921
40014311 38923011
40014311 23322283
40014311 152571947
40014311 57994033
40014311 152928977
40014311 83920561
40014311 58424546
37604801 57648963
37604801 152595875
37604801 57653127
37604801 19075432
37604801 38923011
57647341 152956849
57647341 152898700
57647341 761568487
57647341 57649419
57647341 57645133
57647341 57651442
57647341 57651194
57647341 40014311
57647341 57643684
57647341 57649152
57647341 57651057
57647341 152564261
57647341 57643839
57647341 57648963
57647341 210223188
57647341 10013848
57647341 57643314
57647341 58265038
57647341 152595875
57647341 57644294
57647341 44759306
57647341 57652487
57647341 57647648
57647341 152809006
57647341 57643814
57647341 57652973
57647341 57649158
57647341 11319474
57647341 57653127
57647341 57648554
57647341 97440793
57647341 587067794
57647341 57653024
57647341 19075432
57647341 57646921
57647341 23322283
57647341 14248729
57647341 58424546
57651057 57649419
57651057 57645133
57651057 40014311
57651057 57649152
57651057 57643839
57651057 57647341
57651057 57643314
57651057 152595875
57651057 57649158
57651057 11319474
57651057 57648554
57651057 19075432
57651057 57646921
675156359 40014311
675156359 57649152
675156359 19075432
174524287 57649152
57649152 152546035
57649152 57649419
57649152 57645133
57649152 152711646
57649152 57651442
57649152 57651194
57649152 40014311
57649152 675156359
57649152 152519327
57649152 57643684
57649152 57651057
57649152 152564261
57649152 152919000
57649152 57643839
57649152 57647341
57649152 174524287
57649152 57648963
57649152 210223188
57649152 10013848
57649152 57643314
57649152 58265038
57649152 215734804
57649152 57644294
57649152 44759306
57649152 57652487
57649152 152928399
57649152 57647648
57649152 152809006
57649152 57652973
57649152 152956849
57649152 152595875
57649152 67521714
57649152 57649158
57649152 11319474
57649152 57653127
57649152 57648554
57649152 97440793
57649152 587067794
57649152 57653024
57649152 19075432
57649152 23322283
57649152 152571947
57649152 57994033
57649152 152928977
57649152 83920561
57649152 58424546
298838230 83920561
298838230 152595875
57997248 57643314
57997248 57647648
57997248 57649158
57997248 11319474
57997248 57653127
57997248 97440793
57997248 19075432
57643814 152956849
57643814 57645133
57643814 40014311
57643814 57643684
57643814 57643839
57643814 57647341
57643814 149543289
57643814 57643314
57643814 57644294
57643814 57647648
57643814 11319474
57643814 57648554
57643814 97440793
57643814 19075432
57643814 57646921
57643814 152821498
57643814 254993545
57643814 58424546
57643814 10849707
57643814 252043380
57651194 57645133
57651194 57651442
57651194 40014311
57651194 57649152
57651194 152564261
57651194 57643839
57651194 57647341
57651194 10013848
57651194 57643314
57651194 152595875
57651194 44759306
57651194 57652487
57651194 57647648
57651194 57649158
57651194 11319474
57651194 57653127
57651194 57648554
57651194 97440793
57651194 587067794
57651194 57653024
57651194 19075432
57651194 57646921
116379881 587067794
116379881 152595875
116379881 57649158
152564261 57651442
152564261 57651194
152564261 40014311
152564261 57649152
152564261 57643839
152564261 57647341
152564261 57648963
152564261 57643314
152564261 11319474
152564261 57653127
152564261 97440793
152564261 57653024
152564261 19075432
152564261 57646921
152564261 57994033
152928977 23322283
152928977 11319474
152928977 40014311
152928977 57649152
152928977 57645133
152928977 57644294
152928977 57643839
152928977 57649158
152928977 57646921
152928977 57652973
152928977 57648554
152928977 10013848
152928977 57648963
152928977 57647648
152928977 57643314
152928977 19075432
152928977 152956849
152928977 57649419
152928977 44759306
152928977 57651442
152928977 83920561
152928977 58424546
57994033 761568487
57994033 57651442
57994033 57648963
57994033 57646921
57994033 57645133
57994033 57653127
57994033 57652973
57994033 57649152
57994033 40014311
57994033 57653024
57994033 57649158
57994033 44759306
57994033 10013848
57994033 152564261
57994033 57643839
57994033 57643684
57994033 83920561
152919000 57649152
152919000 57643839
152919000 57643314
152919000 57647648
32058155 57645133
32058155 57643839
57653024 11319474
57653024 57647341
57653024 57643314
57653024 40014311
57653024 57645133
57653024 57647648
57653024 57649158
57653024 57648554
57653024 57643839
57653024 57649419
57653024 57652973
57653024 57653127
57653024 152519327
57653024 44759306
57653024 57652487
57653024 152595875
57653024 57651442
57653024 587067794
57653024 67521714
57653024 57651194
57653024 97440793
57653024 57644294
57653024 57649152
57653024 152546035
57653024 10013848
57653024 152711646
57653024 152564261
57653024 57648963
57653024 19075432
57653024 57646921
57653024 57994033
57653024 83920561
52450086 152595875
52450086 73198614
52450086 252043380
57649419 152711646
57649419 40014311
57649419 152519327
57649419 57649152
57649419 57647341
57649419 585094886
57649419 57648963
57649419 10013848
57649419 57643314
57649419 57647648
57649419 11319474
57649419 57648554
57649419 57653024
57649419 19075432
57649419 57646921
57649419 23322283
57649419 152571947
57649419 152928977
129107816 152595875
57653127 57649152
57653127 57643839
57653127 57647648
57653127 40014311
57653127 57643314
57653127 57652487
57653127 57645133
57653127 57652973
57653127 57647341
57653127 11319474
57653127 57649158
57653127 10013848
57653127 44759306
57653127 67521714
57653127 57651194
57653127 761568487
57653127 57997248
57653127 57651442
57653127 57648963
57653127 152595875
57653127 152564261
57653127 37604801
57653127 57644294
57653127 57648554
57653127 97440793
57653127 587067794
57653127 57653024
57653127 19075432
57653127 57646921
57653127 23322283
57653127 152821498
57653127 57994033
57653127 83920561
57649158 57645133
57649158 57647648
57649158 40014311
57649158 210223188
57649158 57647341
57649158 57643314
57649158 57651057
57649158 10013848
57649158 57649152
57649158 57651194
57649158 152519327
57649158 129107816
57649158 761568487
57649158 152591962
57649158 44759306
57649158 57652973
57649158 57652487
57649158 57651442
57649158 57648963
57649158 57643839
57649158 25806049
57649158 57997248
57649158 152595875
57649158 152956849
57649158 11319474
57649158 57653127
57649158 57648554
57649158 97440793
57649158 57653024
57649158 19075432
57649158 57646921
57649158 116379881
57649158 23322283
57649158 152571947
57649158 57994033
57649158 69748230
57649158 254993545
57649158 152928977
57649158 83920561
57649158 73198614
57649158 163543991
57649158 252043380
57643684 57645133
57643684 40014311
57643684 57649152
57643684 57643839
57643684 57647341
57643684 152622202
57643684 57643314
57643684 57647648
57643684 57643814
57643684 152595875
57643684 11319474
57643684 19075432
57643684 57646921
57643684 57994033
57643684 58424546
163543991 57649158
163543991 152595875
163543991 73198614
163543991 254993545
163543991 252043380
210223188 152898700
210223188 761568487
210223188 57645133
210223188 40014311
210223188 57649152
210223188 57643839
210223188 57647341
210223188 57643314
210223188 57644294
210223188 57652487
210223188 57647648
210223188 67521714
210223188 57649158
210223188 11319474
210223188 57648554
210223188 19075432
210223188 57646921
57646921 57643814
57646921 57645133
57646921 40014311
57646921 152928399
57646921 57647341
57646921 57643684
57646921 57643314
57646921 57647648
57646921 19075432
57646921 97440793
57646921 57648963
57646921 57649419
57646921 152595875
57646921 11319474
57646921 10013848
57646921 210223188
57646921 152809006
57646921 215734804
57646921 57651194
57646921 57649158
57646921 57651057
57646921 57653024
57646921 57652973
57646921 587067794
57646921 152519327
57646921 57653127
57646921 57651442
57646921 57643839
57646921 57652487
57646921 152956849
57646921 44759306
57646921 152564261
57646921 761568487
57646921 57648554
57646921 152578411
57646921 23322283
57646921 57994033
57646921 152928977
57646921 83920561
57646921 58424546
587067794 152595875
587067794 11319474
587067794 57652973
587067794 57643314
587067794 44759306
587067794 761568487
587067794 57651194
587067794 57648554
587067794 57643839
587067794 57645133
587067794 57653127
587067794 40014311
587067794 152711646
587067794 57647648
587067794 57651442
587067794 57648963
587067794 57647341
587067794 57649152
587067794 57653024
587067794 19075432
587067794 57646921
587067794 69748230
587067794 83920561
587067794 73198614
254993545 57649158
254993545 152595875
254993545 57643814
254993545 58424244
254993545 10849707
254993545 163543991
152571947 57649152
152571947 19075432
152571947 57649419
152571947 57649158
152571947 57648963
152571947 40014311
152571947 57643314
152571947 83920561
25806049 57649158
25806049 73198614
57648554 57643814
57648554 57643839
57648554 40014311
57648554 57647341
57648554 210223188
57648554 57645133
57648554 149543289
57648554 11319474
57648554 152956849
57648554 57649152
57648554 57647648
57648554 57648963
57648554 152809006
57648554 57652487
57648554 57644294
57648554 58265038
57648554 10013848
57648554 57643314
57648554 57651194
57648554 57649419
57648554 57651057
57648554 152519327
57648554 57652973
57648554 57651442
57648554 57653127
57648554 761568487
57648554 57649158
57648554 67521714
57648554 44759306
57648554 97440793
57648554 587067794
57648554 57653024
57648554 19075432
57648554 57646921
57648554 23322283
57648554 152821498
57648554 152928977
57648554 83920561
57648554 58424546
