640941242 65505446
48065692 65505446
44828798 65505446
49054291 127172961
49054291 65505446
50618989 45223971
50618989 65505446
8691632 4080818
8691632 44822232
8691632 65505446
131074454 65505446
57474655 65505446
44893595 65505446
44480508 65505446
44462326 65505446
45016748 65505446
17569834 65505446
128522612 65505446
325733644 65505446
4080818 48752378
4080818 8691632
4080818 37517455
4080818 44822232
4080818 58411599
4080818 29645406
4080818 65505446
77368683 65505446
121835998 127172961
16513919 45223971
16513919 65505446
2254491 65505446
162983188 127172961
162983188 65505446
17237360 65505446
50871973 65505446
4510966 127172961
4510966 65505446
47981922 65505446
44987633 127172961
44987633 45223971
44987633 65505446
26980106 127172961
26980106 65505446
48434868 65505446
44858201 65505446
95351588 65505446
52395252 44822232
52395252 65505446
29519228 127172961
48547154 65505446
231428020 65505446
65505446 127172961
48531024 45223971
48531024 65505446
19600462 65505446
48734928 65505446
58411599 4080818
58411599 45223971
58411599 65505446
44965081 65505446
27413291 127172961
27413291 65505446
42152158 65505446
462771064 65505446
44490433 65505446
44822232 8691632
44822232 4080818
44822232 605171789
44822232 29645406
44822232 65505446
45223971 48531024
45223971 16513919
45223971 58411599
45223971 29645406
45223971 50618989
45223971 65505446
37517455 4080818
37517455 65505446
48529591 65505446
75378970 127172961
49055811 65505446
231435781 65505446
48752378 4080818
48752378 65505446
35758228 65505446
29645406 4080818
29645406 127172961
29645406 605171789
29645406 44822232
29645406 45223971
127172961 65505446
8346403 65505446
154816847 65505446
75380283 65505446
44964863 65505446
48564626 127172961
48564626 65505446
17737804 127172961
17737804 65505446
21843646 65505446
205159992 65505446
44700987 65505446
13268610 65505446
102785842 127172961
605171789 44822232
605171789 29645406
605171789 65505446
638690321 65505446
