29257935 17154758
29257935 14075405
15988501 179778834
15988501 447605303
50877514 57400831
50877514 14075405
72062309 14075405
132640282 62294926
82305199 33461736
72065335 14075405
21693845 39895279
21693845 4843260
59314616 39895279
59314616 21693845
607582858 128205509
19811474 14075405
57238653 17154758
57238653 14075405
447605303 15988501
39895279 2402900
57400831 14075405
9789715 54623913
34951204 17154758
34951204 14075405
6618538 15988501
190287547 57309602
16043563 12480125
89199690 14075405
60081506 14075405
38171309 33461736
54969701 17154758
54969701 14075405
12480125 16043563
54623913 9789715
57309602 190287547
57309602 14075405
836611677 57464477
9713139 6099436
15177185 17154758
83475283 17154758
2402900 39895279
57464477 836611677
22960551 17154758
4843260 21693845
69023430 14075405
179778834 15988501
22441710 14075405
17154758 15177185
634899308 15988501
14075405 17154758
14075405 57400831
27939883 14075405
111645811 14075405
