163945257 199416304
7245455 26423431
8647817 26423431
152565431 26423431
9596966 37080791
9596966 31814499
9596966 7245455
9596966 218296264
9596966 8647817
9596966 23215583
9596966 26423431
218299778 26423431
116410947 7245455
57485097 26423431
19652698 6396810
3732621 26423431
107202486 26423431
45513564 26423431
24747038 26423431
24747038 3651689
30006419 199416304
30006419 26423431
833334048 26423431
802181772 26423431
69024962 26423431
37080791 199416304
37080791 9596966
37080791 26423431
26423431 52452072
26423431 638099834
26423431 25894391
26423431 179582096
26423431 7245455
39081238 58032580
39081238 31814499
39081238 7245455
39081238 52452072
39081238 638099834
39081238 72059354
39081238 421488863
39081238 456672771
39081238 25894391
39081238 26423431
144783507 26423431
9356105 58032580
9356105 26423431
72059354 218296264
72059354 49321552
72059354 26423431
421488863 39081238
421488863 26423431
179582096 26423431
179582096 25894391
833333971 26423431
58032580 72059354
58032580 39081238
58032580 26423431
121574361 52452072
121574361 26423431
33826910 26423431
3651689 7245455
3651689 26423431
316254762 218296264
316254762 26423431
25391828 26423431
833333955 26423431
216071390 199416304
49321552 72059354
23215583 218296264
23215583 9596966
52452072 121574361
52452072 26423431
25894391 179582096
25894391 72059354
25894391 638099834
25894391 26423431
6396810 19652698
6396810 199416304
6396810 26423431
199416304 216071390
199416304 30006419
199416304 31814499
199416304 6396810
199416304 37080791
199416304 26423431
318485698 638099834
318485698 26423431
456672771 26423431
218296264 23215583
218296264 316254762
218296264 72059354
218296264 9596966
31814499 199416304
31814499 39081238
31814499 26423431
