579020947 75165234
182095432 75165234
379363308 75165234
29837471 75165234
35016952 75165234
172590529 75165234
47399918 75165234
39624974 75165234
44654915 75165234
166252668 75165234
59442581 75165234
52060956 75165234
233556879 75165234
75165234 23234033
75165234 22023240
23234033 75165234
299445243 75165234
111424069 75165234
111424069 322959103
464691272 75165234
448339696 75165234
836611687 75165234
133440110 75165234
23093008 13460401
23093008 75165234
166640008 75165234
155018490 75165234
307231105 75165234
105130184 75165234
434657191 75165234
72870338 148800087
72870338 75165234
383798916 129004186
383798916 118025265
299462113 75165234
128135268 75165234
13460401 23093008
124768647 75165234
148800087 75165234
322959103 75165234
322959103 111424069
231198972 75165234
22032448 75165234
118025265 383798916
118025265 129004186
365159179 75165234
72051753 75165234
129004186 383798916
129004186 118025265
129004186 75165234
22023240 75165234
