67243272 81378838
77104937 28058172
833337452 52450783
60932475 58020781
163918192 9596966
163918192 357564101
9596966 30393632
9596966 37147058
9596966 81378838
9596966 54627035
9596966 52027603
9596966 58184117
9596966 39708232
9596966 223820537
9596966 298836976
9596966 81973655
9596966 357564101
9596966 58397682
9596966 28058172
9596966 163918192
9596966 52450783
9596966 649953964
9596966 152713317
223820537 81377898
223820537 52029586
223820537 81378838
223820537 37147058
223820537 58184117
223820537 52450783
223820537 9596966
8803738 8603988
8803738 58184117
8803738 52450783
152713317 8603988
152713317 52575493
152713317 58184117
152713317 649953964
152713317 9596966
152713317 16975966
152713317 52450783
152713317 357564101
152713317 72843371
638320253 52450783
638320253 58184117
754391882 8603988
754391882 52450783
185141434 52450783
52575493 152713317
421487569 124210267
421487569 30954595
421487569 52450783
421487569 58184117
421487569 54402917
649953964 8603988
649953964 410228177
649953964 223820537
649953964 52575493
649953964 76573584
649953964 30954595
649953964 74940676
649953964 30393632
649953964 679983172
649953964 52027603
649953964 37147058
649953964 61609234
649953964 58184117
649953964 4979236
649953964 9596966
649953964 28058172
649953964 317334238
649953964 45429113
649953964 224323285
649953964 72843371
649953964 357564101
649953964 152713317
32875718 152476860
32875718 224323285
32875718 52450783
23178845 61609234
23178845 52450783
58043528 52450783
30081633 223820537
30081633 52450783
421456109 45429113
421456109 124210267
421456109 30393632
421456109 52450783
58353558 52575493
58353558 72843371
410228177 224323285
410228177 124210267
410228177 52575493
410228177 52450783
81377898 37147058
81377898 223820537
81378838 58397682
81378838 223820537
81378838 67243272
81378838 37147058
81378838 52450783
81378838 28058172
74940676 52450783
30954595 30393632
30954595 421487569
30954595 72843371
30954595 34125290
30954595 649953964
300525072 81973655
300525072 49175619
300525072 52450783
300525072 61609234
72843371 30954595
72843371 81973655
72843371 8603988
72843371 45429113
72843371 58353558
72843371 317334238
72843371 58184117
72843371 28058172
72843371 52450783
72843371 421466321
72843371 649953964
72843371 152713317
679983172 649953964
679983172 52450783
54382412 52450783
28058172 8603988
28058172 34999529
28058172 77104937
28058172 6711308
28058172 72843371
28058172 52027603
28058172 81378838
28058172 37147058
28058172 298836976
28058172 49197241
28058172 152476860
28058172 124210267
28058172 52452238
28058172 317334238
28058172 52450783
28058172 649953964
421547275 8603988
105768258 8603988
61609234 52450783
58260813 8603988
58260813 9596966
86119983 8603988
4114116 4979236
52452238 16290840
52452238 421488864
52452238 223820537
52452238 28058172
52452238 52450783
20358813 52450783
16975966 8603988
16975966 58184117
16975966 72843371
16975966 152713317
704668366 8603988
704668366 52450783
421458109 8603988
421458109 52450783
30393632 421547275
30393632 124210267
30393632 8603988
30393632 81378838
30393632 30954595
30393632 31907517
30393632 317334238
30393632 9596966
30393632 34125290
30393632 52450783
30393632 649953964
357564101 124210267
357564101 152713317
357564101 9596966
52027603 8603988
52027603 30393632
52027603 58184117
52027603 9596966
52027603 28058172
52027603 649953964
4979236 52450783
224323285 410228177
298836976 28058172
34125290 30393632
34125290 30954595
34125290 52450783
421466321 421487569
421466321 8603988
421466321 223820537
421466321 58184117
421466321 31907517
421466321 30393632
421466321 410228177
421466321 357564101
421466321 52450783
421466321 72843371
52029586 45429113
52029586 223820537
52029586 37147058
52029586 52450783
58184117 124210267
58184117 4114116
58184117 638320253
58184117 52027603
58184117 45429113
58184117 421487569
58184117 317334238
58184117 9596966
58184117 72843371
58184117 52450783
58184117 649953964
136451262 8603988
49175619 357564101
49175619 58397682
49175619 300525072
49175619 52450783
49175619 9596966
45429113 58397682
45429113 8603988
45429113 300525072
45429113 58184117
45429113 72843371
45429113 649953964
45429113 52450783
317334238 45429113
317334238 30393632
317334238 58184117
317334238 8603988
317334238 124210267
317334238 76573584
317334238 649953964
317334238 72843371
34999529 28058172
152476860 28058172
49213814 223820537
49213814 52450783
421488864 52450783
54402917 421487569
37147058 6711308
37147058 81973655
37147058 52029586
37147058 81378838
37147058 223820537
37147058 9596966
124210267 357564101
124210267 8603988
124210267 30393632
124210267 421487569
124210267 58184117
124210267 410228177
124210267 317334238
124210267 28058172
124210267 52450783
124210267 649953964
316799553 52450783
39745327 58184117
52450783 410228177
52450783 28058172
52450783 45429113
52450783 58184117
52450783 72843371
52450783 54382412
52450783 81973655
52450783 9596966
52450783 61609234
52450783 58397682
52450783 4979236
52450783 49213814
52450783 8603988
52450783 52029586
52450783 649953964
52450783 152713317
49197241 81973655
49197241 30081633
49197241 8603988
49197241 28058172
58397682 81973655
58397682 45429113
58397682 8603988
58397682 49175619
58397682 81378838
58397682 54382412
58397682 9596966
58397682 61609234
58397682 52450783
76573584 8603988
76573584 52450783
76573584 58184117
8603988 58260813
8603988 421547275
8603988 52575493
8603988 4114116
8603988 31907517
8603988 317334238
8603988 72843371
8603988 28058172
8603988 61609234
8603988 52450783
8603988 649953964
8603988 152713317
81973655 58397682
81973655 421488864
81973655 300525072
81973655 49213814
81973655 37147058
81973655 4114116
81973655 49197241
81973655 9596966
81973655 72843371
81973655 61609234
81973655 52450783
31907517 77104937
31907517 30393632
31907517 8603988
6711308 37147058
6711308 223820537
6711308 28058172
6711308 52450783
58020781 60932475
