130229227 57647942
130229227 57651366
152821203 57648969
152821203 57644919
152821203 21007463
152821203 103127919
152821203 132449158
152821203 152857715
152821203 24500556
152821203 44757820
152821203 57647942
152821203 152732585
152821203 152905051
152821203 21450189
152821203 57644430
57643263 57650492
57643263 152732861
57643263 113898711
57643263 152621032
57643263 12130696
57643263 57648969
57643263 177100811
57643263 57647737
57643263 57644919
57643263 57647524
57643263 21007463
57643263 57613023
57643263 107496153
57643263 74557542
57643263 65272007
57643263 210196479
57643263 103127919
57643263 152899189
57643263 57652099
57643263 210192065
57643263 32539883
57643263 57647272
57643263 582059658
57643263 57653025
57643263 132449158
57643263 44759509
57643263 143589834
57643263 634109926
57643263 113653986
57643263 152735484
57643263 163815085
57643263 152857715
57643263 50866513
57643263 152655119
57643263 152691694
57643263 57648058
57643263 40125828
57643263 44990423
57643263 152575507
57643263 57650382
57643263 152572727
57643263 24500556
57643263 44757820
57643263 581275381
57643263 57651805
57643263 129620420
57643263 57647942
57643263 152732585
57643263 57651661
57643263 172469232
57643263 130236682
57643263 50849564
57643263 152905051
57643263 57646941
57643263 581015265
57643263 12858870
57643263 57651366
57643263 58441667
57643263 57644430
57643263 57648077
57643263 21450189
152735484 152732861
152735484 152621032
152735484 57644919
152735484 57647524
152735484 21007463
152735484 57643263
152735484 103127919
152735484 57652099
152735484 57653025
152735484 132449158
152735484 163815085
152735484 40125828
152735484 152575507
152735484 57650382
152735484 44757820
152735484 57647942
152735484 152732585
152735484 172469232
152735484 152905051
152735484 12858870
152735484 57651366
152735484 57644430
152735484 21450189
581802533 32539883
152904908 57644919
152904908 107496153
152904908 57653025
152904908 132449158
152904908 113653986
152904908 152691694
152904908 57648058
152904908 582103381
152904908 24500556
152904908 44757820
152904908 129620420
152904908 57647942
152904908 130236682
152904908 12858870
152904908 21450189
57613023 152732861
57613023 152621032
57613023 57648969
57613023 57644919
57613023 57647524
57613023 21007463
57613023 57643263
57613023 107496153
57613023 103127919
57613023 152899189
57613023 57652099
57613023 57647272
57613023 152821308
57613023 57653025
57613023 132449158
57613023 44759509
57613023 163815085
57613023 152857715
57613023 50866513
57613023 130229494
57613023 57648058
57613023 40125828
57613023 152575507
57613023 57650382
57613023 31629476
57613023 24500556
57613023 152821203
57613023 44757820
57613023 581275381
57613023 57651805
57613023 129620420
57613023 57647942
57613023 152732585
57613023 57651661
57613023 172469232
57613023 130236682
57613023 152905051
57613023 12858870
57613023 57651366
57613023 58441667
57613023 57644430
57613023 57648077
57613023 21450189
152572727 12130696
152572727 57648969
152572727 57644919
152572727 57643263
152572727 152899189
152572727 57652099
152572727 57653025
152572727 132449158
152572727 44759509
152572727 163815085
152572727 152857715
152572727 152691694
152572727 57648058
152572727 40125828
152572727 152575507
152572727 57650382
152572727 152821203
152572727 44757820
152572727 581275381
152572727 57647942
152572727 152732585
152572727 172469232
152572727 57651366
152572727 58441667
152572727 21450189
581277994 57652099
581277994 57653025
581277994 132449158
581277994 44759509
581277994 40125828
581277994 152575507
581277994 57650382
581277994 172469232
581277994 21450189
581277994 58441667
130236682 57647524
130236682 57653025
130236682 24500556
130236682 129620420
130236682 152857715
130236682 57643263
130236682 152899189
130236682 57644919
130236682 57647942
130236682 152732585
130236682 107496153
130236682 44757820
130236682 65272007
130236682 132449158
130236682 113653986
130236682 64881322
130236682 152904908
130236682 57647737
130236682 172469232
130236682 12130696
130236682 57648969
130236682 152575507
130236682 57648058
130236682 152655119
130236682 103127919
130236682 581275381
130236682 57652099
130236682 57651661
130236682 40125828
130236682 163815085
130236682 21007463
130236682 57613023
130236682 582450593
130236682 152732861
130236682 152621032
130236682 50866513
130236682 44759509
130236682 74557542
130236682 57650382
130236682 50849564
130236682 152905051
130236682 57646941
130236682 12858870
130236682 57651366
130236682 58441667
130236682 57644430
130236682 57648077
130236682 21450189
130236682 57649509
12130696 57644919
12130696 57647524
12130696 57643263
12130696 172468097
12130696 103127919
12130696 57652099
12130696 57653025
12130696 44759509
12130696 163815085
12130696 50866513
12130696 152655119
12130696 57650382
12130696 152572727
12130696 24500556
12130696 44757820
12130696 132449158
12130696 57647942
12130696 130236682
12130696 21450189
172468097 12130696
172468097 57647524
172468097 57652099
172468097 152655119
57653025 45674956
57653025 152732861
57653025 97137115
57653025 581110019
57653025 152621032
57653025 12130696
57653025 57648969
57653025 177100811
57653025 57644919
57653025 631528967
57653025 57647524
57653025 21007463
57653025 57613023
57653025 57643263
57653025 107496153
57653025 74557542
57653025 210196479
57653025 103127919
57653025 152899189
57653025 57652099
57653025 210192065
57653025 210228463
57653025 57647272
57653025 210216003
57653025 132449158
57653025 44759509
57653025 113653986
57653025 152735484
57653025 163815085
57653025 152857715
57653025 50866513
57653025 130229494
57653025 152655119
57653025 57648058
57653025 40125828
57653025 152575507
57653025 57650382
57653025 152572727
57653025 24500556
57653025 44757820
57653025 581277994
57653025 581275381
57653025 70892122
57653025 129620420
57653025 57647942
57653025 57651661
57653025 172469232
57653025 130236682
57653025 57646941
57653025 581015265
57653025 12858870
57653025 57651366
57653025 58441667
57653025 57644430
57653025 21450189
57653025 57649509
582103381 152904908
582103381 152575507
581811033 21450189
581811033 12858870
582450593 44757820
582450593 130236682
631528967 152732861
631528967 57644919
631528967 57652099
631528967 57653025
631528967 163815085
631528967 44990423
631528967 44757820
631528967 172469232
631528967 21450189
631528967 57648077
210216003 57647524
210216003 107496153
210216003 152899189
210216003 57652099
210216003 57653025
210216003 163815085
210216003 57648058
210216003 57650382
210216003 44757820
210216003 57647942
210216003 57644430
152691694 57644919
152691694 57643263
152691694 57647272
152691694 152904908
152691694 44759509
152691694 57650382
152691694 152572727
152691694 24500556
152691694 44757820
152691694 21450189
113653986 57650492
113653986 152621032
113653986 177100811
113653986 57644919
113653986 21007463
113653986 57643263
113653986 107496153
113653986 210196479
113653986 57652099
113653986 210228463
113653986 152904908
113653986 57653025
113653986 132449158
113653986 163815085
113653986 152784836
113653986 57648058
113653986 40125828
113653986 57650382
113653986 24500556
113653986 44757820
113653986 57651805
113653986 129620420
113653986 57647942
113653986 152732585
113653986 57651661
113653986 130236682
113653986 57651366
113653986 58441667
113653986 57644430
12858870 57644919
12858870 130236682
12858870 44757820
12858870 74557542
12858870 581811033
12858870 132449158
12858870 152899189
12858870 57643263
12858870 57647942
12858870 57651661
12858870 152732585
12858870 57648058
12858870 152575507
12858870 172469232
12858870 103127919
12858870 57613023
12858870 40125828
12858870 57652099
12858870 210191116
12858870 152732861
12858870 152857715
12858870 21007463
12858870 163815085
12858870 57650382
12858870 57653025
12858870 581275381
12858870 152905051
12858870 143589834
12858870 50866513
12858870 107496153
12858870 57647524
12858870 152621032
12858870 44759509
12858870 152904908
12858870 210192065
12858870 57648969
12858870 581110019
12858870 24500556
12858870 97137115
12858870 57651366
12858870 58441667
12858870 57644430
12858870 21450189
12858870 57649509
57651805 152732861
57651805 57644919
57651805 57647524
57651805 57613023
57651805 57643263
57651805 65272007
57651805 103127919
57651805 57652099
57651805 44759509
57651805 113653986
57651805 163815085
57651805 152655119
57651805 40125828
57651805 57650382
57651805 24500556
57651805 44757820
57651805 129620420
57651805 57647942
57651805 152700488
57651805 172469232
57651805 57651366
65272007 152732861
65272007 57644919
65272007 57647524
65272007 21007463
65272007 57643263
65272007 107496153
65272007 103127919
65272007 152899189
65272007 634109926
65272007 152857715
65272007 152655119
65272007 57650382
65272007 44757820
65272007 57651805
65272007 130236682
65272007 57646941
65272007 57651366
65272007 57648077
65272007 21450189
57644430 57647524
57644430 113653986
57644430 12858870
57644430 152857715
57644430 103127919
57644430 130236682
57644430 152575507
57644430 210216003
57644430 44757820
57644430 57644919
57644430 57646941
57644430 57647942
57644430 57651661
57644430 74557542
57644430 172469232
57644430 57648058
57644430 57643263
57644430 57648969
57644430 57651366
57644430 152732585
57644430 58441667
57644430 152821203
57644430 210192065
57644430 152899189
57644430 24500556
57644430 40125828
57644430 57652099
57644430 163815085
57644430 152655119
57644430 57650382
57644430 57613023
57644430 132449158
57644430 152905051
57644430 210196479
57644430 57653025
57644430 152735484
57644430 152621032
57644430 581275381
57644430 44759509
57644430 21007463
57644430 70892122
57644430 581015265
57644430 57648077
57644430 21450189
57644430 57649509
177100811 57644919
177100811 57643263
177100811 107496153
177100811 74557542
177100811 152899189
177100811 57652099
177100811 57653025
177100811 44759509
177100811 113653986
177100811 152655119
177100811 40125828
177100811 152575507
177100811 57650382
177100811 44757820
177100811 57651366
177100811 58441667
152655119 12130696
152655119 57648969
152655119 177100811
152655119 57644919
152655119 57647524
152655119 21007463
152655119 57643263
152655119 107496153
152655119 65272007
152655119 172468097
152655119 103127919
152655119 152899189
152655119 57652099
152655119 32539883
152655119 57647272
152655119 57653025
152655119 132449158
152655119 44759509
152655119 163815085
152655119 57648058
152655119 57649509
152655119 40125828
152655119 57650382
152655119 24500556
152655119 44757820
152655119 57651805
152655119 58049013
152655119 57647942
152655119 172469232
152655119 130236682
152655119 57646941
152655119 57651366
152655119 58441667
152655119 57644430
152655119 21450189
152627874 152732861
152627874 57647524
152627874 44759509
152627874 70892122
44757820 57650492
44757820 45674956
44757820 152732861
44757820 581110019
44757820 152621032
44757820 12130696
44757820 57648969
44757820 582450593
44757820 177100811
44757820 57647737
44757820 57644919
44757820 631528967
44757820 57647524
44757820 21007463
44757820 57613023
44757820 57643263
44757820 107496153
44757820 74557542
44757820 65272007
44757820 210196479
44757820 103127919
44757820 210191116
44757820 152899189
44757820 57652099
44757820 813326794
44757820 210228463
44757820 57647272
44757820 210216003
44757820 152904908
44757820 57653025
44757820 132449158
44757820 44759509
44757820 143589834
44757820 634109926
44757820 113653986
44757820 152735484
44757820 64881322
44757820 163815085
44757820 582277577
44757820 152784836
44757820 152857715
44757820 50866513
44757820 581802533
44757820 152655119
44757820 152691694
44757820 57648058
44757820 40125828
44757820 44990423
44757820 152575507
44757820 57650382
44757820 31629476
44757820 152572727
44757820 24500556
44757820 152821203
44757820 581275381
44757820 70892122
44757820 57651805
44757820 129620420
44757820 58049013
44757820 57647942
44757820 152732585
44757820 57651661
44757820 152700488
44757820 172469232
44757820 130236682
44757820 50849564
44757820 152905051
44757820 581015265
44757820 12858870
44757820 57651366
44757820 58441667
44757820 57644430
44757820 57648077
44757820 57649509
57651366 57648058
57651366 57650382
57651366 57647272
57651366 57643263
57651366 21007463
57651366 57647942
57651366 103127919
57651366 57644919
57651366 57652099
57651366 581275381
57651366 152655119
57651366 57647524
57651366 130236682
57651366 130229227
57651366 113653986
57651366 44757820
57651366 152732585
57651366 152575507
57651366 40125828
57651366 58049013
57651366 12858870
57651366 57613023
57651366 50866513
57651366 44759509
57651366 107496153
57651366 152905051
57651366 132449158
57651366 163815085
57651366 65272007
57651366 24500556
57651366 57653025
57651366 152732861
57651366 57650492
57651366 177100811
57651366 152700488
57651366 152621032
57651366 70892122
57651366 152735484
57651366 57651805
57651366 57651661
57651366 581110019
57651366 172469232
57651366 57648969
57651366 152661175
57651366 152857715
57651366 152899189
57651366 634109926
57651366 152572727
57651366 210192065
57651366 74557542
57651366 210228463
57651366 58441667
57651366 57644430
57651366 57648077
57651366 21450189
57651366 57649509
129620420 177100811
129620420 57644919
129620420 57647524
129620420 57613023
129620420 57643263
129620420 107496153
129620420 103127919
129620420 152899189
129620420 57652099
129620420 32539883
129620420 57647272
129620420 152904908
129620420 57653025
129620420 143589834
129620420 113653986
129620420 152857715
129620420 44990423
129620420 57650382
129620420 44757820
129620420 57651805
129620420 57647942
129620420 130236682
129620420 21450189
152661175 103127919
152661175 163815085
152661175 40125828
152661175 57647942
152661175 21450189
152661175 57651366
113898711 57643263
45674956 107496153
45674956 57653025
45674956 132449158
45674956 163815085
45674956 40125828
45674956 152575507
45674956 152821203
45674956 44757820
45674956 57647942
45674956 57646941
45674956 21450189
210191116 57647524
210191116 57652099
210191116 132449158
210191116 152575507
210191116 57650382
210191116 24500556
210191116 44757820
210191116 57647942
210191116 152905051
210191116 12858870
210191116 58441667
210191116 57649509
210191116 21450189
152732861 152621032
152732861 582675633
152732861 57647737
152732861 57644919
152732861 21007463
152732861 57613023
152732861 57643263
152732861 65272007
152732861 103127919
152732861 57652099
152732861 57647272
152732861 152821308
152732861 152627874
152732861 57653025
152732861 132449158
152732861 44759509
152732861 152735484
152732861 163815085
152732861 152857715
152732861 130229494
152732861 57648058
152732861 152575507
152732861 57650382
152732861 24500556
152732861 44757820
152732861 581275381
152732861 70892122
152732861 57651805
152732861 57647942
152732861 152732585
152732861 57651661
152732861 152700488
152732861 172469232
152732861 130236682
152732861 57646941
152732861 12858870
152732861 57651366
152732861 57648077
152732861 21450189
152575507 45674956
152575507 152732861
152575507 581110019
152575507 152621032
152575507 57648969
152575507 177100811
152575507 57647737
152575507 57644919
152575507 57647524
152575507 21007463
152575507 57613023
152575507 57643263
152575507 107496153
152575507 210196479
152575507 103127919
152575507 210191116
152575507 152899189
152575507 57652099
152575507 210228463
152575507 57647272
152575507 57653025
152575507 132449158
152575507 152735484
152575507 163815085
152575507 152857715
152575507 50866513
152575507 130229494
152575507 57648058
152575507 40125828
152575507 582103381
152575507 44990423
152575507 152661175
152575507 57650382
152575507 152572727
152575507 24500556
152575507 152821203
152575507 44757820
152575507 581277994
152575507 581275381
152575507 57647942
152575507 152732585
152575507 57651661
152575507 172469232
152575507 130236682
152575507 50849564
152575507 152905051
152575507 57646941
152575507 12858870
152575507 57651366
152575507 58441667
152575507 57644430
152575507 57648077
152575507 21450189
57650492 57644919
57650492 57647524
57650492 57643263
57650492 107496153
57650492 103127919
57650492 57652099
57650492 44759509
57650492 113653986
57650492 163815085
57650492 57650382
57650492 24500556
57650492 44757820
57650492 581275381
57650492 57647942
57650492 57651661
57650492 57651366
97137115 57653025
97137115 152857715
97137115 57647942
97137115 12858870
97137115 21450189
107496153 57650492
107496153 152621032
107496153 57648969
107496153 177100811
107496153 57647524
107496153 21007463
107496153 57613023
107496153 57643263
107496153 74557542
107496153 65272007
107496153 103127919
107496153 152899189
107496153 57652099
107496153 210216003
107496153 152904908
107496153 57653025
107496153 113653986
107496153 163815085
107496153 152857715
107496153 152655119
107496153 57648058
107496153 57649509
107496153 40125828
107496153 152575507
107496153 57650382
107496153 24500556
107496153 152821203
107496153 44757820
107496153 581275381
107496153 129620420
107496153 58049013
107496153 57647942
107496153 57651661
107496153 172469232
107496153 130236682
107496153 152905051
107496153 12858870
107496153 57651366
107496153 58441667
107496153 57648077
107496153 21450189
152821308 152732861
152821308 57613023
152821308 57652099
152821308 152857715
152821308 57647942
152821308 172469232
152821308 57646941
152821308 21450189
57648058 152732861
57648058 152621032
57648058 57648969
57648058 57644919
57648058 57647524
57648058 21007463
57648058 57613023
57648058 57643263
57648058 107496153
57648058 103127919
57648058 152899189
57648058 57652099
57648058 210192065
57648058 210228463
57648058 57647272
57648058 210216003
57648058 152904908
57648058 57653025
57648058 132449158
57648058 44759509
57648058 113653986
57648058 163815085
57648058 152857715
57648058 152655119
57648058 40125828
57648058 44990423
57648058 152575507
57648058 57650382
57648058 152572727
57648058 24500556
57648058 44757820
57648058 581275381
57648058 58049013
57648058 57647942
57648058 152732585
57648058 57651661
57648058 172469232
57648058 130236682
57648058 152905051
57648058 581015265
57648058 12858870
57648058 57651366
57648058 57644430
57648058 21450189
57648058 57649509
58441667 152784836
58441667 57644919
58441667 68554976
58441667 130236682
58441667 57643263
58441667 152655119
58441667 44757820
58441667 44990423
58441667 57646941
58441667 172469232
58441667 152857715
58441667 177100811
58441667 57647272
58441667 24500556
58441667 152575507
58441667 57648969
58441667 57651661
58441667 163815085
58441667 152905051
58441667 152899189
58441667 57652099
58441667 152815179
58441667 152732585
58441667 113653986
58441667 57650382
58441667 57651805
58441667 57651366
58441667 21007463
58441667 210191116
58441667 44759509
58441667 103127919
58441667 581015265
58441667 57613023
58441667 107496153
58441667 581275381
58441667 57653025
58441667 64881322
58441667 12858870
58441667 152621032
58441667 57644430
58441667 57648077
58441667 21450189
58441667 57649509
57644919 57650492
57644919 152732861
57644919 12130696
57644919 57648969
57644919 177100811
57644919 57647737
57644919 57647524
57644919 21007463
57644919 57613023
57644919 57643263
57644919 74557542
57644919 65272007
57644919 103127919
57644919 152899189
57644919 57652099
57644919 32539883
57644919 582059658
57644919 152904908
57644919 57653025
57644919 132449158
57644919 44759509
57644919 113653986
57644919 152735484
57644919 64881322
57644919 152784836
57644919 152857715
57644919 130229494
57644919 152655119
57644919 152691694
57644919 57648058
57644919 40125828
57644919 582103381
57644919 152575507
57644919 57650382
57644919 31629476
57644919 152572727
57644919 24500556
57644919 152821203
57644919 44757820
57644919 581277994
57644919 581275381
57644919 57651805
57644919 129620420
57644919 58049013
57644919 57647942
57644919 152732585
57644919 57651661
57644919 172469232
57644919 130236682
57644919 50849564
57644919 152905051
57644919 57646941
57644919 12858870
57644919 57651366
57644919 58441667
57644919 57644430
57644919 57648077
57644919 21450189
57644919 57649509
152857715 152732861
152857715 97137115
152857715 57648969
152857715 57644919
152857715 57647524
152857715 21007463
152857715 57613023
152857715 57643263
152857715 107496153
152857715 65272007
152857715 103127919
152857715 152899189
152857715 57652099
152857715 152821308
152857715 57653025
152857715 163815085
152857715 57648058
152857715 152575507
152857715 57650382
152857715 152572727
152857715 24500556
152857715 152821203
152857715 44757820
152857715 581275381
152857715 132449158
152857715 57647942
152857715 152732585
152857715 57651661
152857715 172469232
152857715 130236682
152857715 152905051
152857715 57646941
152857715 12858870
152857715 57651366
152857715 58441667
152857715 57644430
152857715 21450189
210196479 57648969
210196479 57643263
210196479 57652099
210196479 57653025
210196479 113653986
210196479 163815085
210196479 152575507
210196479 57650382
210196479 44757820
210196479 57644430
210196479 57649509
21007463 152732861
21007463 152621032
21007463 57648969
21007463 57644919
21007463 57647524
21007463 57613023
21007463 57643263
21007463 107496153
21007463 65272007
21007463 103127919
21007463 152899189
21007463 57652099
21007463 57647272
21007463 57653025
21007463 132449158
21007463 44759509
21007463 113653986
21007463 152735484
21007463 163815085
21007463 152857715
21007463 50866513
21007463 152655119
21007463 57648058
21007463 40125828
21007463 152575507
21007463 57650382
21007463 24500556
21007463 152821203
21007463 44757820
21007463 581275381
21007463 58049013
21007463 57647942
21007463 152732585
21007463 57651661
21007463 172469232
21007463 130236682
21007463 152905051
21007463 57646941
21007463 12858870
21007463 57651366
21007463 58441667
21007463 57644430
21007463 57648077
21007463 21450189
581275381 57650492
581275381 152732861
581275381 152621032
581275381 57648969
581275381 57644919
581275381 57647524
581275381 21007463
581275381 57613023
581275381 57643263
581275381 107496153
581275381 103127919
581275381 152899189
581275381 57652099
581275381 57653025
581275381 132449158
581275381 44759509
581275381 163815085
581275381 152857715
581275381 50866513
581275381 57648058
581275381 40125828
581275381 44990423
581275381 152575507
581275381 57650382
581275381 152572727
581275381 24500556
581275381 152821203
581275381 44757820
581275381 57647942
581275381 152732585
581275381 57651661
581275381 172469232
581275381 130236682
581275381 152905051
581275381 12858870
581275381 57651366
581275381 58441667
581275381 57644430
581275381 21450189
581275381 57648077
57648077 57643263
57648077 113653986
57648077 107496153
57648077 130236682
57648077 152899189
57648077 57647524
57648077 57644919
57648077 57646941
57648077 57647272
57648077 58049013
57648077 152857715
57648077 57647942
57648077 103127919
57648077 65272007
57648077 57644430
57648077 152575507
57648077 163815085
57648077 24500556
57648077 57651661
57648077 44757820
57648077 58441667
57648077 40125828
57648077 44759509
57648077 21007463
57648077 152905051
57648077 172469232
57648077 57652099
57648077 152732585
57648077 152732861
57648077 57651366
57648077 21450189
582277577 44757820
813326794 44757820
813326794 24500556
132449158 152732861
132449158 152621032
132449158 57648969
132449158 57644919
132449158 57647524
132449158 21007463
132449158 57613023
132449158 57643263
132449158 103127919
132449158 210191116
132449158 57652099
132449158 57647272
132449158 152904908
132449158 57653025
132449158 113653986
132449158 152735484
132449158 50866513
132449158 152655119
132449158 57648058
132449158 40125828
132449158 152575507
132449158 57650382
132449158 31629476
132449158 152572727
132449158 24500556
132449158 152821203
132449158 44757820
132449158 581277994
132449158 581275381
132449158 12130696
132449158 152857715
132449158 57647942
132449158 152732585
132449158 57651661
132449158 152700488
132449158 172469232
132449158 130236682
132449158 50849564
132449158 152905051
132449158 57646941
132449158 12858870
132449158 57651366
132449158 57644430
132449158 21450189
132449158 57649509
57647737 152732861
57647737 152621032
57647737 57648969
57647737 57644919
57647737 57643263
57647737 103127919
57647737 57652099
57647737 152575507
57647737 24500556
57647737 44757820
57647737 172469232
57647737 130236682
57647737 21450189
57651661 57647942
57651661 152857715
57651661 57644919
57651661 132449158
57651661 57648058
57651661 57643263
57651661 44757820
57651661 103127919
57651661 57647272
57651661 152732585
57651661 152575507
57651661 582059658
57651661 57648969
57651661 152732861
57651661 24500556
57651661 57613023
57651661 57647524
57651661 57650382
57651661 163815085
57651661 581275381
57651661 40125828
57651661 57653025
57651661 152832827
57651661 113653986
57651661 57652099
57651661 152821203
57651661 152899189
57651661 44759509
57651661 107496153
57651661 152621032
57651661 21007463
57651661 172469232
57651661 130236682
57651661 152905051
57651661 57646941
57651661 12858870
57651661 57651366
57651661 58441667
57651661 57644430
57651661 57648077
57651661 21450189
57651661 57649509
57652099 57650492
57652099 152732861
57652099 97137115
57652099 581110019
57652099 152621032
57652099 12130696
57652099 582675633
57652099 57648969
57652099 177100811
57652099 57647737
57652099 57644919
57652099 631528967
57652099 57647524
57652099 21007463
57652099 57613023
57652099 57643263
57652099 107496153
57652099 74557542
57652099 210196479
57652099 172468097
57652099 103127919
57652099 210191116
57652099 152899189
57652099 32539883
57652099 57647272
57652099 152821308
57652099 210216003
57652099 57653025
57652099 132449158
57652099 44759509
57652099 113653986
57652099 64881322
57652099 163815085
57652099 152857715
57652099 50866513
57652099 130229494
57652099 152655119
57652099 57648058
57652099 40125828
57652099 152575507
57652099 152661175
57652099 57650382
57652099 152572727
57652099 24500556
57652099 152821203
57652099 152832827
57652099 44757820
57652099 581275381
57652099 57651805
57652099 129620420
57652099 57647942
57652099 152732585
57652099 57651661
57652099 152700488
57652099 172469232
57652099 130236682
57652099 50849564
57652099 152905051
57652099 57646941
57652099 581015265
57652099 12858870
57652099 57651366
57652099 58441667
57652099 57644430
57652099 57648077
57652099 21450189
57652099 57649509
32539883 57644919
32539883 57647524
32539883 57643263
32539883 581802533
32539883 152655119
32539883 44990423
32539883 129620420
32539883 57647942
582059658 57644919
582059658 57647524
582059658 57643263
582059658 21450189
152815179 103127919
152815179 57650382
152815179 58441667
152700488 57651805
152700488 44757820
152700488 132449158
152700488 57650382
152700488 57652099
152700488 152732861
152700488 152621032
152700488 21450189
163815085 57650492
163815085 45674956
163815085 152621032
163815085 12130696
163815085 631528967
163815085 57647524
163815085 21007463
163815085 57613023
163815085 57643263
163815085 107496153
163815085 210196479
163815085 103127919
163815085 152899189
163815085 57652099
163815085 210228463
163815085 210216003
163815085 57653025
163815085 44759509
163815085 634109926
163815085 113653986
163815085 152735484
163815085 50866513
163815085 130229494
163815085 152655119
163815085 40125828
163815085 44990423
163815085 57650382
163815085 152572727
163815085 44757820
163815085 581275381
163815085 57651805
163815085 58049013
163815085 57647942
163815085 152732585
163815085 57651661
163815085 172469232
163815085 130236682
163815085 152905051
163815085 12858870
163815085 57651366
163815085 58441667
163815085 57644430
163815085 21450189
163815085 57649509
581015265 57648058
581015265 57643263
581015265 172469232
581015265 57652099
581015265 57650382
581015265 57653025
581015265 58441667
581015265 21450189
581015265 57644430
57647272 152732861
57647272 21007463
57647272 57613023
57647272 57643263
57647272 103127919
57647272 57652099
57647272 57653025
57647272 132449158
57647272 152655119
57647272 152691694
57647272 57648058
57647272 152575507
57647272 57650382
57647272 24500556
57647272 44757820
57647272 129620420
57647272 57647942
57647272 57651661
57647272 172469232
57647272 50849564
57647272 57646941
57647272 57651366
57647272 58441667
57647272 57648077
57647272 21450189
57647272 57649509
21450189 152899189
21450189 57648077
21450189 152857715
21450189 57647524
21450189 57644919
21450189 152732585
21450189 57646941
21450189 57647272
21450189 57643263
21450189 57647942
21450189 172469232
21450189 130236682
21450189 57648969
21450189 97137115
21450189 57648058
21450189 57647737
21450189 152784836
21450189 152661175
21450189 103127919
21450189 163815085
21450189 152905051
21450189 57651366
21450189 132449158
21450189 57613023
21450189 152655119
21450189 57653025
21450189 210191116
21450189 57651661
21450189 58441667
21450189 21007463
21450189 57652099
21450189 581110019
21450189 581275381
21450189 57650382
21450189 58049013
21450189 24500556
21450189 130229494
21450189 57644430
21450189 44759509
21450189 50866513
21450189 70892122
21450189 12130696
21450189 107496153
21450189 12858870
57647942 57647737
57647942 44757820
57647942 152899189
57647942 57644919
57647942 57643263
57647942 152857715
57647942 57653025
57647942 113653986
57647942 132449158
57647942 152732861
57647942 57647524
57647942 12130696
57647942 97137115
57647942 21007463
57647942 103127919
57647942 107496153
57647942 57647272
57647942 152904908
57647942 57648058
57647942 177100811
57647942 152575507
57647942 163815085
57647942 45674956
57647942 57650382
57647942 24500556
57647942 57648969
57647942 57652099
57647942 129620420
57647942 57651805
57647942 57650492
57647942 57613023
57647942 210216003
57647942 40125828
57647942 44759509
57647942 152655119
57647942 210191116
57647942 152821308
57647942 58049013
57647942 581275381
57647942 32539883
57647942 155832478
57647942 152821203
57647942 152621032
57647942 210228463
57647942 152572727
57647942 634109926
57647942 152735484
57647942 152732585
57647942 57651661
57647942 152700488
57647942 172469232
57647942 130236682
57647942 152905051
57647942 57646941
57647942 12858870
57647942 57651366
57647942 58441667
57647942 57644430
57647942 57648077
57647942 21450189
57647942 57649509
64881322 57644919
64881322 57652099
64881322 57651661
64881322 130236682
64881322 58441667
152905051 152899189
152905051 152575507
152905051 44990423
152905051 172469232
152905051 44757820
152905051 132449158
152905051 130236682
152905051 152821203
152905051 57648969
152905051 57643263
152905051 152732585
152905051 57644919
152905051 57650382
152905051 210228463
152905051 57613023
152905051 57652099
152905051 21007463
152905051 57647942
152905051 152857715
152905051 40125828
152905051 57647524
152905051 210191116
152905051 163815085
152905051 107496153
152905051 57648058
152905051 24500556
152905051 57651661
152905051 581275381
152905051 152735484
152905051 152621032
152905051 50866513
152905051 103127919
152905051 12858870
152905051 57651366
152905051 58441667
152905051 57644430
152905051 57648077
152905051 21450189
24500556 57650492
24500556 152732861
24500556 152621032
24500556 12130696
24500556 57648969
24500556 57647737
24500556 57644919
24500556 57647524
24500556 21007463
24500556 57613023
24500556 57643263
24500556 107496153
24500556 103127919
24500556 210191116
24500556 152899189
24500556 57652099
24500556 813326794
24500556 57647272
24500556 152904908
24500556 57653025
24500556 132449158
24500556 44759509
24500556 113653986
24500556 152857715
24500556 50866513
24500556 152655119
24500556 152691694
24500556 57648058
24500556 40125828
24500556 152575507
24500556 57650382
24500556 152821203
24500556 44757820
24500556 581275381
24500556 57651805
24500556 57647942
24500556 152732585
24500556 57651661
24500556 130236682
24500556 152905051
24500556 12858870
24500556 57651366
24500556 58441667
24500556 57644430
24500556 57648077
24500556 21450189
155832478 21450189
152732585 57647524
152732585 57648058
152732585 57644919
152732585 152821203
152732585 44757820
152732585 57643263
152732585 152575507
152732585 57647942
152732585 152857715
152732585 57648969
152732585 152899189
152732585 132449158
152732585 103127919
152732585 113653986
152732585 581275381
152732585 21007463
152732585 152621032
152732585 152732861
152732585 57652099
152732585 40125828
152732585 50866513
152732585 24500556
152732585 57613023
152732585 163815085
152732585 57650382
152732585 57651661
152732585 172469232
152732585 130236682
152732585 152905051
152732585 12858870
152732585 57651366
152732585 58441667
152732585 57644430
152732585 57648077
152732585 57649509
152732585 21450189
130229494 152732861
130229494 57644919
130229494 57652099
130229494 57653025
130229494 163815085
130229494 152575507
130229494 172469232
130229494 21450189
152621032 152732861
152621032 57648969
152621032 57647737
152621032 57647524
152621032 21007463
152621032 57613023
152621032 57643263
152621032 107496153
152621032 103127919
152621032 152899189
152621032 57652099
152621032 57653025
152621032 132449158
152621032 44759509
152621032 113653986
152621032 152735484
152621032 163815085
152621032 50866513
152621032 57648058
152621032 40125828
152621032 152575507
152621032 57650382
152621032 24500556
152621032 44757820
152621032 581275381
152621032 57647942
152621032 152732585
152621032 57651661
152621032 152700488
152621032 130236682
152621032 152905051
152621032 12858870
152621032 57651366
152621032 58441667
152621032 57644430
210228463 57647524
210228463 152899189
210228463 57653025
210228463 113653986
210228463 163815085
210228463 57648058
210228463 152575507
210228463 57650382
210228463 44757820
210228463 57647942
210228463 152905051
210228463 57651366
152832827 57652099
152832827 44759509
152832827 582277577
152832827 57651661
152832827 21450189
58049013 21007463
58049013 163815085
58049013 152655119
58049013 57648058
58049013 40125828
58049013 44757820
58049013 57646941
58049013 57648077
58049013 21450189
57647524 57650492
57647524 152621032
57647524 12130696
57647524 57648969
57647524 57647737
57647524 57644919
57647524 21007463
57647524 57613023
57647524 57643263
57647524 107496153
57647524 74557542
57647524 65272007
57647524 172468097
57647524 103127919
57647524 210191116
57647524 152899189
57647524 57652099
57647524 210228463
57647524 32539883
57647524 210216003
57647524 152627874
57647524 582059658
57647524 57653025
57647524 132449158
57647524 44759509
57647524 634109926
57647524 152735484
57647524 163815085
57647524 152784836
57647524 152857715
57647524 152655119
57647524 57648058
57647524 40125828
57647524 152575507
57647524 57650382
57647524 24500556
57647524 44757820
57647524 581275381
57647524 57651805
57647524 129620420
57647524 57647942
57647524 152732585
57647524 57651661
57647524 172469232
57647524 130236682
57647524 50849564
57647524 152905051
57647524 57646941
57647524 12858870
57647524 57651366
57647524 57644430
57647524 57648077
57647524 21450189
68554976 172469232
68554976 50849564
68554976 12858870
68554976 58441667
634109926 57648969
634109926 57647524
634109926 57643263
634109926 65272007
634109926 143589834
634109926 163815085
634109926 57650382
634109926 44757820
634109926 57647942
634109926 57651366
634109926 21450189
57650382 57650492
57650382 152732861
57650382 581110019
57650382 152621032
57650382 12130696
57650382 57648969
57650382 177100811
57650382 57644919
57650382 57647524
57650382 21007463
57650382 57613023
57650382 57643263
57650382 107496153
57650382 74557542
57650382 65272007
57650382 210196479
57650382 103127919
57650382 210191116
57650382 152899189
57650382 57652099
57650382 210192065
57650382 210228463
57650382 57647272
57650382 210216003
57650382 57653025
57650382 132449158
57650382 44759509
57650382 143589834
57650382 634109926
57650382 113653986
57650382 152735484
57650382 163815085
57650382 152784836
57650382 152857715
57650382 50866513
57650382 152655119
57650382 152691694
57650382 57648058
57650382 40125828
57650382 152575507
57650382 152572727
57650382 24500556
57650382 44757820
57650382 581277994
57650382 152815179
57650382 581275381
57650382 57651805
57650382 129620420
57650382 57647942
57650382 152732585
57650382 57651661
57650382 152700488
57650382 172469232
57650382 130236682
57650382 50849564
57650382 152905051
57650382 57646941
57650382 581015265
57650382 12858870
57650382 57651366
57650382 58441667
57650382 57644430
57650382 21450189
57650382 57649509
50866513 152621032
50866513 12130696
50866513 57648969
50866513 21007463
50866513 57613023
50866513 57643263
50866513 103127919
50866513 152899189
50866513 57652099
50866513 57653025
50866513 132449158
50866513 44759509
50866513 163815085
50866513 152575507
50866513 57650382
50866513 24500556
50866513 44757820
50866513 581275381
50866513 152732585
50866513 130236682
50866513 152905051
50866513 12858870
50866513 57651366
50866513 57649509
50866513 21450189
581110019 57652099
581110019 57653025
581110019 44759509
581110019 40125828
581110019 152575507
581110019 57650382
581110019 44757820
581110019 12858870
581110019 21450189
581110019 57651366
57646941 57647524
57646941 57643263
57646941 21007463
57646941 172469232
57646941 129620420
57646941 152857715
57646941 57644919
57646941 57647272
57646941 132449158
57646941 58049013
57646941 44990423
57646941 152655119
57646941 12130696
57646941 57647942
57646941 152904908
57646941 152575507
57646941 57648969
57646941 57650382
57646941 45674956
57646941 57651661
57646941 103127919
57646941 152899189
57646941 44759509
57646941 57653025
57646941 50849564
57646941 152821308
57646941 58441667
57646941 57644430
57646941 57648077
57646941 21450189
40125828 45674956
40125828 581110019
40125828 152621032
40125828 57648969
40125828 177100811
40125828 57644919
40125828 57647524
40125828 21007463
40125828 57613023
40125828 57643263
40125828 107496153
40125828 74557542
40125828 103127919
40125828 152899189
40125828 57652099
40125828 57653025
40125828 132449158
40125828 44759509
40125828 113653986
40125828 152735484
40125828 163815085
40125828 152784836
40125828 152655119
40125828 57648058
40125828 44990423
40125828 152575507
40125828 152661175
40125828 57650382
40125828 152572727
40125828 24500556
40125828 44757820
40125828 581277994
40125828 581275381
40125828 70892122
40125828 57651805
40125828 58049013
40125828 57647942
40125828 152732585
40125828 57651661
40125828 172469232
40125828 130236682
40125828 50849564
40125828 152905051
40125828 12858870
40125828 57651366
40125828 57644430
40125828 57648077
31629476 57644919
31629476 57613023
31629476 132449158
31629476 44757820
582675633 152732861
582675633 57652099
582675633 21450189
57649509 107496153
57649509 44759509
57649509 152655119
57649509 103127919
57649509 130236682
57649509 44757820
57649509 132449158
57649509 12858870
57649509 57647942
57649509 57648058
57649509 58441667
57649509 57650382
57649509 57651661
57649509 152732585
57649509 210196479
57649509 172469232
57649509 50866513
57649509 57647272
57649509 57644919
57649509 163815085
57649509 57653025
57649509 57644430
57649509 57652099
57649509 210191116
57649509 57651366
57648969 152621032
57648969 57647737
57648969 57644919
57648969 57647524
57648969 21007463
57648969 57613023
57648969 57643263
57648969 107496153
57648969 210196479
57648969 103127919
57648969 152899189
57648969 57652099
57648969 57653025
57648969 132449158
57648969 634109926
57648969 152857715
57648969 50866513
57648969 152655119
57648969 57648058
57648969 40125828
57648969 152575507
57648969 57650382
57648969 152572727
57648969 24500556
57648969 152821203
57648969 44757820
57648969 581275381
57648969 57651805
57648969 57647942
57648969 152732585
57648969 57651661
57648969 172469232
57648969 130236682
57648969 152905051
57648969 57646941
57648969 12858870
57648969 57651366
57648969 58441667
57648969 57644430
57648969 57648077
57648969 21450189
44990423 57644919
44990423 631528967
44990423 57643263
44990423 103127919
44990423 57652099
44990423 32539883
44990423 132449158
44990423 163815085
44990423 152857715
44990423 57648058
44990423 40125828
44990423 152575507
44990423 24500556
44990423 44757820
44990423 581275381
44990423 57651661
44990423 172469232
44990423 152905051
44990423 57646941
44990423 58441667
172469232 44757820
172469232 57644919
172469232 57647942
172469232 152732861
172469232 57647737
172469232 152655119
172469232 132449158
172469232 57647272
172469232 68554976
172469232 57647524
172469232 103127919
172469232 57643263
172469232 152784836
172469232 57651805
172469232 57651661
172469232 163815085
172469232 107496153
172469232 21007463
172469232 57652099
172469232 40125828
172469232 57648969
172469232 57648058
172469232 57613023
172469232 57650382
172469232 152857715
172469232 581275381
172469232 152821308
172469232 57653025
172469232 130229494
172469232 631528967
172469232 44990423
172469232 152575507
172469232 581277994
172469232 152732585
172469232 152572727
172469232 44759509
172469232 152735484
172469232 210192065
172469232 130236682
172469232 152905051
172469232 57646941
172469232 581015265
172469232 12858870
172469232 57651366
172469232 58441667
172469232 57644430
172469232 57648077
172469232 21450189
172469232 57649509
103127919 152732861
103127919 97137115
103127919 152621032
103127919 12130696
103127919 57648969
103127919 57647737
103127919 57644919
103127919 57647524
103127919 21007463
103127919 57613023
103127919 57643263
103127919 107496153
103127919 65272007
103127919 152899189
103127919 57652099
103127919 57647272
103127919 57653025
103127919 132449158
103127919 44759509
103127919 152735484
103127919 163815085
103127919 582277577
103127919 152857715
103127919 50866513
103127919 152655119
103127919 57648058
103127919 40125828
103127919 44990423
103127919 152575507
103127919 152661175
103127919 57650382
103127919 24500556
103127919 152821203
103127919 44757820
103127919 152815179
103127919 581275381
103127919 57651805
103127919 129620420
103127919 58049013
103127919 57647942
103127919 152732585
103127919 57651661
103127919 152700488
103127919 172469232
103127919 130236682
103127919 152905051
103127919 57646941
103127919 12858870
103127919 57651366
103127919 58441667
103127919 57644430
103127919 21450189
103127919 57649509
74557542 57644919
74557542 57647524
74557542 57643263
74557542 107496153
74557542 57652099
74557542 57653025
74557542 40125828
74557542 57650382
74557542 44757820
74557542 130236682
74557542 12858870
74557542 57651366
74557542 57644430
74557542 21450189
210192065 57643263
210192065 57653025
210192065 44759509
210192065 57648058
210192065 57650382
210192065 172469232
210192065 12858870
210192065 21450189
210192065 57644430
210192065 57651366
70892122 152732861
70892122 152627874
70892122 57653025
70892122 113653986
70892122 40125828
70892122 44757820
70892122 57651366
70892122 57644430
70892122 21450189
152899189 152621032
152899189 57648969
152899189 177100811
152899189 57644919
152899189 57647524
152899189 21007463
152899189 57613023
152899189 57643263
152899189 107496153
152899189 65272007
152899189 103127919
152899189 57652099
152899189 210228463
152899189 210216003
152899189 57653025
152899189 132449158
152899189 44759509
152899189 163815085
152899189 152784836
152899189 152857715
152899189 50866513
152899189 152655119
152899189 57648058
152899189 40125828
152899189 152575507
152899189 57650382
152899189 24500556
152899189 152821203
152899189 44757820
152899189 581275381
152899189 129620420
152899189 57647942
152899189 152732585
152899189 57651661
152899189 130236682
152899189 152905051
152899189 57646941
152899189 12858870
152899189 57651366
152899189 58441667
152899189 57644430
152899189 57648077
152899189 21450189
143589834 57643263
143589834 634109926
143589834 57650382
143589834 44757820
143589834 129620420
143589834 12858870
152784836 57644919
152784836 57647524
152784836 152899189
152784836 113653986
152784836 40125828
152784836 57650382
152784836 44757820
152784836 172469232
152784836 58441667
152784836 21450189
44759509 57650492
44759509 152732861
44759509 581110019
44759509 152621032
44759509 177100811
44759509 57644919
44759509 57647524
44759509 21007463
44759509 57613023
44759509 57643263
44759509 107496153
44759509 65272007
44759509 103127919
44759509 152899189
44759509 57652099
44759509 210192065
44759509 152627874
44759509 57653025
44759509 163815085
44759509 50866513
44759509 152655119
44759509 152691694
44759509 57648058
44759509 57649509
44759509 40125828
44759509 57650382
44759509 152572727
44759509 24500556
44759509 152821203
44759509 152832827
44759509 44757820
44759509 581277994
44759509 581275381
44759509 57651805
44759509 57647942
44759509 57651661
44759509 172469232
44759509 130236682
44759509 50849564
44759509 57646941
44759509 12858870
44759509 57651366
44759509 57644430
44759509 21450189
50849564 132449158
50849564 57643263
50849564 130236682
50849564 57647524
50849564 57644919
50849564 44757820
50849564 152575507
50849564 44759509
50849564 57652099
50849564 68554976
50849564 57647272
50849564 40125828
50849564 57650382
50849564 57646941
