300109069 58005118
61317232 58005118
581097900 58005118
152934709 13985998
152934709 152951638
152934709 152595653
152934709 58005118
152833533 58005118
377292114 58005118
57768910 152728275
57768910 13985998
57768910 58005118
57768910 58470251
152905113 152954475
152905113 13985998
152905113 58005118
152905113 58470251
57609183 6113081
57609183 58005118
6113081 58005118
6113081 58470251
152815284 58005118
34619056 13985998
34619056 58005118
152623279 152808868
152623279 58005118
152726692 58374255
152726692 58005118
57483901 13985998
57652666 71802466
57652666 150099908
57652666 58005118
836611463 17032559
58441516 23707444
58441516 58122546
58441516 58438067
58441516 58425611
58441516 58441639
58441516 58005118
58441516 58470251
58441516 6113081
58441516 152620086
58005118 152954475
58005118 71802466
58005118 57645900
58005118 152815284
58005118 152905113
58005118 152620086
58005118 152595653
58005118 58425611
58005118 6113081
58005118 152726692
58005118 65297193
58005118 57609183
58005118 57768910
58005118 58438067
58005118 57652666
58005118 300109069
58005118 152623279
58005118 152951638
58005118 581097900
58005118 13985998
58005118 152930400
58005118 57650955
58005118 152833533
58005118 421546667
58005118 17032559
58005118 61317232
58005118 152934709
58005118 58374255
58005118 152728275
58005118 152660703
58005118 58122546
58005118 34619056
58005118 58441639
58005118 152631496
58005118 58470251
58005118 58441516
421546667 58005118
83079553 13985998
83079553 58005118
58432934 6113081
58432934 58438067
152595653 152728275
152595653 58005118
58438067 6113081
58438067 58005118
58438067 58432934
58438067 58441639
58438067 58470251
58438067 58441516
58441639 58005118
58441639 6113081
58441639 58441516
58425611 6113081
58425611 58470251
58425611 58005118
57645900 23707444
57645900 71802466
57645900 58005118
71802466 57650955
71802466 13985998
71802466 57652666
71802466 57645900
71802466 152660703
71802466 58005118
71802466 58122546
152728275 57768910
152728275 152808868
152728275 152595653
152728275 58005118
58374255 152726692
58374255 58005118
152928846 150099908
152900550 150099908
65297193 58005118
23707444 13985998
152808868 152728275
152808868 152623279
152808868 58005118
152951638 152934709
152951638 58005118
152631496 58005118
57769540 13985998
57769540 57652666
150099908 23707444
150099908 152900550
150099908 57652666
152954475 152905113
152954475 13985998
152954475 6113081
152954475 57768910
152954475 152660703
152954475 58005118
152954475 34619056
152954475 58470251
13985998 152905113
13985998 23707444
13985998 152954475
13985998 71802466
13985998 152660703
13985998 57483901
13985998 58005118
13985998 58122546
13985998 34619056
13985998 57769540
58122546 13985998
58122546 6113081
58122546 152620086
58122546 58005118
58122546 54215822
58122546 581097900
58122546 71802466
58122546 57768910
58122546 23707444
58122546 58425611
58122546 58441516
57650955 71802466
57650955 152660703
57650955 58005118
152660703 152954475
152660703 57650955
152660703 13985998
152660703 71802466
152660703 58005118
17032559 836611463
17032559 58005118
152930400 58005118
152620086 6113081
152620086 58005118
152620086 58122546
152620086 58441516
58470251 13985998
58470251 6113081
58470251 58425611
58470251 57768910
58470251 58005118
58470251 58441516
