581316221 127261426
54410234 45161916
54410234 25436144
54410234 69274499
54410234 45163601
54410234 45808437
54410234 45161093
54410234 213890920
54410234 421496881
54410234 126191432
54410234 56970728
54410234 671998129
54410234 30222585
54410234 21626784
90428376 127261426
130133712 127261426
52505154 127261426
52505154 2347968
57611035 127261426
299324825 359366719
299324825 45163601
299324825 130237360
299324825 52584220
299324825 127261426
299324825 205890931
299324825 152595365
299324825 54362560
299324825 9753960
638996407 359366719
638996407 127261426
638996407 126191432
30222585 127261426
30222585 45808437
30222585 295347208
30222585 85052921
30222585 69274499
30222585 685592477
30222585 130237360
30222585 19559757
30222585 54410234
30222585 58024780
57609183 127261426
57609183 21626784
56970728 142748254
56970728 58285016
56970728 57764406
56970728 130237360
56970728 213890920
56970728 129653522
56970728 2349768
56970728 357620177
56970728 359366719
56970728 45808437
56970728 69274499
56970728 685592477
56970728 9753960
56970728 54410234
56970728 127261426
130237360 127261426
52584220 45808437
52584220 127261426
58001795 127261426
42145823 127261426
45808437 57605722
45808437 58056856
45808437 69274499
45808437 45163601
45808437 58285016
45808437 129653522
45808437 127261426
45808437 2347968
45808437 54410234
45808437 298863172
45808437 54362560
45808437 126191432
45808437 30222585
45808437 9116942
692807534 127261426
498193614 129653522
498193614 127261426
9116942 127261426
9116942 45163601
9116942 129653522
9116942 126191432
9116942 298863172
9116942 45808437
9116942 2347968
9116942 21626784
19895199 127261426
541460250 127261426
298863172 127261426
701179924 303951634
295347208 127261426
295347208 30222585
57764406 19559757
57764406 130237360
57764406 54362560
57764406 45163601
57764406 25436144
57764406 298863172
57764406 57771013
57764406 142748254
57764406 58285016
57764406 2347968
57764406 69274499
57764406 45161916
57764406 57584615
57764406 359366719
57764406 127261426
57764406 45161093
57764406 911117
57764406 833310558
57764406 126191432
57764406 56970728
57764406 205891062
57764406 58024780
57764406 21626784
85052921 30222585
9753960 126191432
9753960 2349768
9753960 129653522
9753960 57584615
9753960 2347968
9753960 25436144
9753960 127261426
9753960 56970728
9753960 58024780
669637914 127261426
20562944 130506811
20562944 127261426
12331496 127261426
54362560 58285016
54362560 45808437
54362560 127261426
54362560 45161093
54362560 677189348
54362560 299324825
54362560 54384594
54362560 57764406
54362560 126191432
19559757 127261426
19559757 30222585
19559757 57764406
152812168 127261426
126191432 129653522
126191432 58285016
126191432 45808437
126191432 54362560
126191432 638996407
126191432 57584615
126191432 12331496
126191432 833329544
126191432 2349768
126191432 127261426
126191432 130237360
126191432 57608010
126191432 54410234
126191432 259750884
126191432 69274499
126191432 58304914
126191432 81377477
126191432 9753960
126191432 58024780
126191432 21626784
126191432 9116942
56866607 127261426
57608010 685592477
57608010 127261426
57608010 152595365
57608010 21626784
45161093 45161916
45161093 58136688
45161093 58285016
45161093 129653522
45161093 54410234
45161093 25436144
45161093 421496881
45161093 54362560
45161093 57764406
45161093 58024780
45161093 205891062
57584615 127279065
57584615 127261426
57584615 152571672
57584615 57764406
57584615 126191432
57584615 9753960
911117 127261426
57983090 127261426
421496881 205891066
421496881 833310558
421496881 54410234
421496881 127261426
421496881 56970728
421496881 9753960
205890931 127261426
152595365 299324825
152595365 692806143
152595365 127261426
152595365 57608010
58024780 127261426
58024780 130506811
58024780 30222585
58024780 685592477
58024780 58136688
58024780 57764406
58024780 126191432
58024780 9753960
58024780 45161093
58024780 21626784
833329544 127261426
130506811 45163601
130506811 58285016
130506811 685592477
130506811 127261426
130506811 2349768
130506811 58024780
58056856 45808437
81377477 127261426
129653522 127261426
205891062 127261426
2349768 25436144
2349768 130506811
2349768 127261426
2349768 2347968
2349768 9753960
259750884 127261426
152571672 57584615
152571672 57771013
152571672 129653522
152571672 127261426
152571672 142748254
152571672 9116942
421520356 127261426
692806143 127261426
692806143 57764406
692806143 152595365
142748254 127261426
142748254 152571672
142748254 56970728
142748254 57764406
357620177 127261426
357620177 56970728
45161916 127261426
45161916 54410234
45161916 45161093
685592477 57605722
685592477 130506811
685592477 359366719
685592477 58285016
685592477 127261426
685592477 57608010
685592477 56970728
685592477 58024780
685592477 30222585
359366719 299324825
359366719 638996407
359366719 685592477
359366719 57764406
359366719 56970728
58304914 127261426
57771013 57605722
57771013 127261426
57771013 152571672
57771013 57764406
224856260 127261426
21626784 205891062
21626784 54410234
21626784 57608010
21626784 127261426
21626784 58024780
21626784 9116942
21626784 57609183
671998129 54410234
671998129 127261426
58285016 57605722
58285016 25436144
58285016 130506811
58285016 69274499
58285016 130237360
58285016 12331496
58285016 45808437
58285016 833329544
58285016 685592477
58285016 129653522
58285016 127261426
58285016 2349768
58285016 2347968
58285016 45161093
58285016 205890931
58285016 54362560
58285016 126191432
58285016 56970728
52583613 127261426
52583613 69274499
677189348 127261426
677189348 54362560
25436144 58136688
25436144 58285016
25436144 127261426
25436144 2349768
25436144 2347968
25436144 54410234
25436144 57605722
25436144 45161093
25436144 57764406
25436144 9753960
58136688 25436144
58136688 127261426
58136688 2347968
58136688 45161093
58136688 58024780
58136688 205891062
833310558 127261426
833310558 421496881
833310558 57764406
155915136 127261426
4618708 127261426
127279065 57605722
127279065 57584615
127279065 58304914
127279065 127261426
127279065 2347968
127279065 298863172
127279065 205890931
648058230 127261426
205891066 130237360
205891066 127261426
205891066 421496881
54384594 127261426
54384594 54362560
213890920 54410234
213890920 56970728
303951634 701179924
57605722 57771013
57605722 45808437
57605722 685592477
57605722 127279065
57605722 127261426
57605722 25436144
57605722 205891062
27992331 127261426
45163601 299324825
45163601 130506811
45163601 45808437
45163601 833329544
45163601 127261426
45163601 54410234
45163601 57764406
2347968 45808437
2347968 127261426
69274499 58285016
69274499 45808437
69274499 127261426
69274499 54410234
69274499 57764406
69274499 126191432
69274499 52583613
69274499 30222585
69274499 56970728
127261426 57584615
127261426 58285016
127261426 45808437
127261426 58304914
127261426 129653522
127261426 2347968
127261426 54362560
127261426 126191432
127261426 30222585
