58114543 132603933
58114543 57590731
25649565 23515236
25649565 57458174
25649565 57647406
25649565 57590731
25649565 123996223
25649565 132603933
25649565 50603298
25649565 11981644
25649565 144812175
25649565 57588111
25649565 581208616
25649565 50633074
25649565 45515348
25649565 57648574
57402589 57590731
58169508 132603933
58169508 57590731
71318025 57590731
10361006 23515236
10361006 57590731
10361006 30393195
31121729 80714841
31121729 57590731
31121729 123996223
31121729 152734227
31121729 30393195
152682131 57590731
57650631 152734227
57650631 50633074
57650631 85052781
57650631 57647406
57650631 11981644
57650631 57648574
502635110 57590731
502635110 152724951
152733146 57590731
144812175 39476355
144812175 23515236
144812175 57647406
144812175 57590731
144812175 11981644
144812175 25649565
144812175 50633074
144812175 107239727
123996223 39476355
123996223 31121729
123996223 57590731
123996223 210251815
123996223 11981644
123996223 67521618
123996223 57588111
123996223 30393195
123996223 85052781
123996223 25649565
123996223 26698523
123996223 45515348
123996223 85053573
123996223 23515236
123996223 152892006
52927839 57590731
57648574 152816496
57648574 57590731
57648574 57647406
57648574 152713204
57648574 50603298
57648574 50633074
57648574 25649565
57648574 49465080
57648574 57650631
57648574 26698523
57648574 11981644
57648574 152728063
57648574 152914240
57648574 123996223
57648574 57652964
132603933 39476355
132603933 57458174
132603933 57647406
132603933 50603298
132603933 56863457
132603933 57588111
132603933 58169508
132603933 152731520
132603933 25649565
132603933 26698523
132603933 49465080
132603933 152912570
132603933 45382523
132603933 57590731
132603933 152892006
132603933 298834572
132603933 152898675
45382523 50633074
45382523 132603933
45382523 57590731
152517348 57590731
152898675 132603933
152898675 57590731
210251815 123996223
210251815 11981644
210251815 57588111
210251815 30393195
210251815 50633074
210251815 57590731
52581872 57590731
215714706 57590731
152816632 57590731
26698523 39476355
26698523 23515236
26698523 57647406
26698523 132603933
26698523 152728063
26698523 61336571
26698523 30393195
26698523 57652964
26698523 152816496
26698523 50633074
26698523 52381291
26698523 152674266
26698523 57590731
26698523 298834572
26698523 57648574
61336571 39476355
61336571 152517348
61336571 26698523
152572290 57590731
131196378 57590731
152924113 152517348
152924113 132603933
152924113 50633074
3343624 52389582
50603298 152914240
50603298 132603933
50603298 11981644
50603298 25649565
50603298 49465080
50603298 50633074
50603298 45515348
50603298 57590731
50603298 57648574
50603298 152838839
30393195 39476355
30393195 152914240
30393195 80714841
30393195 57458174
30393195 152733146
30393195 31121729
30393195 57647406
30393195 210251815
30393195 123996223
30393195 152713204
30393195 11981644
30393195 57381482
30393195 152734227
30393195 57652964
30393195 85052781
30393195 26698523
30393195 10361006
30393195 45515348
30393195 152801134
30393195 152838839
67521618 123996223
67521618 11981644
67521618 57652964
67521618 57590731
152731520 132603933
152731520 57590731
52381291 152517348
52381291 57590731
52381291 152734227
52381291 57588111
52381291 26698523
39476355 57647406
39476355 57590731
39476355 52447620
39476355 123996223
39476355 132603933
39476355 11981644
39476355 61336571
39476355 152734227
39476355 30393195
39476355 85053573
57647406 39476355
57647406 23515236
57647406 132603933
57647406 152728063
57647406 152734227
57647406 144812175
57647406 30393195
57647406 57652964
57647406 152816496
57647406 85052781
57647406 25649565
57647406 26698523
57647406 49465080
57647406 50633074
57647406 152912570
57647406 152674266
57647406 57650631
57647406 57648574
57647406 152838839
152929397 11981644
152929397 57590731
152833647 57590731
152914240 57590731
152914240 57648574
85052781 23515236
85052781 57647406
85052781 57590731
85052781 123996223
85052781 11981644
85052781 152734227
85052781 30393195
85052781 52389081
85052781 45515348
85052781 152892006
85052781 57650631
152602879 152517348
152838839 57590731
152838839 581208616
152838839 57647406
152838839 152517348
152838839 152816496
152838839 152892006
152838839 50603298
152838839 132603933
152838839 57652964
52389081 57590731
152912570 57647406
152912570 152710945
152912570 85053573
152912570 132603933
152912570 57590731
57458174 132603933
57458174 25649565
57458174 57590731
52389582 23515236
52389582 3343624
52389582 57590731
57588111 57458174
57588111 210251815
57588111 123996223
57588111 132603933
57588111 25649565
57588111 45515348
57588111 52381291
57588111 85053573
57588111 57590731
152816496 152517348
152816496 23515236
152816496 57647406
152816496 152728063
152816496 26698523
152816496 50633074
152816496 152674266
152816496 57590731
152816496 57648574
152816496 152838839
57381482 57590731
581208616 132603933
581208616 11981644
581208616 49465080
581208616 50633074
581208616 57590731
581208616 298834572
107239727 144812175
50633074 39476355
50633074 152933453
50633074 57458174
50633074 57647406
50633074 210251815
50633074 152713204
50633074 155842215
50633074 50603298
50633074 152728063
50633074 152734227
50633074 152924113
50633074 57652964
50633074 581208616
50633074 152816496
50633074 25649565
50633074 26698523
50633074 49465080
50633074 152914240
50633074 23515236
50633074 132603933
50633074 45382523
50633074 57590731
50633074 57650631
50633074 152801134
50633074 298834572
50633074 57648574
50633074 152838839
152734227 39476355
152734227 31121729
152734227 57647406
152734227 11981644
152734227 30393195
152734227 57652964
152734227 85052781
152734227 50633074
152734227 45515348
152734227 52381291
152734227 85053573
152734227 57590731
152734227 57650631
152728063 23515236
152728063 57647406
152728063 57652964
152728063 152816496
152728063 26698523
152728063 49465080
152728063 50633074
152728063 152674266
152728063 57590731
152728063 57648574
152933453 39476355
152933453 80714841
152933453 152517348
152933453 132603933
152933453 57652964
152933453 50633074
152933453 57590731
45515348 57590731
45515348 123996223
45515348 50603298
45515348 11981644
45515348 152734227
45515348 57588111
45515348 30393195
45515348 152724951
45515348 152731520
45515348 85052781
45515348 25649565
57590731 39476355
57590731 152933453
57590731 80714841
57590731 152517348
57590731 23515236
57590731 152733146
57590731 31121729
57590731 52927839
57590731 210251815
57590731 123996223
57590731 152833647
57590731 57402589
57590731 175164152
57590731 132603933
57590731 50603298
57590731 11981644
57590731 56863457
57590731 152728063
57590731 152572290
57590731 152734227
57590731 144812175
57590731 57588111
57590731 152924113
57590731 58169508
57590731 152724951
57590731 581208616
57590731 52389081
57590731 152731520
57590731 152816632
57590731 58114543
57590731 85052781
57590731 25649565
57590731 26698523
57590731 82399010
57590731 10361006
57590731 50633074
57590731 45515348
57590731 152912570
57590731 52381291
57590731 85053573
57590731 152892006
57590731 298834572
57590731 52581872
57590731 57648574
57590731 152838839
49465080 23515236
49465080 57647406
49465080 132603933
49465080 50603298
49465080 152728063
49465080 57652964
49465080 581208616
49465080 50633074
49465080 152674266
49465080 57648574
85053573 39476355
85053573 123996223
85053573 152734227
85053573 57588111
85053573 152912570
85053573 57590731
152713204 57590731
152713204 57648574
57652964 152933453
57652964 23515236
57652964 57647406
57652964 11981644
57652964 67521618
57652964 152728063
57652964 152734227
57652964 30393195
57652964 152724951
57652964 26698523
57652964 49465080
57652964 50633074
57652964 152674266
57652964 57590731
57652964 57648574
57652964 152838839
152710945 152912570
152710945 57590731
152674266 57647406
152674266 152728063
152674266 26698523
152674266 152816496
152674266 49465080
152674266 57652964
82399010 31121729
82399010 57590731
57483932 57590731
11981644 39476355
11981644 210251815
11981644 123996223
11981644 155842215
11981644 50603298
11981644 67521618
11981644 152734227
11981644 144812175
11981644 30393195
11981644 57652964
11981644 85052781
11981644 152929397
11981644 25649565
11981644 45515348
11981644 152674266
11981644 57590731
11981644 152892006
11981644 57650631
11981644 57648574
152724951 57652964
152724951 45515348
152724951 57590731
155842215 50633074
155842215 57590731
80714841 152933453
80714841 23515236
80714841 31121729
80714841 30393195
80714841 57590731
152892006 85052781
152892006 11981644
152892006 57590731
152892006 123996223
152892006 132603933
152801134 50633074
152801134 30393195
175164152 57590731
52447620 39476355
52447620 11981644
52447620 25649565
52447620 57590731
23515236 80714841
23515236 57647406
23515236 57590731
23515236 152728063
23515236 57652964
23515236 581208616
23515236 152816496
23515236 85052781
23515236 25649565
23515236 26698523
23515236 10361006
23515236 49465080
23515236 11981644
23515236 50633074
23515236 123996223
56863457 152517348
56863457 132603933
56863457 52381291
56863457 57590731
