103066646 45668181
103066646 57771003
103066646 144694092
103066646 57648628
210197153 152729058
152714815 57648628
152714815 57771003
7968377 45668181
7968377 57771003
7968377 40210773
7968377 57648628
45161890 57648628
45161890 40210773
45668181 103066646
45668181 7968377
45668181 57771003
45668181 40210773
45668181 57648628
40210773 7968377
40210773 144694092
40210773 124087500
40210773 57648628
40210773 45161890
152729058 57648628
215747976 124087500
144694092 57771003
144694092 103066646
144694092 833323848
144694092 40210773
144694092 124087500
144694092 57648628
69748230 57648628
316536857 57648628
833323848 103066646
833323848 57648628
833323848 57771003
193398101 57648628
193398101 124087500
193398101 215747976
58015960 57648628
57648628 57771003
57648628 103066646
57648628 152729058
57648628 40210773
57648628 582039007
57648628 124087500
57648628 7968377
57648628 152714815
57648628 45161890
57648628 57994032
57994032 57648628
124087500 40210773
124087500 57648628
124087500 215747976
124087500 193398101
52390197 215747976
57771003 45668181
57771003 7968377
57771003 833323848
57771003 103066646
57771003 152714815
57771003 144694092
57771003 40210773
57771003 57648628
582039007 57648628
