57647839 57644041
57647839 57643444
57647839 113445298
54247815 152680559
44758805 60693147
44758805 57644041
44758805 152816388
44758805 175162570
44758805 57644366
44758805 57643444
44758805 113445298
44758805 152680559
44758805 57646460
152924967 57645540
152924967 57644041
152924967 152816388
152924967 57643444
152932919 52573813
152932919 57646460
152680559 57644041
152680559 152816388
152680559 44758805
152680559 57643444
152680559 57645540
57646460 101698145
57646460 44759159
57646460 57644366
57646460 52573813
57646460 57644041
57646460 113445298
57646460 152816388
57646460 60693147
57646460 44758805
57646460 152932919
57646460 57643444
57646460 152480566
113445298 57644041
113445298 101698145
113445298 152816388
113445298 54247815
113445298 44758805
113445298 60693147
113445298 57647839
113445298 210186766
113445298 57646460
175162570 57643444
57645540 44759159
57645540 52573813
57645540 101698145
57645540 60693147
57645540 152924967
57645540 57644041
57645540 44758805
57645540 57644366
57645540 57643444
57645540 152680559
101698145 57645540
101698145 60693147
101698145 57644041
101698145 57644366
101698145 57643444
101698145 113445298
101698145 57646460
57644041 44758805
57644041 57645540
57644041 44759159
57644041 57647839
57644041 101698145
57644041 60693147
57644041 152924967
57644041 152816388
57644041 152480566
57644041 57644366
57644041 57643444
57644041 113445298
57644041 152680559
57644041 57646460
152816388 44758805
152816388 44759159
152816388 52573813
152816388 175162570
152816388 60693147
152816388 152924967
152816388 57644041
152816388 152480566
152816388 57644366
152816388 57643444
152816388 113445298
152816388 152680559
152816388 57646460
57644366 101698145
57644366 60693147
57644366 57644041
57644366 152816388
57644366 44758805
57644366 175162570
57644366 57645540
57644366 57643444
57644366 57646460
44759159 57645540
44759159 210186766
44759159 57644041
44759159 152816388
44759159 57646460
210186766 44759159
210186766 113445298
60693147 44758805
60693147 57645540
60693147 101698145
60693147 57644041
60693147 152816388
60693147 57644366
60693147 57643444
60693147 113445298
60693147 57646460
57643444 57644041
57643444 101698145
57643444 57645540
57643444 152924967
57643444 52573813
57643444 57644366
57643444 60693147
57643444 57647839
57643444 175162570
57643444 152480566
57643444 44758805
57643444 152680559
57643444 57646460
152480566 57644041
152480566 152816388
152480566 57643444
152480566 57646460
52573813 57645540
52573813 152816388
52573813 57643444
52573813 152932919
52573813 57646460
