421485723 326864407
421485723 55249062
421485723 25373951
24253636 298836549
24253636 147873229
24253636 73198614
24253636 72471441
298856288 152820536
210230614 107496206
1794024 38532653
152691732 421485723
357061813 326864426
218131725 25373951
218131725 298856559
152713317 24253636
152713317 58096101
152713317 421491802
152713317 73198614
152713317 57583399
421491802 5365543
421491802 152713317
44750375 65454606
44750375 9493076
44750375 57650442
326864407 421485723
57583399 326864426
57583399 73198614
57583399 152713317
55249062 783320421
55249062 73198614
55249062 326864426
55249062 421485723
55249062 25373951
152567527 57648574
152567527 73198614
55241220 326864426
55241220 69674504
55241220 25373951
72471441 326864426
72471441 24253636
57648574 659078573
57648574 152727030
57648574 152567527
223873876 24970145
54298127 326864426
16188084 121549639
73198614 25373951
73198614 421479878
73198614 152567527
73198614 69674504
73198614 326864426
73198614 24253636
73198614 55249062
73198614 152713317
152856989 152820536
8858779 22232028
147873229 24970145
637299707 822388572
659078573 57648574
79037525 73198614
85647320 590258234
85647320 298857675
85647320 152544971
85647320 152820536
121549639 16188084
51686434 43763404
51686434 58096101
13549749 326864426
6852339 9501017
6852339 6426493
326864426 25373951
38532653 24970145
38532653 1794024
38532653 152544971
107496206 65454606
107496206 210230614
69674504 16302718
69674504 55249062
69674504 421485723
69674504 326864426
69674504 73198614
69674504 25373951
136556712 127709632
421476914 326864426
298857675 85647320
298857675 152820536
298857675 298856288
9493076 65454606
9493076 152727030
9493076 57650442
9493076 44750375
65454606 107496206
65454606 9493076
65454606 44750375
152820536 534764543
152820536 85647320
152820536 55562699
152820536 152856989
152820536 590258234
152820536 298856288
152820536 298857675
298856559 218131725
152714446 9501017
421479878 57583399
421479878 73198614
55562699 152820536
57605885 43763404
590258234 85647320
590258234 152820536
22232028 8858779
22232028 43802226
24970145 38532653
24970145 147873229
24970145 223873876
25373951 69674504
25373951 421485723
25373951 326864426
25373951 55241220
25373951 218131725
25373951 57583399
25373951 566584579
25373951 73198614
25373951 55249062
25373951 16302718
127709632 136556712
9501017 14331233
9501017 326864426
9501017 72471441
32868840 326864426
152727030 57650442
152727030 9493076
152727030 57648574
5365543 43763404
5365543 326864426
5365543 421491802
5365543 127709632
43763404 51686434
43763404 57605885
43763404 5365543
667219313 326864426
58096101 742316393
58096101 51686434
58096101 326864426
58096101 152713317
6426493 6852339
299088266 326864426
16302718 326864426
16302718 25373951
152544971 85647320
298836549 24253636
5597287 326864426
477867615 326864426
534764543 152820536
701113789 223873876
701113789 25373951
701113789 167482499
57650442 152727030
57650442 9493076
57650442 44750375
783320421 25373951
783320421 55249062
14331233 9501017
43802226 22232028
742316393 58096101
