24609320 8437378
105157441 8437378
105157441 23853847
41969319 23853847
580883396 57647560
152783959 23853847
688147459 582104375
152896900 23853847
23853847 41969319
23853847 152930357
23853847 152728999
23853847 152808304
23853847 105157441
23853847 58152463
23853847 67214871
23853847 152515405
23853847 672751250
23853847 8437378
23853847 152896900
23853847 152566784
23853847 152501850
8437378 148066755
806253403 152531112
152930357 8437378
152930357 695796306
152930357 23853847
260917703 8437378
260917703 58074932
260917703 38012724
44760234 56906474
57647560 8437378
57647560 580883396
558702092 8437378
86483523 44783739
86483523 8437378
56906474 8437378
56906474 67214871
56906474 44760234
56906474 23853847
582104375 688147459
148066755 8437378
167865439 8437378
672751250 23853847
439599411 8437378
44783739 86483523
152576536 152501850
152808304 8437378
152808304 23853847
546553303 8437378
38012724 8437378
580964099 152531112
833478281 152474263
833478281 152820928
152531112 806253403
152531112 580964099
152531112 152728999
152566784 8437378
152566784 23853847
152728999 152531112
152728999 23853847
110720075 8437378
836611858 8437378
67214871 23853847
695796306 8437378
836610464 8437378
152501850 152576536
133065310 58074932
456672771 57770795
58152463 23853847
536472133 8437378
58074932 8437378
58074932 133065310
58074932 260917703
