765134192 20892545
765134192 57430771
765134192 37603457
65318053 55254091
65318053 252087120
152524209 99135120
152524209 20892545
136042638 20892545
60319879 57430771
65210413 20892545
65210413 54410484
152573184 20892545
642279279 20892545
54410484 20892545
54410484 65210413
99135120 765134192
99135120 20892545
531576782 20892545
57430771 76738054
57430771 60319879
57430771 20892545
57430771 765134192
224315888 20892545
76738054 57430771
76738054 20892545
29508532 20892545
29508532 122504937
377292129 37603457
377292129 20892545
91989902 37603457
91989902 20892545
446177940 20892545
20892545 642279279
20892545 99135120
20892545 446177940
20892545 91989902
20892545 377292129
20892545 57430771
20892545 830325068
20892545 65210413
20892545 55254091
20892545 122504937
20892545 76738054
20892545 531576782
20892545 421492442
20892545 37603457
20892545 29508532
20892545 152573184
20892545 58425588
20892545 224315888
20892545 765134192
20892545 54410484
830325068 37603457
830325068 76738054
830325068 20892545
55254091 65318053
55254091 20892545
421492442 37603457
421492442 20892545
252087120 65318053
58425588 20892545
122504937 20892545
37603457 91989902
37603457 99135120
37603457 20892545
37603457 765134192
