57126476 50905885
33391954 19961489
44069551 89076856
54259033 17777957
54259033 26386472
54259033 36703837
54259033 50905885
54259033 19961489
24561456 5305326
24561456 4876847
24561456 44656523
24561456 50905885
24561456 19961489
44720263 57597218
44720263 36703837
44720263 49049164
127514348 65258780
127514348 19961489
65258780 26386472
65258780 44656523
65258780 50905885
65258780 67818741
65258780 19961489
82739842 50905885
8799380 50905885
49057894 19961489
61721110 71231985
138244093 26386472
138244093 44656523
138244093 57597218
138244093 19961489
57127569 89076856
57127569 24561456
57127569 50905885
57127569 65258780
135659849 44126958
135659849 57408955
57807362 71231985
57807362 50905885
57807362 19961489
50905885 36886480
50905885 131182212
50905885 75356469
50905885 4876847
50905885 19961489
57427975 57126156
57427975 34644389
27557003 36886480
27557003 131182212
44216887 5305326
44216887 27690868
44216887 50905885
44216887 19961489
44216887 57597218
82512802 57597218
75230584 19961489
36886480 89076856
36886480 50905885
36886480 19961489
231528546 50905885
32311711 50905885
11944040 19961489
177264546 50905885
62255342 27690868
62255342 26386472
62255342 89076856
48750943 50905885
48750943 19961489
44126958 19961489
44126958 135659849
44126958 50905885
57408955 130329501
57408955 26386472
57408955 131182212
57408955 44656523
57408955 50905885
57408955 135659849
4876847 5305326
4876847 27690868
4876847 44368203
4876847 24561456
4876847 50905885
4876847 19961489
4876847 57597218
130329501 19961489
231561618 19961489
71231985 27690868
71231985 50905885
71231985 68947393
71231985 61721110
71231985 19961489
49044087 19961489
68947816 50905885
68947816 19961489
68947979 61239869
68947979 50905885
68947979 19961489
25984517 50905885
25984517 19961489
49051715 128674246
49051715 50905885
49051715 19961489
57597218 44656523
57597218 50905885
57597218 71231985
57597218 19961489
57597218 57408955
57597218 44216887
57597218 138244093
57597218 4876847
57597218 68950138
57597218 49049164
57597218 113438969
57597218 26386472
57597218 44069551
57597218 57126156
57597218 17777957
57597218 82512802
57597218 54181861
57597218 44720263
57597218 44368203
57597218 75356469
57597218 132797197
128674246 89076856
128674246 50905885
128674246 19961489
60933167 19961489
89076856 27690868
89076856 62255342
89076856 128674246
54181861 44656523
54181861 50905885
54181861 60695821
54181861 57597218
54181861 19961489
302907887 19961489
131746655 19961489
44302885 19961489
44238673 50905885
17777957 5305326
17777957 138244093
17777957 54259033
17777957 50905885
17777957 19961489
17777957 57597218
68950138 49049164
68950138 26386472
68950138 57597218
48630839 50905885
36743761 61239869
36743761 24561456
36743761 50905885
36743761 19961489
3965433 50905885
3965433 19961489
57126156 50905885
57126156 57597218
57126156 19961489
34644389 57427975
34644389 61721110
34644389 71231985
34644389 50905885
34644389 19961489
44656523 57126476
44656523 57408955
44656523 138244093
44656523 113438969
44656523 57597218
44656523 24561456
44656523 54181861
44656523 19961489
49049164 44720263
49049164 68950138
49049164 50905885
49049164 57597218
49049164 19961489
131182212 50905885
131182212 19961489
132797197 89076856
132797197 75356469
132797197 4876847
132797197 19961489
36703837 44720263
36703837 50905885
36703837 19961489
45060201 50905885
45060201 19961489
61239869 50905885
61239869 19961489
75356469 27690868
75356469 132797197
75356469 50905885
75356469 57597218
75356469 19961489
68947393 36414532
68947393 128674246
68947393 61239869
68947393 71231985
68947393 50905885
68947393 19961489
3611408 50905885
3611408 19961489
50851061 19961489
27690868 5305326
27690868 62255342
27690868 26386472
27690868 89076856
27690868 75356469
27690868 4876847
27690868 71231985
27690868 50905885
27690868 44216887
27690868 19961489
44368203 44610385
44368203 4876847
44368203 57597218
5305326 60695821
5305326 27690868
5305326 17777957
5305326 24561456
5305326 44216887
44610385 44368203
44610385 19961489
82528514 50905885
82528514 19961489
26386472 27690868
26386472 49049164
26386472 62255342
26386472 138244093
26386472 113438969
26386472 68950138
26386472 54259033
26386472 50905885
26386472 65258780
26386472 19961489
26386472 57597218
106442563 19961489
48085674 50905885
28573453 19961489
113438969 26386472
113438969 44656523
113438969 50905885
113438969 57597218
60695821 5305326
60695821 57427975
19961489 50905885
19961489 33391954
44335838 50905885
44335838 19961489
