152934935 57959458
128086110 252043380
128086110 97137345
128086110 215747976
128086110 57959458
833350840 57959458
10738370 57959458
7928419 67837730
7928419 73387456
75340086 252043380
75340086 97137345
75340086 57959458
299263117 57959458
39528537 67837730
52506292 212824281
52506292 57959458
52506292 23443626
152924430 23443626
152924430 30076337
499724436 57959458
93422747 57959458
93422747 30076337
231720577 252043380
252043380 685630314
252043380 97137345
252043380 50634727
252043380 57959458
252043380 30076337
252043380 128086110
252043380 75340086
252043380 231720577
252043380 163543991
252043380 152848135
252043380 44979472
252043380 115741321
252043380 58147634
252043380 129985323
252043380 711290822
252043380 6852339
252043380 23443626
152848135 252043380
152848135 57959458
711290822 252043380
711290822 57959458
711290822 115741321
700974658 57959458
424672472 23443626
424672472 57959458
357564227 685630314
215747976 128086110
57649862 54217963
57649862 67837730
57649862 252476893
57649862 129985323
57649862 57959458
203825316 57959458
57430771 30337522
54217963 57649862
212824281 685630314
212824281 52506292
212824281 23443626
212824281 57959458
6852339 35538016
6852339 97137345
6852339 252043380
6852339 57959458
6852339 23443626
57959458 685630314
57959458 424672472
57959458 212824281
57959458 52506292
57959458 833350909
57959458 21588315
57959458 75340086
57959458 128086110
57959458 58147634
57959458 10738370
57959458 806178115
57959458 129985323
57959458 115741321
57959458 700974658
57959458 57649862
57959458 84788169
57959458 252476893
57959458 93422747
57959458 31343115
57959458 35538016
57959458 30337522
57959458 129635298
57959458 833350840
57959458 757505802
57959458 499724436
57959458 152848135
57959458 231720577
57959458 73830416
57959458 203825316
57959458 44979472
57959458 49280328
57959458 30076337
57959458 97137345
57959458 163543991
57959458 252043380
57959458 6852339
57959458 23443626
73830416 57959458
30337522 23443626
30337522 57959458
73387456 7928419
73387456 115741321
806178115 23443626
806178115 57959458
129635298 57959458
152595682 152920653
49497224 57959458
24960575 685630314
833350909 57959458
44979472 152848135
44979472 252043380
44979472 97137345
44979472 57959458
50634727 252043380
74595579 39612573
58147634 252043380
58147634 57959458
67837730 210253092
67837730 39528537
67837730 57649862
67837730 129985323
67837730 97137345
97137345 67837730
97137345 57959458
97137345 128086110
97137345 252043380
31343115 57959458
31343115 23443626
129985323 57649862
129985323 128086110
129985323 67837730
129985323 57959458
129985323 30076337
129985323 215747976
129985323 97137345
129985323 23443626
129985323 252043380
757505802 57959458
685630314 212824281
685630314 357564227
685630314 57959458
685630314 23443626
685630314 252043380
685630314 97137345
23443626 685630314
23443626 252043380
23443626 30337522
23443626 212824281
23443626 152924430
23443626 57959458
23443626 152920653
23443626 52390197
23443626 424672472
23443626 6852339
23443626 163543991
23443626 31343115
23443626 806178115
23443626 129985323
23443626 52105347
23443626 49280328
23443626 52506292
42341507 212824281
52390197 23443626
52390197 215747976
210253092 67837730
52105347 23443626
35538016 155235270
35538016 57959458
35538016 6852339
152920653 23443626
49280328 23443626
49280328 57959458
21588315 163543991
21588315 57959458
252476893 57649862
252476893 57959458
163543991 57959458
163543991 23443626
163543991 252043380
30076337 93422747
30076337 57959458
30076337 129985323
30076337 252043380
84788169 57959458
115741321 57959458
115741321 97137345
115741321 252043380
39612573 57959458
155235270 35538016
