152898149 152623227
152898149 58148458
152924794 30069397
152924794 152623227
756501560 152601286
756501560 152581363
57605809 58084784
152728673 152623227
152921689 58365159
152921689 152623227
35596814 145177964
57589790 152728673
57589790 152905397
57589790 58084784
57589790 57491200
28358898 58182272
28358898 152623227
27139267 152623227
67818805 34068687
49062416 152581363
49062416 152898149
49062416 84696685
49062416 58084784
49062416 152623227
34068687 67818805
145177964 35596814
52389220 152623227
38127270 49905425
152724712 77371102
152565791 152591879
152565791 152892208
152565791 58182272
152565791 58365159
152565791 152623227
152623227 49062416
152623227 152787906
152623227 152898149
152623227 57652784
152623227 152931183
152623227 52389220
152623227 152728673
152623227 58398809
152623227 30069397
152623227 152933227
152623227 1771429
152623227 152892208
152623227 69580161
152623227 152934059
152623227 152482322
152623227 130228848
152623227 298849199
152623227 152595133
152623227 152565791
152623227 58365159
152623227 152921689
152623227 81267342
152623227 58182272
152623227 58363399
152623227 601606055
152623227 516227676
152623227 11224212
788843375 57580861
734815372 788843375
806248517 152623227
581545728 152623227
58365159 152565791
58365159 152921689
58365159 152905397
58365159 58041551
58365159 57652784
58365159 152623227
175175265 152953624
58009113 152623227
152595365 58041551
812502853 152623227
58363399 58084784
58363399 152623227
152475577 152565791
152475577 152623227
152581363 756501560
152581363 49062416
152581363 81267342
152581363 152892208
152581363 130228848
152581363 152623227
10510508 58041551
57580861 58084784
57580861 788843375
152955843 152787906
152955843 152898149
516227676 152623227
152595133 152623227
152573082 152891202
154906394 58084784
154906394 57491200
152591879 152623227
130228848 152581363
130228848 58084784
130228848 57652784
130228848 152623227
152482322 152623227
84696685 49062416
152934059 152623227
1771429 58363399
1771429 152623227
152486187 58084784
57652784 58182272
57652784 130228848
57652784 152953624
57652784 152623227
152891202 152573082
152892061 58182272
152892061 152623227
152905397 57589790
152905397 58365159
49905425 38127270
152687271 152953624
298849199 152623227
152933227 58182272
152933227 152623227
152931183 152623227
58041551 10510508
58041551 58365159
58041551 152595365
540766044 130574444
540766044 58182272
540766044 152623227
152787906 152623227
58148458 30069397
58148458 152898149
81267342 152581363
81267342 152892208
81267342 58084784
81267342 152623227
152953624 175175265
152953624 152687271
152953624 152787906
152953624 57652784
607240541 58398809
601606055 152623227
152479170 152623227
11224212 152891202
11224212 152623227
152892208 152565791
152892208 152581363
152892208 81267342
152892208 152623227
130574444 540766044
130574444 58084784
130574444 65593130
152687094 152623227
30069397 152924794
30069397 152623227
30069397 58148458
69580161 152623227
65593130 130574444
58084784 57580861
58084784 154906394
58084784 43651377
43651377 58084784
43651377 58182272
43651377 298849199
43651377 152623227
152620819 152623227
142776063 57491200
142776063 152623227
