36625092 54313548
36625092 127396945
137041390 127396945
101541457 127396945
248084596 127396945
453554267 34043003
25333814 54313548
25333814 2255124
25333814 35802596
25333814 7123648
25333814 34043003
25333814 128680684
25333814 81912195
25333814 164988200
25333814 579198093
25333814 127396945
234305203 127396945
114393283 127396945
67170859 127396945
238258811 127396945
231779583 127396945
449051887 127396945
7123648 54313548
7123648 34043003
7123648 7773671
7123648 25333814
14619035 127396945
34043003 128680684
34043003 2255124
34043003 453554267
34043003 164988200
34043003 7123648
34043003 129344521
34043003 35802596
34043003 25333814
34043003 127396945
9065440 129344521
9065440 127396945
20229937 127396945
127396945 528265416
814937212 54313548
814937212 244291670
128680684 127396945
164988200 34043003
164988200 25333814
164988200 127396945
579024768 127396945
19141465 127396945
54313548 244291670
54313548 814937212
54313548 814943523
54313548 81912195
54313548 207058893
54313548 231560952
54313548 579198093
54313548 2255124
54313548 46743807
54313548 581398962
54313548 7123648
54313548 129344521
54313548 35802596
302233531 127396945
450803703 127396945
581398962 54313548
581398962 207058893
814943523 207058893
578756203 207058893
578756203 127396945
579198093 127396945
579198093 25333814
579198093 231560952
528504902 127396945
448013503 127396945
578774139 127396945
206784791 127396945
129344521 127396945
55045382 127396945
49330905 127396945
64642961 127396945
81639899 629721496
207058893 127396945
73984847 289210427
73984847 127396945
259287924 127396945
242398366 127396945
249229243 127396945
578811981 127396945
2255124 34043003
2255124 127396945
578983618 127396945
35802596 128680684
35802596 127396945
579137296 127396945
71476430 127396945
233120974 147962493
233120974 127396945
48643556 127396945
81912195 54313548
81912195 128680684
81912195 207058893
579029874 127396945
231560952 54313548
231560952 579029874
231560952 207058893
231560952 579198093
231560952 127396945
231560952 25333814
241319839 127396945
578765353 127396945
126508921 127396945
244291670 54313548
244291670 814937212
7773671 127396945
233856232 127396945
390428987 127396945
578838958 127396945
147962493 233120974
147962493 127396945
233925344 127396945
4807725 127396945
578756466 127396945
528265416 127396945
23689723 127396945
579212763 127396945
218468785 127396945
