528857232 90009139
528857232 144547647
308847319 90009139
308847319 683207593
52060109 421461262
52060109 683207593
52060109 122097120
52060109 528856426
52060109 90009139
52060109 201368698
201368698 211008769
201368698 122097120
201368698 90009139
201368698 421461262
201368698 144537777
201368698 683207593
122097120 201368698
122097120 90009139
144537777 122097120
144537777 528856426
144537777 421461262
144537777 683207593
144537777 55566346
144537777 223632157
144537777 90009139
144537777 201368698
144537777 514395052
505667954 90009139
514395052 144537777
514395052 90009139
528432761 528657890
528432761 421461262
528432761 90009139
144547647 528857232
144547647 497201242
144547647 90009139
162743842 122097120
162743842 90009139
90009139 144547647
90009139 122097120
90009139 421461262
90009139 683207593
90009139 528857232
90009139 528574206
90009139 55566346
90009139 144537777
90009139 658695612
90009139 497201242
90009139 528856426
90009139 223632157
90009139 130187194
90009139 201368698
110844829 6170083
110844829 499887000
661461318 55566346
130187194 90009139
130187194 683207593
6170083 110844829
6170083 90009139
68412603 55566346
68412603 683207593
68412603 90009139
600661637 421461262
600661637 90009139
497201242 144547647
497201242 90009139
683207593 528856426
683207593 144537777
683207593 55566346
683207593 308847319
683207593 201368698
683207593 130187194
683207593 90009139
528856426 144537777
528856426 421461262
528856426 683207593
528856426 55566346
528856426 658695612
528856426 122097120
528856426 201368698
528856426 130187194
528856426 90009139
528374978 90009139
529071700 90009139
528657890 90009139
528574206 421461262
528574206 683207593
528574206 90009139
528574206 122097120
421461262 223632157
421461262 90009139
421461262 201368698
223632157 90009139
223632157 55566346
223632157 421461262
211008769 55566346
211008769 201368698
55566346 683207593
55566346 90009139
658695612 90009139
499887000 90009139
