148023877 763293389
148023877 143006096
131995863 130060808
58268323 522653706
58050269 130060808
58029006 522653706
740291663 130060808
740291663 522653706
52125167 522653706
130649738 130071469
148182752 522653706
152523165 328282783
836286362 522653706
49307319 522653706
522653706 130060808
50627149 130060808
167818651 152514923
167818651 130060808
167818651 522653706
143006096 130071469
143006096 148023877
154988378 522653706
154988378 130060808
78503611 130649738
328282783 130060808
836611342 130071469
362964829 130071469
362964829 130060808
368692980 52216030
368692980 522653706
695229970 130060808
134337065 130071469
6981719 522653706
513045523 581675333
513045523 522653706
439580552 156536275
439580552 130060808
439580552 522653706
42506898 522653706
58288046 522653706
152919725 156536275
152919725 522653706
178474955 522653706
152514923 522653706
152514923 58015332
152514923 167818651
836288413 522653706
4602229 522653706
84455024 522653706
84455024 130060808
156536275 152919725
156536275 439580552
57610938 522653706
413098344 130060808
130060808 328282783
130060808 58015332
130060808 522653706
581675333 522653706
130071469 522653706
566584844 522653706
566584844 130060808
52216030 58015332
52216030 368692980
52216030 130060808
52216030 522653706
836288477 522653706
836499720 130060808
756519375 130060808
756519375 522653706
763293389 148023877
298795692 522653706
409671934 522653706
352738181 130060808
352738181 522653706
154894843 581675333
154894843 52216030
154894843 359167360
154894843 58015332
154894843 130060808
154894843 522653706
154894843 84455024
58015332 581675333
58015332 522653706
58015332 130060808
359167360 154894843
359167360 522653706
57635430 522653706
442190358 130060808
442190358 522653706
