367610762 127457817
456951458 127457817
95121344 127457817
128139274 127457817
578723558 11225935
578723558 833313155
578723558 127457817
578723558 30335042
578723558 56926988
501558738 127457817
187476081 127457817
747524880 127457817
127457817 456951458
7080682 127457817
323047139 127457817
299122142 127457817
804875620 127457817
39643556 127457817
512831279 127457817
646202866 127457817
833313155 578723558
505805877 127457817
321733681 127457817
175249377 127457817
56926988 833313155
56926988 578723558
56926988 9352009
56926988 127457817
703654124 127457817
279563574 127457817
30335042 578723558
30335042 127457817
775538219 127457817
9352009 127457817
56854625 127457817
833313796 97828582
833313796 127457817
11225935 127457817
834622892 127457817
97828582 833313155
97828582 833313796
97828582 127457817
317030162 127457817
