98764478 328315377
98764478 163813499
98764478 650310406
98764478 6226542
98764478 388699435
98764478 164398265
98764478 17381762
98764478 383440316
98764478 433889024
98764478 61099623
98764478 28651157
480328058 142761360
480328058 61099623
19406353 39020531
19406353 61099623
19406353 28651157
449587070 61099623
55252072 61099623
819655887 61099623
388699435 24744715
388699435 328315377
388699435 163813499
388699435 98764478
388699435 142761360
142761360 328315377
142761360 28651157
142761360 61099623
142761360 89072857
142761360 19406353
142761360 164398265
142761360 388699435
142761360 163813499
31108367 29338887
138746728 24744715
103170049 39020531
103170049 61099623
6226542 17381762
6226542 225770319
6226542 98764478
6226542 19406353
6226542 21899700
6226542 28651157
650310406 61099623
21899700 6226542
258380281 383440316
328315377 24744715
328315377 163813499
328315377 388699435
328315377 17381762
328315377 98764478
328315377 19406353
328315377 142761360
328315377 29338887
328315377 61099623
328315377 28651157
383440316 258380281
28651157 29338887
28651157 328315377
28651157 61099623
28651157 19406353
28651157 164398265
225770319 61099623
225770319 29338887
225770319 19406353
60283454 39020531
29338887 24744715
29338887 328315377
29338887 39020531
29338887 225770319
29338887 31108367
29338887 61099623
29338887 28651157
450285183 19406353
163813499 328315377
163813499 650310406
163813499 39020531
163813499 388699435
163813499 225770319
163813499 433889024
163813499 142761360
163813499 61099623
24744715 328315377
24744715 39020531
24744715 388699435
24744715 433889024
24744715 138746728
24744715 19406353
24744715 29338887
24744715 28651157
39020531 24744715
39020531 163813499
39020531 650310406
39020531 225770319
39020531 19406353
39020531 29338887
39020531 28651157
17381762 328315377
17381762 6226542
17381762 98764478
17381762 61099623
433889024 98764478
52069224 24744715
52069224 98764478
198385703 225770319
198385703 19406353
198385703 61099623
61099623 328315377
61099623 17381762
61099623 225770319
61099623 19406353
61099623 29338887
61099623 28651157
89072857 61099623
