30868692 155434045
30868692 421485721
30868692 5827094
30868692 73198614
349438648 72891833
49238154 72891833
49238154 38734514
49238154 5827094
49238154 73198614
38734514 5827094
38734514 73198614
73198614 38734514
73198614 58163798
73198614 30868692
73198614 421485011
73198614 34190360
73198614 9023080
73198614 8690203
73198614 49238154
73198614 5827094
5827094 38734514
5827094 34190360
5827094 8690203
5827094 48726876
5827094 421485011
5827094 49238154
5827094 101213294
5827094 30868692
5827094 9023080
5827094 73198614
9023080 72891833
9023080 421485011
9023080 8690203
9023080 34190360
9023080 5827094
9023080 73198614
421485721 30868692
421485721 5827094
8690203 72891833
8690203 833331865
8690203 5827094
8690203 9023080
8690203 73198614
155434045 48726876
155434045 30868692
25786745 72891833
421485011 72891833
421485011 5827094
421485011 73198614
421485011 9023080
833331865 8690203
101213294 5827094
34190360 5827094
34190360 9023080
34190360 73198614
58163798 72891833
58163798 73198614
72891833 8690203
72891833 9023080
152595283 72891833
48726876 72891833
48726876 155434045
48726876 152595283
48726876 5827094
