57652625 57649174
57652625 152849917
57652625 78918348
57652625 152619660
57652625 152915355
57652625 57645809
57652625 44758756
57652625 39164789
57652625 152787241
57652625 21003644
57652625 210195738
57652625 152688395
57652625 57650133
57652625 481044822
57652625 210236779
57652625 152835946
57652625 64962083
152686524 152595612
152933111 152595612
152858733 78918348
152858733 152595612
152731502 78918348
152731502 21003644
152731502 152924113
152731502 57650133
152731502 152595612
152688395 78918348
152688395 113653987
152688395 123855653
152688395 21003644
152688395 57652625
152688395 64962083
58370551 78918348
58370551 152734307
58370551 44758399
58370551 152595612
58370551 152725750
57647943 57645809
57647943 300605507
57647943 21003644
57647943 137968781
57647943 57649174
57647943 44758399
57647943 64962083
57647943 72777131
57645809 57649174
57645809 78918348
57645809 44758756
57645809 123855653
57645809 21003644
57645809 57652625
57645809 57650133
57645809 57646504
57645809 152835946
57645809 152931865
57645809 152725750
57645809 57647943
152835946 57645809
152835946 21003644
152835946 57652625
152835946 152937831
152787241 21003644
152787241 57652625
152703094 160491810
152703094 152595612
21003644 57649174
21003644 152695330
21003644 152849917
21003644 78918348
21003644 152927653
21003644 152938489
21003644 152915355
21003644 57645809
21003644 44758756
21003644 123855653
21003644 39164789
21003644 152787241
21003644 57652625
21003644 152702103
21003644 152688395
21003644 152812403
21003644 131196344
21003644 152955765
21003644 152938051
21003644 152924113
21003644 152819313
21003644 152700647
21003644 44758399
21003644 57646504
21003644 152939220
21003644 152595612
21003644 152725750
21003644 210236779
21003644 152833807
21003644 152731502
21003644 152835946
21003644 57650133
21003644 210195738
21003644 54154740
21003644 112668160
21003644 64962083
21003644 44979472
21003644 57647943
21003644 152934353
21003644 152603601
160491810 78918348
160491810 39164789
160491810 21003644
160491810 152703094
160491810 152595612
152729303 152595612
152435052 78918348
54154740 21003644
54154740 152819313
54154740 78918348
54154740 152595612
54154740 44758399
580964472 152595612
152941002 152595612
152938051 78918348
152938051 56623361
152938051 21003644
152938051 57650133
152938051 152595612
152787008 152595612
152725195 152595612
152603601 78918348
152603601 152595612
152603601 44758399
152603601 152700647
112668160 21003644
112668160 44758756
112668160 300605507
112668160 152787008
112668160 78918348
112668160 57652625
112668160 44758399
112668160 152595612
112668160 123855653
152783949 78918348
152783949 152595612
152939545 152595612
152955765 57611973
152955765 44758756
152955765 123855653
152955765 39164789
152955765 21003644
152955765 152819313
152955765 57646504
152955765 152595612
152955765 54154740
152955765 64962083
481044822 152619660
481044822 57652625
131196344 78918348
131196344 21003644
131196344 152595612
78918348 152849917
78918348 152938489
78918348 57645809
78918348 152435052
78918348 44758756
78918348 21003644
78918348 57652625
78918348 37290395
78918348 152783949
78918348 152819313
78918348 152937831
78918348 57650133
78918348 44758399
78918348 152603601
152723462 152595612
152695330 152849917
152695330 78918348
152695330 21003644
152695330 152595612
152695330 64962083
152924113 21003644
152924113 152595612
152924113 152731502
37290395 78918348
37290395 152938489
37290395 152595612
57646504 57645809
57646504 44758756
57646504 21003644
57646504 152931865
57646504 152955765
57646504 57650133
57646504 152700647
152937831 152849917
152937831 78918348
152937831 298839036
152937831 152938489
152937831 113653987
152937831 152817971
152937831 152595612
152937831 152835946
152812403 78918348
152812403 21003644
152812403 152595612
210236779 72777131
210236779 152619660
210236779 21003644
210236779 57652625
210236779 152725750
210236779 64962083
129107633 152595612
56623361 152723462
56623361 152938051
56623361 152700647
56623361 44758399
56623361 152595612
56623361 128732330
72777131 57649174
72777131 210236779
72777131 57647943
152817971 78918348
152817971 210195738
152817971 152937831
152817971 152725750
152926179 78918348
152926179 137968781
152926179 44758756
152926179 833346280
152926179 152595612
152481738 78918348
152931865 44758756
152931865 57646504
152931865 57645809
152627319 78918348
152627319 152595612
152927653 152915355
152927653 21003644
152927653 152674634
152927653 152819313
152927653 57650133
152927653 152700647
152927653 152595612
152927653 152725750
152700647 78918348
152700647 152927653
152700647 152938489
152700647 137968781
152700647 56623361
152700647 21003644
152700647 152734307
152700647 152595612
152700647 152603601
58102391 44758399
58102391 152595612
39164789 78918348
39164789 160491810
39164789 113653987
39164789 44758756
39164789 21003644
39164789 57652625
39164789 152702103
39164789 152955765
39164789 152819313
113653987 39164789
113653987 152688395
113653987 152937831
113653987 44758399
113653987 152595612
113653987 64962083
298839036 152937831
152734307 58370551
152734307 152725750
152702103 39164789
152702103 21003644
152702103 152595612
152939220 78918348
152939220 21003644
44758399 78918348
44758399 152938489
44758399 152619660
44758399 152915355
44758399 58370551
44758399 113653987
44758399 56623361
44758399 44758756
44758399 123855653
44758399 58102391
44758399 21003644
44758399 57650133
44758399 152595612
44758399 210195738
44758399 152725750
44758399 152677552
44758399 54154740
44758399 64962083
44758399 57647943
44758399 152603601
57649174 72777131
57649174 57645809
57649174 57611973
57649174 44758756
57649174 21003644
57649174 57652625
57649174 64962083
57649174 57647943
152674634 152927653
152674634 152595612
152479542 152595612
152595612 152927653
152595612 152686524
152595612 152938489
152595612 152725195
152595612 137968781
152595612 57611973
152595612 56623361
152595612 566552607
152595612 152723462
152595612 58102391
152595612 21003644
152595612 210195738
152595612 37290395
152595612 152783949
152595612 152729303
152595612 152703094
152595612 152674634
152595612 131196344
152595612 152955765
152595612 152938051
152595612 152924113
152595612 152819313
152595612 152603356
152595612 152735669
152595612 152926179
152595612 57650133
152595612 152700647
152595612 44758399
152595612 152479542
152595612 152833807
152595612 152731502
152595612 152677552
152595612 54154740
152595612 152520008
152595612 112668160
152595612 44979472
152595612 152603601
44979472 152595612
44979472 57650133
44979472 21003644
152857234 152595612
10404834 78918348
10404834 152595612
300605507 152934353
152934353 137968781
152934353 78918348
152934353 21003644
152934353 300605507
152934353 152595612
152725750 152927653
152725750 137968781
152725750 58370551
152725750 21003644
152725750 152734307
152725750 152817971
152725750 57650133
152725750 152595612
152725750 210236779
152725750 57645809
152725750 44758399
152603356 57650133
152603356 152700647
152603356 152595612
152603356 210195738
44758756 57649174
44758756 152849917
44758756 78918348
44758756 57645809
44758756 57611973
44758756 123855653
44758756 39164789
44758756 21003644
44758756 152931865
44758756 57652625
44758756 152812403
44758756 152955765
44758756 152926179
44758756 44758399
44758756 57646504
44758756 112668160
44758756 64962083
73952149 78918348
73952149 57650133
73952149 64962083
123855653 152849917
123855653 57645809
123855653 21003644
123855653 152955765
123855653 57650133
123855653 44758399
123855653 152595612
123855653 112668160
123855653 64962083
152565008 152595612
152677552 78918348
152677552 152595612
152677552 21003644
152677552 44758399
210195738 57652625
210195738 152817971
210195738 152595612
210195738 152603356
210195738 44758399
210195738 21003644
57994309 78918348
57994309 57611973
57994309 152595612
152833807 21003644
152833807 57650133
152833807 152595612
152938489 78918348
152938489 566552607
152938489 21003644
152938489 37290395
152938489 152937831
152938489 57650133
152938489 152700647
152938489 44758399
152938489 152595612
57650133 78918348
57650133 152927653
57650133 152938489
57650133 73952149
57650133 57645809
57650133 123855653
57650133 57652625
57650133 152938051
57650133 152603356
57650133 44758399
57650133 57646504
57650133 152595612
57650133 152725750
57650133 152833807
57650133 152731502
57650133 21003644
57650133 44979472
152915355 152927653
152915355 152619660
152915355 21003644
152915355 57652625
152915355 44758399
152915355 152595612
758025367 152595612
64962083 152955765
64962083 21003644
64962083 152695330
64962083 44758756
64962083 113653987
64962083 210236779
64962083 44758399
64962083 57649174
64962083 152688395
64962083 57652625
64962083 152595612
64962083 73952149
64962083 123855653
64962083 57647943
152849917 152695330
152849917 78918348
152849917 44758756
152849917 123855653
152849917 21003644
152849917 57652625
152849917 152937831
152849917 152595612
152819313 78918348
152819313 152927653
152819313 39164789
152819313 21003644
152819313 152955765
152819313 152595612
152819313 54154740
152735669 152595612
57611973 57649174
57611973 44758756
57611973 57994309
57611973 152955765
57611973 152595612
566552607 152595612
152619660 78918348
152619660 152915355
152619660 57652625
152619660 44758399
152619660 481044822
152619660 210236779
152619660 152520008
137968781 78918348
137968781 127348443
137968781 152926179
137968781 152595612
