152880704 152602213
152880704 152678032
152601775 152907182
152601775 130228360
152601775 31826324
152891204 152907182
152891204 85053164
74341464 152907182
74341464 82115541
74341464 298830818
74341464 57771019
74341464 57643568
152619212 57589961
152619212 152907182
152619212 152630303
97047333 44757395
97047333 57589961
97047333 152907182
97047333 57644838
97047333 57771019
97047333 62173811
97047333 128504578
97047333 42153787
130206719 152602213
130206719 152626987
130206719 152907182
130206719 152955604
130206719 57644838
130206719 152938959
130206719 152603385
130206719 130228360
130206719 152930561
130206719 42153787
298834069 152907182
152788712 57589961
152788712 473267267
152788712 121878500
152676793 152955604
152676793 152934504
152676793 152731553
152676793 152930561
152694668 152907182
752097979 152907182
152941850 152907182
152941850 57771019
152941850 152730299
81881691 152602213
81881691 58161356
81881691 57643568
81881691 57589961
81881691 4028058
81881691 152907182
81881691 121878500
81881691 57644740
81881691 57644838
81881691 152938959
81881691 152603385
81881691 130228360
81881691 152720160
81881691 581724339
81881691 57771019
81881691 128504578
81881691 49320421
81881691 42153787
62173811 152907182
62173811 57771019
62173811 42153787
228949069 27436986
152931231 152907182
782561885 152629251
49320421 130228360
49320421 107256470
49320421 57644838
49320421 57589961
49320421 128504578
49320421 81881691
49320421 152913869
49320421 152907182
49320421 57643568
49320421 152931231
49320421 121878500
49320421 152602213
49320421 152934504
50642565 152907182
50642565 121878500
50642565 152941574
50642565 152730299
50642565 42153787
50637823 152626987
50637823 57643568
50637823 130228360
50637823 152630303
50637823 152720160
50637823 57651319
4028058 57589961
4028058 152940775
4028058 152934504
4028058 85053164
4028058 128504578
67910216 152621588
67910216 152907182
152941574 152955604
152941574 57644838
152941574 57771019
152941574 130228360
152941574 152934504
152941574 57589961
152941574 152938959
152941574 42153787
152678032 152602213
152678032 152907182
152678032 121878500
152678032 57644838
152678032 152720160
152678032 42153787
82115541 58161356
82115541 57589961
82115541 57644838
82115541 74341464
152906673 57589961
152928010 152907182
152928010 57644838
152928010 130228360
152670472 121878500
152670472 152731553
152670472 58161356
152735432 121878500
152735432 228949069
152891047 152907182
152891047 57644838
152620718 57771019
152567687 152941850
152567687 57589961
152603385 130206719
152603385 81881691
152603385 152907182
152934504 152880704
152934504 152941366
152934504 152907182
152934504 57644838
152934504 57771019
152934504 152941574
152934504 62173811
152934504 42153787
152602020 152934504
152913869 152907182
152913869 152955604
152913869 57644838
152913869 152731553
152913869 18899563
152913869 49320421
152566811 152907182
152819086 152626987
152819086 152955604
152819086 152630303
129107633 152621588
36689158 581910846
152602213 130206719
152602213 81881691
152602213 152880704
152602213 152907182
152602213 121878500
152602213 152955604
152602213 152678032
152602213 152720160
152602213 57771019
152602213 107256470
44757395 57643568
44757395 4028058
44757395 97047333
44757395 152630303
128273851 152602213
128273851 57644838
152941366 121878500
152941366 152934504
152941366 130228360
152941366 152720160
152930561 57644838
152930561 107256470
152930561 130206719
152930561 152955604
152930561 152676793
152930561 152630303
152930561 85053164
27436986 4028058
27436986 152720160
27436986 228949069
42153787 152907182
42153787 57771019
42153787 152676793
57644740 81881691
152657339 152907182
152626987 130206719
152626987 58161356
152626987 152819086
152626987 50637823
152626987 152907182
152626987 121878500
152626987 152938959
152626987 18899563
152626987 49320421
152732876 57771019
130228360 130206719
130228360 81881691
130228360 152941366
130228360 50637823
130228360 152907182
130228360 152601775
130228360 152955604
130228360 152938959
130228360 152602020
130228360 152630303
130228360 152928010
130228360 152941574
130228360 49320421
130228360 42153787
31826324 152907182
31826324 152601775
152630303 152602213
152630303 44757395
152630303 152819086
152630303 50637823
152630303 152907182
152630303 121878500
152630303 130228360
152630303 107256470
152630303 152619212
152630303 152930561
152630303 42153787
58425174 152907182
107256470 152602213
107256470 57589961
107256470 152907182
107256470 152630303
107256470 152930561
107256470 57651319
107256470 49320421
57651319 57643568
57651319 121878500
57651319 50637823
57651319 107256470
298830818 74341464
152674160 152907182
152601599 57643568
152601599 121878500
152601599 152907182
152687558 152720160
152687558 42153787
152882415 130228360
152907182 152623389
152907182 152602213
152907182 130206719
152907182 152694668
152907182 81881691
152907182 152814817
152907182 298834069
152907182 152626987
152907182 152941850
152907182 152891047
152907182 152931231
152907182 152674160
152907182 152940775
152907182 152601775
152907182 152955604
152907182 57644838
152907182 152891204
152907182 152678032
152907182 752097979
152907182 74341464
152907182 97047333
152907182 152913869
152907182 152938959
152907182 58425174
152907182 50642565
152907182 152603385
152907182 152934504
152907182 57613389
152907182 130228360
152907182 152630303
152907182 152720160
152907182 152933241
152907182 152629251
152907182 31826324
152907182 152731553
152907182 152928010
152907182 107256470
152907182 152619212
152907182 152566811
152907182 152657339
152907182 152601599
152907182 18899563
152907182 67910216
152907182 62173811
152907182 152730299
152907182 49320421
152907182 42153787
57644838 130206719
57644838 81881691
57644838 128273851
57644838 57643568
57644838 57589961
57644838 152907182
57644838 152891047
57644838 82115541
57644838 121878500
57644838 152955604
57644838 152678032
57644838 97047333
57644838 152913869
57644838 152934504
57644838 85053164
57644838 152720160
57644838 152731553
57644838 57771019
57644838 152928010
57644838 152941574
57644838 152930561
57644838 18899563
57644838 49320421
57643568 81881691
57643568 44757395
57643568 50637823
57643568 57644838
57643568 581724339
57643568 57589961
57643568 74341464
57643568 152601599
57643568 57651319
57643568 49320421
152940775 152907182
152629251 152907182
152629251 782561885
58161356 152602213
58161356 81881691
58161356 152626987
58161356 82115541
58161356 152657339
58161356 152670472
58161356 42153787
152623389 152907182
152623389 152938959
581724339 81881691
581724339 57643568
581724339 57589961
581724339 121878500
581724339 128504578
121878500 152602213
121878500 81881691
121878500 152626987
121878500 152941366
121878500 152955604
121878500 57644838
121878500 152678032
121878500 152735432
121878500 152788712
121878500 152630303
121878500 581724339
121878500 152731553
121878500 57771019
121878500 152601599
121878500 152670472
121878500 57651319
121878500 152730299
121878500 49320421
121878500 42153787
57589961 81881691
57589961 152814817
57589961 152906673
57589961 4028058
57589961 152567687
57589961 82115541
57589961 152955604
57589961 57644838
57589961 97047333
57589961 581724339
57589961 107256470
57589961 152619212
57589961 57643568
57589961 152941574
57589961 49320421
152720160 152602213
152720160 81881691
152720160 152941366
152720160 50637823
152720160 152907182
152720160 152955604
152720160 57644838
152720160 152678032
152720160 152687558
152720160 27436986
128504578 57771019
128504578 97047333
128504578 4028058
128504578 81881691
128504578 581724339
128504578 152731553
128504578 49320421
85053164 4028058
85053164 57644838
85053164 152891204
85053164 152930561
152933241 152907182
152938959 152623389
152938959 130206719
152938959 81881691
152938959 152626987
152938959 152907182
152938959 152931231
152938959 50642565
152938959 130228360
152938959 57771019
152938959 152941574
152938959 42153787
57771019 152602213
57771019 152732876
57771019 152941850
57771019 121878500
57771019 57644838
57771019 74341464
57771019 97047333
57771019 152938959
57771019 152934504
57771019 152731553
57771019 152941574
57771019 18899563
57771019 36689158
57771019 62173811
57771019 128504578
57771019 42153787
152955604 152602213
152955604 130206719
152955604 152819086
152955604 57589961
152955604 152907182
152955604 57644838
152955604 152676793
152955604 152913869
152955604 130228360
152955604 152720160
152955604 152731553
152955604 152941574
152955604 152930561
152955604 49320421
152730299 152907182
152730299 121878500
152730299 152941850
152730299 152621588
152731553 4028058
152731553 152907182
152731553 121878500
152731553 152955604
152731553 57644838
152731553 152676793
152731553 152913869
152731553 57771019
152731553 152670472
152731553 128504578
18899563 152626987
18899563 152907182
18899563 57771019
18899563 57644838
57613389 152602213
57613389 152907182
152621588 67910216
152621588 152730299
152621588 129107633
152621588 42153787
152814817 57589961
152814817 152907182
