60465411 6352463
54233330 6352463
421519747 6352463
519251714 6352463
519251714 81379009
130557223 6352463
38089520 74964224
38089520 6352463
60008411 6352463
836611651 6352463
183890036 6352463
183890036 81379009
580885950 6352463
88591671 6352463
667710927 6352463
580869910 6352463
790726572 6352463
421458090 6352463
22686310 81379009
22686310 6352463
51610456 6352463
58369876 6352463
836611649 6352463
421458328 6352463
297508107 6352463
297508107 52450086
6352463 81379009
61062866 6352463
151178392 6352463
45820576 152834954
45820576 6352463
12576899 81379009
12576899 6352463
130306954 6352463
149543672 6352463
163932455 6352463
163932455 81379009
23797136 6352463
57589042 6352463
28509939 17109927
28509939 81379009
28509939 6352463
58246794 6352463
58246794 81379009
21813443 6352463
833365105 6352463
689485876 6352463
660978848 6352463
528386096 6352463
220024712 58369876
42137644 6352463
74964224 38089520
74964224 6352463
836611414 6352463
799319479 6352463
152912570 6352463
74537687 45820576
74537687 6352463
152834954 45820576
152834954 6352463
223806511 81379009
223806511 6352463
37730217 6352463
37730217 81379009
38047232 6352463
298848614 6352463
111171231 6352463
81379009 22686310
81379009 6352463
421675791 6352463
421480148 6352463
152473302 6352463
659100905 6352463
820102517 6352463
80613533 6352463
61296472 6352463
52450086 297508107
52450086 6352463
11073950 81379009
11073950 6352463
65410085 6352463
17109927 6352463
17109927 28509939
152502373 6352463
182792963 6352463
18915203 81379009
18915203 6352463
758015224 6352463
661028427 6352463
130092735 6352463
57995658 6352463
82354236 6352463
139126738 6352463
421465567 6352463
257964668 6352463
257964668 81379009
45810346 6352463
82503615 6352463
126002177 6352463
49302736 6352463
148173175 6352463
25013937 6352463
54409095 6352463
54409095 81379009
58306012 6352463
756501174 6352463
558921298 6352463
