777422523 136618898
84927465 57647812
84927465 136618898
84927465 152674411
53072316 136618898
272481868 136618898
801445678 136618898
435347511 136618898
580875055 136618898
833486511 136618898
836611725 136618898
52237993 136618898
582580129 136618898
581381616 136618898
101699760 35003019
582420800 136618898
58481574 136618898
541461600 136618898
35003019 136618898
35003019 111615191
830227869 136618898
152567739 136618898
581912052 136618898
572722190 136618898
45922397 136618898
210187770 136618898
210187770 214841983
210187770 42084270
582385509 136618898
97087024 136618898
60623962 136618898
152674411 136618898
152674411 536092548
111615191 35003019
111615191 136618898
581639831 136618898
581682388 136618898
581086329 136618898
581086329 536092548
563457306 136618898
581464236 136618898
601640731 136618898
581247610 50878397
581247610 136618898
214841983 136618898
214841983 210187770
835797338 136618898
58299672 136618898
10277724 136618898
580938583 136618898
581317598 136618898
581303416 136618898
243970288 136618898
831037973 136618898
580900169 136618898
125954257 136618898
835801032 136618898
328288140 136618898
224322763 136618898
50878397 136618898
50878397 581247610
536092548 136618898
536092548 152674411
536092548 42084270
536092548 581086329
536092548 580938583
251043210 136618898
215734278 136618898
9974231 136618898
581158310 136618898
582093549 136618898
299404889 136618898
581655852 136618898
57647812 136618898
57647812 84927465
581045558 136618898
582754456 136618898
152881039 136618898
261559279 136618898
581896604 136618898
582199533 136618898
541446747 136618898
185727197 136618898
60799616 136618898
581126770 136618898
581664856 136618898
758035268 136618898
152565433 136618898
152722211 136618898
728604454 136618898
311747275 136618898
581059278 136618898
582450646 136618898
601608499 136618898
155830025 136618898
