438907629 124087500
75858942 58381306
184789535 211466684
184789535 58381306
184789535 124087500
184789535 730603918
184789535 20440077
291875109 211466684
291875109 58381306
20440077 9183936
20440077 211466684
20440077 730603918
20440077 124087500
20440077 58381306
20440077 184789535
730603918 490443111
730603918 211466684
730603918 20440077
730603918 124087500
730603918 129985323
730603918 184789535
730603918 58381306
644826470 211466684
371024169 211466684
371024169 124087500
371024169 58381306
211466684 9183936
211466684 291875109
211466684 730603918
211466684 124087500
211466684 644826470
211466684 371024169
211466684 129985323
211466684 58381306
211466684 184789535
490443111 730603918
124087500 211466684
124087500 730603918
124087500 20440077
124087500 438907629
124087500 371024169
124087500 129985323
124087500 58381306
124087500 184789535
129985323 730603918
129985323 211466684
129985323 124087500
129985323 58381306
58381306 291875109
58381306 20440077
58381306 211466684
58381306 124087500
58381306 730603918
58381306 184789535
9183936 20440077
9183936 211466684
