152515730 33451412
601625019 33451412
321290236 33451412
580979044 57652690
580979044 152534678
580979044 33451412
152565410 41078534
152565410 57647194
152565410 57652690
152565410 15104225
152565410 210261468
152565410 152687430
152565410 44759999
581343458 33451412
724023425 33451412
152534678 62157833
152534678 33451412
152534678 580979044
758024299 33451412
210223541 57647194
210223541 33451412
210223541 15104225
227750132 33451412
812532598 33451412
152475464 96523904
152475464 33451412
152475464 152524817
152475464 133795823
152573214 33451412
57648574 152676925
57648574 57647194
57648574 82643211
57648574 152572199
534232696 33451412
133795823 33451412
315623839 33451412
152524817 108404457
152524817 33451412
152524817 152475464
152524817 15104225
152524817 133795823
152476232 33451412
152602972 33451412
298858845 33451412
521915411 33451412
210261468 152565410
210261468 33451412
683638148 33451412
96523904 62157833
96523904 152475464
96523904 33451412
634056131 33451412
806259042 33451412
758039227 33451412
10723952 33451412
152712652 33451412
152712652 57652690
44930051 33451412
58423980 33451412
57647194 788843126
57647194 57652690
57647194 210223541
57647194 152565410
57647194 33451412
57647194 57648574
50880400 33451412
581273814 33451412
41981440 33451412
41981440 806315989
41981440 57652690
41981440 108404457
757017828 33451412
152542705 33451412
8285650 33451412
833828556 33451412
152500569 33451412
421510915 33451412
701499525 33451412
152514299 33451412
108404457 33451412
505450421 152914408
62157833 33451412
111955857 33451412
152521091 33451412
152572199 33451412
152572199 57648574
806255654 62157833
806255654 33451412
152448204 33451412
41078534 152565410
41078534 133795823
131874890 33451412
130228559 33451412
122940886 15104225
152502935 33451412
152578727 33451412
152817987 33451412
82643211 57648574
152687430 152565410
15104225 122940886
15104225 57652690
15104225 152565410
15104225 33451412
15104225 152524817
15104225 210223541
15104225 58096101
668716308 33451412
149546681 33451412
15770157 33451412
152676925 33451412
152676925 62157833
152676925 57648574
634020878 33451412
58096101 33451412
58096101 15104225
44759999 152565410
390109991 33451412
52228669 33451412
624342677 33451412
581901994 33451412
581916888 33451412
788843126 634056131
788843126 57647194
788843126 33451412
57652690 57647194
57652690 15104225
57652690 152565410
57652690 580979044
57652690 41981440
57652690 152712652
152503275 152521091
152503275 33451412
