45363524 6969430
785135448 421496881
785135448 6969430
785135448 45161968
58082752 6969430
54396470 58140477
54396470 298852024
54396470 32109397
54396470 45161968
601627814 32109397
601627814 298852024
54386746 58140477
54386746 32109397
54386746 6969430
58008972 58006980
58008972 152678682
58008972 133153651
58008972 58140477
58008972 298852024
58008972 136529360
58008972 45161968
58008972 60401540
58008972 205891062
58008972 176741194
69197650 298852024
69197650 6969430
69197650 60401540
301403674 32109397
301403674 6969430
58274733 6969430
58274733 45161968
58274733 176741194
122248879 60401540
122248879 6969430
70420468 152678682
70420468 298852024
70420468 6969430
60401540 152678682
60401540 58008972
60401540 152504017
60401540 54393174
60401540 32109397
60401540 6969430
60401540 69197650
60401540 28798513
759899877 6969430
421476799 298852024
152941054 58140477
152941054 6969430
152941054 176741194
136529360 6969430
833551072 32109397
58140477 152941054
58140477 58365207
58140477 58136395
58140477 58006980
58140477 56868999
58140477 152678682
58140477 31435178
58140477 28848922
58140477 54381944
58140477 54393174
58140477 131680517
58140477 152504017
58140477 133153651
58140477 54386746
58140477 58008972
58140477 155415950
58140477 54396470
58140477 298852024
58140477 72370690
58140477 45154409
58140477 6969430
58140477 32109397
58140477 45161968
58140477 58017942
58140477 28798513
58140477 58018048
58140477 176741194
58136395 56868999
58136395 152678682
58136395 58140477
58136395 6969430
219612016 152678682
219612016 32109397
219612016 6969430
24870133 6969430
253911516 45161968
6969430 759899877
6969430 167801403
31435178 152678682
31435178 54386746
31435178 58140477
31435178 58412892
31435178 6969430
31435178 32109397
31435178 58017942
31435178 28798513
152545808 299246260
152504017 18328595
152504017 58140477
152504017 45389091
152504017 6969430
152504017 32109397
152504017 60401540
56151360 133153651
56151360 298852024
56151360 6969430
56151360 32109397
45161950 152678682
298852024 56868999
298852024 69197650
298852024 421476799
298852024 56151360
298852024 58140477
298852024 58008972
298852024 54396470
298852024 70420468
298852024 58006980
298852024 421496881
298852024 58412892
298852024 601627814
298852024 176741194
163553001 6969430
131680517 58006980
131680517 152678682
131680517 58140477
131680517 6055724
131680517 6969430
155415950 58140477
167801403 6969430
45389091 152678682
45389091 54393174
45389091 152504017
45389091 6969430
72370690 152678682
72370690 58140477
72370690 6969430
32109397 31435178
32109397 6969430
32109397 54381944
32109397 58140477
32109397 54386746
32109397 54393174
32109397 58006980
32109397 421496881
32109397 54396470
32109397 58412892
32109397 833551072
32109397 56151360
32109397 58008972
32109397 56868999
32109397 152678682
32109397 152504017
32109397 301403674
32109397 133153651
32109397 601627814
32109397 60401540
32109397 58018048
32109397 205891062
421496881 152678682
421496881 298852024
421496881 6969430
56868999 58136395
56868999 58006980
56868999 133153651
56868999 58140477
56868999 298852024
56868999 58412892
56868999 6969430
56868999 32109397
56868999 45161968
56868999 205891062
56868999 176741194
58018048 152678682
58018048 58140477
58018048 32109397
58018048 6969430
56514640 45161968
56514640 176741194
45161968 6055724
45161968 58412892
45161968 58140477
45161968 785135448
45161968 45154409
45161968 6969430
45161968 54396470
45161968 58008972
45161968 677319102
45161968 152678682
45161968 253911516
45161968 133153651
45161968 56868999
45161968 60401540
45161968 56514640
58017942 58140477
58017942 6969430
58017942 31435178
205891000 6969430
54381944 152678682
54381944 58140477
54381944 58412892
54381944 6969430
54381944 32109397
54381944 28798513
205891062 6969430
28798513 54381944
28798513 6969430
28798513 31435178
28798513 58140477
28798513 60401540
139767975 6969430
133153651 56868999
133153651 56151360
133153651 58140477
133153651 58008972
133153651 6969430
133153651 32109397
133153651 45161968
133153651 176741194
58169027 6969430
50839981 6969430
58156577 6969430
58156577 176741194
54393174 54386746
54393174 58140477
54393174 45389091
54393174 6969430
54393174 32109397
54393174 60401540
54393174 205891062
174650055 54396470
174650055 6969430
299246260 152545808
299246260 6969430
152678682 58136395
152678682 18328595
152678682 58006980
152678682 31435178
152678682 28848922
152678682 54381944
152678682 131680517
152678682 219612016
152678682 58140477
152678682 45161950
152678682 45389091
152678682 205891000
152678682 152714815
152678682 58008972
152678682 6055724
152678682 72370690
152678682 70420468
152678682 421496881
152678682 58412892
152678682 6969430
152678682 32109397
152678682 45161968
152678682 60401540
152678682 108514455
152678682 58018048
152678682 205891062
58048967 6969430
58412892 56868999
58412892 152678682
58412892 298852024
58412892 6969430
6055724 58006980
6055724 131680517
6055724 785135448
6055724 677319102
6055724 6969430
6055724 58381817
6055724 45161968
58249243 6969430
58415071 56151360
58415071 6969430
58365207 58140477
835803226 6969430
45154409 58140477
45154409 6969430
45154409 45161968
11846884 6969430
58006980 56868999
58006980 152678682
58006980 131680517
58006980 142778196
58006980 58140477
58006980 58008972
58006980 6055724
58006980 118340880
58006980 298852024
58006980 6969430
58006980 58381817
58006980 32109397
142778196 58006980
142778196 28848922
142778196 421496881
142778196 6969430
69973419 6969430
28848922 152678682
28848922 142778196
28848922 58140477
28848922 6969430
176741194 152941054
176741194 58274733
176741194 205891062
176741194 58008972
176741194 56868999
176741194 58140477
176741194 58156577
176741194 133153651
176741194 56514640
176741194 298852024
58381817 6969430
58381817 58006980
