421457808 123486175
421457808 58253392
7652480 57993902
7652480 650262639
7652480 758027093
7652480 58253392
7652480 144734891
207085152 123486175
207085152 54377422
207085152 58253392
207085152 152535168
207085152 185018520
207085152 30076337
650262639 833328874
650262639 123486175
650262639 152726062
650262639 57993902
650262639 57649139
650262639 649953964
650262639 185018520
650262639 144734891
650262639 152535168
650262639 58253392
650262639 155090327
650262639 7652480
152726062 421502277
152726062 123486175
152726062 650262639
152726062 57993902
152726062 60401540
152726062 155090327
152726062 58253392
152726062 57649139
152726062 11893515
152726062 185018520
152726062 144734891
152726062 152535168
54377422 123486175
54377422 207085152
54377422 30076337
54377422 58253392
60401540 123486175
60401540 54393174
60401540 58260813
60401540 58253392
60401540 57856221
833328874 123486175
833328874 650262639
833328874 58253392
833328874 185018520
758019019 185018520
758019019 58253392
758019019 155090327
758019019 7652480
758019019 123486175
57856221 60401540
57856221 58253392
57642015 58253392
649953964 123486175
649953964 58253392
649953964 650262639
649953964 57856221
649953964 60401540
649953964 30954595
649953964 421502277
421537987 123486175
2184527 123486175
2184527 30076337
2184527 152535168
57649139 152726053
57649139 60401540
57649139 185018520
57649139 123486175
57649139 155090327
57649139 7652480
57649139 152535168
57649139 57993902
57649139 144734891
57649139 58135341
57649139 30076337
57649139 650262639
421465282 123486175
421465282 58253392
421465282 144734891
421465282 185018520
833461493 123486175
833461493 58135341
833461493 152535168
61962393 123486175
61962393 185018520
61962393 58253392
58165664 152726053
58165664 58253392
30954595 649953964
258506064 58253392
82920924 123486175
82920924 30076337
82920924 58253392
152541300 123486175
152541300 185018520
152541300 58253392
58135341 833461493
58135341 421502277
58135341 123486175
58135341 57649139
58135341 185018520
58135341 152535168
58135341 58253392
152545864 58253392
152545864 30076337
58260813 123486175
58260813 58253392
58260813 758027093
58260813 60401540
28548915 58421703
128231648 571355932
128231648 58253392
758027093 58260813
758027093 152535168
758027093 58253392
58253392 758027093
58253392 758019019
58253392 57993902
58253392 152726053
58253392 571355932
58253392 58165664
58253392 152726062
58253392 155090327
58253392 7652480
58253392 207059240
58253392 421502277
58253392 61962393
58253392 60401540
58253392 128274529
58253392 58135341
58253392 123486175
58253392 152535168
58253392 185018520
58253392 421457808
58253392 30076337
58253392 57649139
421466388 123486175
152535168 207085152
152535168 58135341
152535168 152726062
152535168 155090327
152535168 58253392
152535168 421502277
152535168 152726053
152535168 123486175
152535168 650262639
152535168 57993902
152535168 758027093
152535168 144734891
152535168 185018520
152535168 57649139
152535168 273340811
152535168 30076337
207059240 58253392
207059240 571355932
155425111 58253392
152726053 123486175
152726053 57649139
152726053 185018520
152726053 58253392
152726053 57993902
54393174 60401540
54393174 58253392
54393174 298851199
182257993 123486175
182257993 58253392
273340811 833328874
273340811 58253392
273340811 123486175
273340811 57993902
273340811 128274529
273340811 152535168
185018520 58253392
185018520 61962393
185018520 758019019
185018520 152535168
185018520 123486175
185018520 182257993
185018520 650262639
185018520 144734891
185018520 833328874
185018520 58135341
185018520 57993902
185018520 421465282
185018520 57649139
185018520 103253808
52582630 123486175
180109774 123486175
155090327 650262639
155090327 758019019
155090327 152726062
155090327 57993902
155090327 123486175
155090327 833328874
155090327 57649139
155090327 30076337
155090327 144734891
155090327 152535168
155090327 58253392
103253808 58253392
103253808 185018520
103253808 123486175
30076337 2184527
30076337 144734891
30076337 58253392
30076337 152535168
30076337 82920924
30076337 155090327
30076337 54377422
57993902 152726062
57993902 650262639
57993902 152726053
57993902 123486175
57993902 421502277
57993902 128274529
57993902 7652480
57993902 155090327
57993902 58253392
57993902 152535168
57993902 144734891
57993902 185018520
57993902 57649139
57993902 273340811
58421703 58253392
58421703 185018520
58421703 28548915
298851199 58253392
298851199 54393174
298851199 144734891
571355932 58253392
421502277 58253392
421502277 123486175
123486175 152726062
123486175 421502277
123486175 60401540
123486175 58253392
123486175 152535168
123486175 185018520
148266547 123486175
148266547 58253392
144734891 152726062
144734891 152535168
144734891 7652480
144734891 650262639
144734891 833655538
144734891 421465282
144734891 123486175
144734891 421502277
144734891 155090327
144734891 58253392
144734891 833461493
144734891 128274529
144734891 57993902
144734891 185018520
144734891 30076337
144734891 273340811
144734891 298851199
144734891 57649139
828447830 123486175
828447830 58253392
128274529 207085152
128274529 123486175
128274529 650262639
128274529 273340811
128274529 11893515
128274529 144734891
128274529 58253392
11893515 128274529
11893515 152726062
11893515 123486175
