54233330 80878178
54233330 4799875
152657447 72192916
14794735 107476941
14794735 57648628
14794735 124087500
14794735 27891544
14794735 152477462
14794735 730603918
14794735 129985323
14794735 38636995
14794735 57856221
14794735 298848686
80878178 124087500
80878178 57648628
80878178 54233330
152571490 72192916
152571490 57648628
58163035 57648628
57602156 72192916
57602156 57648628
57856221 152911977
57856221 35338465
57856221 124087500
57856221 57648628
57856221 4799875
57856221 107476941
57856221 83920561
57856221 129985323
57856221 14794735
152911977 38636995
152911977 57856221
27891544 730603918
27891544 38636995
27891544 14794735
27559247 72192916
58180458 124087500
61704970 124087500
61704970 57856221
83920561 124087500
83920561 57856221
83920561 57648628
83920561 38636995
54350784 57648628
54350784 298848686
38636995 72192916
38636995 152911977
38636995 730603918
38636995 194428408
38636995 152907155
38636995 124087500
38636995 107476941
38636995 57648628
38636995 4799875
38636995 83920561
38636995 129985323
38636995 27891544
38636995 14794735
38636995 772327954
38636995 421479878
730603918 163086220
730603918 38636995
730603918 124087500
730603918 4799875
730603918 35338465
730603918 129985323
730603918 27891544
730603918 14794735
730603918 421479878
24664149 80878178
24664149 57648628
298848686 57648628
298848686 54350784
298848686 107476941
298848686 124087500
298848686 80878178
298848686 4799875
298848686 14794735
45063984 58180458
45063984 124087500
45063984 57648628
45063984 57856221
298811966 83920561
72192916 57602156
72192916 27559247
72192916 152579577
72192916 152581052
72192916 152571490
72192916 152657447
72192916 38636995
72192916 107476941
72192916 57648628
72192916 4799875
152594991 124087500
152594991 57648628
582089761 57648628
28113940 152581052
772327954 124087500
772327954 38636995
698776722 163086220
298849666 58163035
298849666 4799875
298849666 57648628
107476941 152581052
107476941 38636995
107476941 72192916
107476941 124087500
107476941 421479878
107476941 152907155
107476941 57648628
107476941 57856221
107476941 152477462
107476941 129985323
107476941 14794735
107476941 298848686
599313538 57648628
57648628 152581052
57648628 107476941
57648628 72192916
57648628 38636995
57648628 582089761
57648628 80878178
57648628 54350784
57648628 58163035
57648628 152594991
57648628 57602156
57648628 163086220
57648628 124087500
57648628 152571490
57648628 24664149
57648628 4799875
57648628 57856221
57648628 83920561
57648628 14794735
57648628 298848686
152579577 72192916
421479878 107476941
421479878 38636995
421479878 57648628
421479878 730603918
421479878 772327954
421479878 152907155
57584574 124087500
57584574 4799875
35338465 124087500
35338465 57648628
35338465 730603918
35338465 57856221
35338465 152477462
35338465 14794735
124087500 45063984
124087500 58180458
124087500 61704970
124087500 80878178
124087500 38636995
124087500 730603918
124087500 57584574
124087500 152594991
124087500 107476941
124087500 57648628
124087500 4799875
124087500 35338465
124087500 57856221
124087500 152477462
124087500 83920561
124087500 129985323
124087500 14794735
124087500 298848686
124087500 772327954
129985323 38636995
129985323 730603918
129985323 107476941
129985323 152907155
129985323 57856221
129985323 124087500
129985323 14794735
4799875 72192916
4799875 730603918
4799875 57584574
4799875 57648628
4799875 124087500
4799875 38636995
4799875 57856221
4799875 54233330
4799875 298848686
58106222 57648628
163086220 698776722
163086220 730603918
163086220 57648628
152581052 72192916
152581052 28113940
152581052 107476941
152581052 57648628
152477462 35338465
152477462 107476941
152477462 124087500
152477462 14794735
152907155 38636995
152907155 124087500
152907155 107476941
152907155 27891544
50530578 57648628
