170826700 8437378
58183272 57644990
58183272 126688676
58183272 20966820
58183272 8437378
58183272 131606874
58183272 147392367
601628515 8437378
836611467 8437378
54161805 8437378
55128776 8437378
11061886 8437378
58106489 57644990
152681947 8437378
40480529 8437378
40480529 52608465
120289654 8437378
8437378 747252085
8437378 352020774
8437378 7774747
601644896 8437378
163890530 52608465
7774747 8437378
138308600 8437378
282848668 8437378
170264459 8437378
58384524 57644990
166961409 8437378
558637755 8437378
352020774 8437378
352020774 747252085
158006753 8437378
152510320 8437378
298849039 8437378
131606874 58183272
54972731 8437378
747252085 8437378
152658965 8437378
138285439 8437378
142774847 8437378
95107826 8437378
96533073 8437378
582072533 8437378
147392367 58183272
52388917 152855078
52388917 152929969
217706544 8437378
59584125 8437378
179513248 8437378
33544325 8437378
558645010 8437378
667705598 8437378
319281502 8437378
558889629 8437378
308881014 8437378
154928564 8437378
216784565 8437378
166902731 8437378
67183493 8437378
67183493 40480529
28057136 8437378
479724665 8437378
434132349 8437378
52451009 8437378
305016102 8437378
794760784 8437378
404204459 8437378
219760052 8437378
393214444 52608465
152660703 57644990
132602911 8437378
80640872 8437378
57644990 58384524
57644990 58106489
57644990 152660703
57644990 58183272
270910777 8437378
836611806 8437378
42176593 8437378
142916672 8437378
126688676 8437378
126688676 58183272
20966820 8437378
20966820 58183272
147923071 8437378
52608465 8437378
52608465 163890530
52608465 40480529
