97277250 69551599
66106928 69551599
33598821 57769587
33598821 69551599
33598821 58108993
57769587 15183560
57769587 32291467
50642565 13557052
65386758 82109226
153773995 69551599
665998502 69551599
142546610 69551599
142546610 10282179
51792720 69551599
18921011 69551599
16106320 69551599
23548728 28574819
2737995 69551599
72468788 72468790
497886807 10282179
177249588 69551599
177249588 15183560
45161249 69551599
45161249 15183560
45161249 54364401
52608693 57491629
52608693 69551599
52608693 10282179
32291467 45161249
32291467 15183560
32291467 33127612
32291467 10282179
32291467 57769587
558829034 69551599
15183560 568652
15183560 111706437
15183560 177249588
15183560 45161249
15183560 30415365
15183560 22430277
15183560 33127612
15183560 58405546
15183560 10282179
15183560 582205120
15183560 138989554
15183560 32291467
15183560 57769587
15183560 13557052
80409955 69551599
10282179 142546610
10282179 69551599
10282179 15210686
10282179 15792108
10282179 169530790
54364401 45161249
54364401 69551599
57491629 52608693
57404112 69551599
33822812 69551599
33822812 10282179
30415365 45161249
30415365 15183560
30415365 57769587
136950906 69551599
28574819 23548728
22430277 15183560
582205120 15183560
15792108 69551599
15792108 10282179
33127612 15183560
363598052 69551599
72468790 72468788
55118369 69551599
58405546 15183560
169530790 10282179
69551599 18921011
9161014 69551599
58108993 33598821
65276424 69551599
82109226 65386758
82109226 69551599
85172930 69551599
21833518 69551599
138472075 69551599
211447843 69551599
13557052 15183560
13557052 69551599
