52999070 15659139
52999070 64418468
52999070 581903853
52999070 5484733
10492494 15659139
10492494 18812745
10492494 85052179
10492494 57649156
41928030 15659139
226091799 15659139
226091799 57649156
215739472 15659139
121909951 532431778
58300007 15659139
130097396 15659139
210241434 15659139
459622685 15659139
581903853 15659139
581310894 57649156
581310894 152924760
582266520 15659139
581952015 15659139
322896961 15659139
581982357 15659139
152934350 15659139
152934350 57649156
152934350 152956036
210191565 15659139
210277239 15659139
210195749 15659139
562264890 15659139
15659139 130228489
15659139 5484733
152911827 15659139
152911827 5484733
742676534 15659139
152932166 5484733
532431778 121909951
152888961 15659139
45213940 15659139
582376978 15659139
582376978 298838649
298852155 15659139
581378380 15659139
581378380 24056970
152523590 15659139
152523590 57649156
582406306 15659139
130237343 15659139
130237343 18812745
101696958 15659139
65220831 15659139
582549020 15659139
85052179 10492494
85052179 57649156
152899730 15659139
152899730 57649156
57649156 152934350
57649156 10492494
57649156 58320483
57649156 215756443
57649156 64418468
57649156 152523590
57649156 152899730
57649156 298838649
57649156 85052179
57649156 226091799
57649156 581310894
582066713 15659139
151372966 15659139
125465183 15659139
125465183 582277217
125465183 152815952
152662339 15659139
101696534 15659139
581443651 15659139
582462734 15659139
152476149 15659139
152924760 15659139
152924760 57652759
152924760 581310894
57652759 15659139
57652759 152924760
581972246 15659139
549941609 15659139
582830448 15659139
64418468 52999070
64418468 15659139
64418468 57649156
58169720 15659139
18812745 130237343
18812745 10492494
18812745 5484733
298838649 582376978
298838649 57649156
129992901 15659139
537039947 15659139
56950809 15659139
210192446 15659139
210192446 215756443
5899422 15659139
155834203 15659139
24056970 15659139
24056970 581378380
152877794 15659139
61239761 15659139
152928055 15659139
152687784 15659139
215756443 15659139
215756443 57649156
152815952 15659139
152815952 125465183
152956036 15659139
152956036 152934350
581788699 15659139
5484733 15659139
5484733 152932166
152732170 15659139
204598024 15659139
58056065 15659139
582277217 15659139
582277217 125465183
58320483 15659139
58320483 57649156
139701951 15659139
298866105 15659139
