238367748 127536696
228782448 127536696
297656122 127536696
3829913 127536696
239806300 127536696
216084721 48304002
216084721 75286322
216084721 296020823
216084721 127536696
107673512 127536696
295142651 127536696
107658890 113388240
231169443 127536696
38797639 127536696
642479303 127536696
285303638 127536696
10984417 127536696
294235076 127536696
156327386 277261135
156327386 127536696
218122654 127536696
277261135 156327386
48304002 216084721
48304002 127536696
54594864 297532734
54594864 127536696
107667715 127536696
298035760 127536696
107665679 127536696
295028805 127536696
57188819 127536696
107671910 127536696
107669750 127536696
217149635 127536696
295331972 297532734
298527222 127536696
107669354 127536696
107669354 37704906
224384708 127536696
234717319 258100571
75286322 216084721
75286322 127536696
298379771 107668076
642483710 57192491
298566743 127536696
16804073 127536696
298118620 127536696
107674057 127536696
58353265 297532734
58353265 127536696
201575235 127536696
107668248 127536696
37704906 107669354
37704906 57192491
37704906 297532734
37704906 107666765
36080594 127536696
130132671 127536696
233285652 127536696
296020823 216084721
296020823 127536696
288348918 127536696
217198784 127536696
199750404 127536696
267725475 127536696
258100571 48304002
258100571 224384708
258100571 234717319
258100571 107674057
258100571 107660421
258100571 297532734
258100571 127536696
258100571 284094194
258100571 298118620
258100571 216084721
258100571 113388240
282678368 234717319
282678368 836611473
282678368 298118620
282678368 286006456
282678368 10984417
113388240 297532734
113388240 258100571
113388240 107658890
107660421 127536696
286006456 282678368
286006456 127536696
294975033 127536696
57192491 642483710
57192491 296020823
57192491 37704906
57192491 127536696
82101955 127536696
140171361 127536696
107668076 298379771
256979378 127536696
297532734 295331972
297532734 258100571
297532734 58353265
297532734 37704906
297532734 54594864
297532734 113388240
229317801 127536696
107670955 127536696
286266136 127536696
