152576012 152733616
152576012 4144789
152576012 58033177
152576012 25858287
57477301 4144789
57477301 505458001
152500366 83551904
152500366 4144789
57366366 4144789
25858287 505458001
25858287 97086976
25858287 44755158
25858287 152956980
25858287 4144789
25858287 152576012
58033177 4144789
58033177 152576012
58033177 38012724
152956980 505458001
152956980 97086976
152956980 137716529
152956980 25858287
152733616 4144789
152733616 152576012
758029875 4144789
20133091 4144789
152712954 4144789
57660750 67812724
57660750 4144789
57660750 152732294
57660750 38012724
78641269 67812724
78641269 152732294
78641269 58425588
6638539 4144789
152941039 4144789
505458001 57847320
505458001 184974596
505458001 25858287
505458001 152956980
505458001 4144789
505458001 57477301
505458001 38012724
505458001 58425588
20397804 4144789
113742690 4144789
152576101 193195497
83551904 4144789
152733149 4144789
152733149 80419708
152628415 193195497
52573815 4144789
196229995 4144789
217837349 4144789
184974596 505458001
67812724 57660750
67812724 4144789
67812724 152732294
67812724 38012724
67812724 58425588
137716529 4144789
38052616 4144789
193195497 152576101
193195497 152628415
193195497 44755158
193195497 57847320
193195497 4144789
193195497 152576012
193195497 211323923
4637277 4144789
152576094 4144789
38012724 4144789
38012724 67812724
38012724 152732294
152572496 4144789
152884084 152580884
152884084 4144789
152681462 4144789
80419708 4144789
80419708 211323923
581691349 4144789
152580884 152884084
152580884 4144789
97086976 25858287
97086976 152956980
97086976 4144789
152732294 67812724
152732294 78641269
152732294 58425588
152732294 38012724
58425588 67812724
58425588 505458001
58425588 152732294
58425588 38012724
44755158 137716529
44755158 25858287
44755158 152956980
44755158 4144789
152733128 4144789
44460264 4144789
57847320 505458001
57847320 152857312
57847320 4144789
57847320 38012724
211323923 4144789
