152928189 99924546
152928189 58175013
152928189 152576045
152928189 114837199
152928189 49253401
220487004 152576045
44921986 152517011
44921986 833314099
44921986 58309461
44921986 28777023
44921986 833314189
44921986 152594760
44921986 131680370
44921986 14188103
44921986 401160190
44921986 36689158
44921986 152576045
44921986 756533833
44921986 58175013
44921986 522433620
44921986 52448774
44921986 152928189
44921986 49253401
44921986 230653125
44921986 114837199
44921986 97137345
756511315 152517011
756511315 230653125
756511315 58175013
756511315 152576045
14188103 44921986
14188103 401160190
14188103 756533833
14188103 49915144
14188103 49253401
788843436 152576045
58309461 44921986
58309461 152576045
58309461 114837199
152594760 49253401
152594760 152576045
152594760 114837199
833329747 114837199
833329747 152576045
152603409 152576045
152603409 756533833
49915144 152576045
49915144 52448774
49915144 44921986
49915144 131680370
49915144 14188103
49915144 152919901
49915144 20101857
49915144 49253401
49915144 737602043
49915144 97137345
127482673 152919901
152919901 152576045
152919901 49915144
152919901 127482673
812527502 152576045
522433620 44921986
52974061 152576045
52974061 114837199
152602903 833329747
152602903 152517011
152602903 114837199
152602903 230653125
114837199 99924546
114837199 152517011
114837199 401160190
114837199 152602903
114837199 152928189
114837199 28777023
114837199 44937258
114837199 49253401
114837199 58175013
114837199 36689158
114837199 152603409
114837199 152576045
114837199 833329747
36689158 833314099
36689158 833329747
36689158 152576045
36689158 756533833
36689158 58175013
36689158 152928189
36689158 152926206
36689158 49253401
36689158 114837199
36689158 97137345
152517011 44937258
152517011 152603409
152517011 401160190
152517011 36689158
152517011 152576045
152517011 756533833
152517011 49253401
152517011 152928189
58479775 152576045
99924546 152928189
99924546 114837199
536726913 152576045
536726913 49253401
536726913 114837199
131680370 152576045
131680370 49915144
131680370 52448774
805203701 152576045
49253401 805203701
49253401 20101857
49253401 58175013
49253401 14188103
49253401 536726913
49253401 152517011
49253401 152576045
49253401 114837199
833314099 114837199
401160190 130158481
401160190 152517011
401160190 14188103
401160190 44937258
401160190 152576045
401160190 58175013
401160190 114837199
401160190 49253401
401160190 20101857
401160190 152928189
322192696 152576045
58175013 152576045
58175013 756511315
58175013 36689158
58175013 44921986
58175013 756533833
58175013 348221690
58175013 152928189
58175013 114837199
58175013 49253401
756533833 44921986
756533833 49359041
756533833 36689158
756533833 131680370
756533833 152603409
756533833 833329747
756533833 99924546
756533833 152545529
756533833 14188103
756533833 44937258
756533833 152517011
756533833 152576045
756533833 58175013
756533833 127482673
756533833 114837199
756533833 25301660
756533833 152928189
52448774 756533833
52448774 131680370
52448774 49915144
19576084 152576045
19576084 114837199
601838362 152576045
601838362 152517011
25301660 756533833
25301660 152576045
44937258 152517011
163888433 44937258
163888433 152517011
163888433 540767399
163888433 58020990
163888433 152603409
163888433 152576045
163888433 756533833
163888433 52448774
163888433 114837199
163888433 49253401
163888433 152928189
20101857 401160190
20101857 49915144
20101857 44937258
20101857 152928189
20101857 152576045
20101857 36689158
20101857 49253401
20101857 737602043
20101857 114837199
20101857 97137345
97137345 36689158
97137345 49915144
152621548 152576045
152926206 152576045
699354274 114837199
699354274 152576045
737602043 152576045
737602043 20101857
737602043 49915144
152621607 152576045
152473907 756533833
152473907 152576045
152545529 210920708
152545529 230653125
152545529 49253401
152545529 756533833
152545529 152576045
348221690 152576045
348221690 58175013
348221690 114837199
152576045 805203701
152576045 401160190
152576045 152621548
152576045 36689158
152576045 58309461
152576045 131680370
152576045 152517011
152576045 19576084
152576045 833329747
152576045 49915144
152576045 152603409
152576045 52974061
152576045 348221690
152576045 152928189
152576045 152926206
152576045 25301660
152576045 49253401
152576045 114837199
