44758577 57643355
44758577 210192636
44758577 57644548
44758577 96881630
44758577 23926364
44758577 57646368
44758577 152725604
44758577 57599460
44758577 25612337
44758577 128501305
44758577 57849044
44758577 111615117
44758577 29313691
44758577 57848927
57849044 210192636
57849044 57645810
57849044 145457024
57849044 44758805
57849044 152820843
57849044 130044107
57849044 152581342
57849044 133020838
57849044 57649097
57849044 2532933
57849044 96881630
57849044 32329862
57849044 34308811
57849044 23926364
57849044 57647065
57849044 57645959
57849044 152725604
57849044 58156246
57849044 58441566
57849044 28320626
57849044 57644785
57849044 57643901
57849044 8673978
57849044 833380001
57849044 57599460
57849044 25612337
57849044 57648255
57849044 128501305
57849044 582195599
57849044 152580666
57849044 152477831
57849044 57649973
57849044 210282230
57849044 44758577
57849044 81499781
57849044 57643298
57849044 58160930
57849044 57643355
57849044 57646368
57849044 582447402
57849044 57647152
57849044 57645081
57849044 57644548
57849044 57652965
57849044 57647942
57849044 102326066
57849044 111615117
57849044 57648520
57849044 24277990
57849044 95747277
57849044 57648470
57849044 57644933
57849044 50605025
57849044 29313691
57849044 57749727
57849044 105853043
57849044 58441584
57849044 58441667
57849044 57652330
57849044 152956889
57849044 57848927
57849044 38778014
581508856 57645081
581508856 57648255
581508856 57652965
581508856 57648520
581508856 58441667
44759548 57645810
44759548 44758805
44759548 130044107
44759548 57649097
44759548 57645081
44759548 57644548
44759548 2532933
44759548 51039327
44759548 96881630
44759548 34308811
44759548 57647065
44759548 57645959
44759548 58072384
44759548 58156246
44759548 58441566
44759548 28320626
44759548 57644785
44759548 57599460
44759548 128501305
44759548 57647152
44759548 58160930
44759548 57647942
44759548 111615117
44759548 57589939
44759548 57648520
44759548 95747277
44759548 57648470
44759548 57644933
44759548 50605025
44759548 152601238
44759548 210192219
44759548 29313691
44759548 105853043
44759548 57652330
44759548 152956889
44759548 57848927
44759548 38778014
44758805 57643355
44758805 57645810
44758805 130044107
44758805 152581342
44758805 133020838
44758805 57649097
44758805 57645081
44758805 57644548
44758805 96881630
44758805 34308811
44758805 23926364
44758805 57647065
44758805 57646368
44758805 152725604
44758805 58156246
44758805 58441566
44758805 28320626
44758805 57644785
44758805 57599460
44758805 25612337
44758805 57648255
44758805 128501305
44758805 582195599
44758805 57849044
44758805 152580666
44758805 81499781
44758805 57643298
44758805 58160930
44758805 44759548
44758805 581445405
44758805 57652965
44758805 57647942
44758805 111615117
44758805 57589939
44758805 24277990
44758805 95747277
44758805 57648470
44758805 57644933
44758805 50605025
44758805 29313691
44758805 57749727
44758805 105853043
44758805 58441584
44758805 58441667
44758805 57652330
44758805 57848927
44758805 38778014
25612337 57643355
25612337 210192636
25612337 57645810
25612337 44758805
25612337 130044107
25612337 57649097
25612337 57645081
25612337 152905108
25612337 57644548
25612337 96881630
25612337 32329862
25612337 34308811
25612337 23926364
25612337 57647065
25612337 57645959
25612337 57646368
25612337 152725604
25612337 58156246
25612337 58441566
25612337 57644785
25612337 57643901
25612337 57599460
25612337 57648255
25612337 128501305
25612337 582195599
25612337 57849044
25612337 46910344
25612337 210282230
25612337 44758577
25612337 81499781
25612337 57643298
25612337 57647152
25612337 58160930
25612337 57652965
25612337 57647942
25612337 111615117
25612337 57589939
25612337 57648520
25612337 24277990
25612337 152479912
25612337 95747277
25612337 57648470
25612337 57644933
25612337 50605025
25612337 29313691
25612337 57749727
25612337 105853043
25612337 58441584
25612337 58441667
25612337 57652330
25612337 152956889
25612337 57848927
25612337 38778014
152818750 29313691
128501305 57643355
128501305 210192636
128501305 152857899
128501305 57645810
128501305 145457024
128501305 44758805
128501305 130044107
128501305 152581342
128501305 133020838
128501305 57649097
128501305 57645081
128501305 57644548
128501305 2532933
128501305 152933468
128501305 51039327
128501305 152669081
128501305 96881630
128501305 32329862
128501305 34308811
128501305 23926364
128501305 57647065
128501305 57645959
128501305 57646368
128501305 152937759
128501305 582447402
128501305 58156246
128501305 58441566
128501305 28320626
128501305 57644785
128501305 8673978
128501305 57599460
128501305 25612337
128501305 57648255
128501305 57849044
128501305 152580666
128501305 57649973
128501305 46910344
128501305 152847038
128501305 210282230
128501305 54154611
128501305 44758577
128501305 81499781
128501305 57647152
128501305 58160930
128501305 44759548
128501305 57652965
128501305 57647942
128501305 111615117
128501305 57589939
128501305 57648520
128501305 24277990
128501305 152479912
128501305 95747277
128501305 57648470
128501305 152931620
128501305 57644933
128501305 50605025
128501305 812485899
128501305 29313691
128501305 57749727
128501305 105853043
128501305 58441584
128501305 57652330
128501305 152956889
128501305 57848927
128501305 38778014
57648470 57643355
57648470 57647065
57648470 57644785
57648470 58160930
57648470 57648255
57648470 57643901
57648470 57649097
57648470 57645081
57648470 58156246
57648470 57647942
57648470 111615117
57648470 57646368
57648470 582195599
57648470 96881630
57648470 57645810
57648470 57647152
57648470 57849044
57648470 152725604
57648470 2532933
57648470 57648520
57648470 32329862
57648470 128501305
57648470 57645959
57648470 152580666
57648470 57649973
57648470 28320626
57648470 57652965
57648470 152669081
57648470 24277990
57648470 54154611
57648470 581445405
57648470 57643298
57648470 152905108
57648470 51039327
57648470 210192636
57648470 145457024
57648470 58441566
57648470 833380001
57648470 57599460
57648470 34308811
57648470 81499781
57648470 566577327
57648470 57589939
57648470 152581342
57648470 133020838
57648470 210282230
57648470 44759548
57648470 23926364
57648470 152857899
57648470 57644548
57648470 63520262
57648470 22006149
57648470 110894981
57648470 152477831
57648470 152479912
57648470 130044107
57648470 580914108
57648470 152819058
57648470 131186678
57648470 152937759
57648470 30262513
57648470 25612337
57648470 44758805
57648470 95747277
57648470 152931620
57648470 57644933
57648470 50605025
57648470 812485899
57648470 210192219
57648470 29313691
57648470 57749727
57648470 105853043
57648470 58441584
57648470 58441667
57648470 57652330
57648470 57848927
57648470 38778014
57643901 57645810
57643901 145457024
57643901 130044107
57643901 152581342
57643901 133020838
57643901 57645081
57643901 96881630
57643901 57647065
57643901 57645959
57643901 57646368
57643901 58156246
57643901 58441566
57643901 57644785
57643901 57599460
57643901 25612337
57643901 57849044
57643901 57647942
57643901 95747277
57643901 57648470
57643901 29313691
57643901 58441667
57643901 57652330
57643901 57848927
57645081 210192636
57645081 152857899
57645081 57645810
57645081 145457024
57645081 44758805
57645081 152820843
57645081 130044107
57645081 152581342
57645081 581445405
57645081 133020838
57645081 57649097
57645081 152905108
57645081 2532933
57645081 152933468
57645081 51039327
57645081 96881630
57645081 32329862
57645081 34308811
57645081 23926364
57645081 57647065
57645081 152818750
57645081 57645959
57645081 152819058
57645081 152725604
57645081 58156246
57645081 58441566
57645081 57644785
57645081 57643901
57645081 8673978
57645081 57599460
57645081 25612337
57645081 57648255
57645081 128501305
57645081 582195599
57645081 152580666
57645081 47872051
57645081 581508856
57645081 152847038
57645081 30262513
57645081 210282230
57645081 54154611
57645081 81499781
57645081 57643298
57645081 581047076
57645081 58160930
57645081 44759548
57645081 63520262
57645081 57643355
57645081 46910344
57645081 57646368
57645081 152937759
57645081 57849044
57645081 57647152
57645081 57644548
57645081 57652965
57645081 57647942
57645081 102326066
57645081 111615117
57645081 57589939
57645081 57648520
57645081 24277990
57645081 95747277
57645081 57648470
57645081 152931620
57645081 57644933
57645081 50605025
57645081 152601238
57645081 29313691
57645081 57749727
57645081 105853043
57645081 58441584
57645081 58441667
57645081 57652330
57645081 152956889
57645081 57848927
57645081 38778014
152905108 57649097
152905108 57645081
152905108 23926364
152905108 57647065
152905108 57646368
152905108 152725604
152905108 58441566
152905108 28320626
152905108 57644785
152905108 57599460
152905108 25612337
152905108 152847038
152905108 81499781
152905108 601610112
152905108 57589939
152905108 57648470
152905108 57644933
152905108 29313691
152905108 58441584
152905108 57652330
152905108 57848927
152905108 38778014
95747277 24277990
95747277 58441566
95747277 57647065
95747277 81499781
95747277 111615117
95747277 57646368
95747277 133020838
95747277 96881630
95747277 57645081
95747277 57589939
95747277 57645810
95747277 57645959
95747277 57599460
95747277 210282230
95747277 46910344
95747277 57648255
95747277 57649097
95747277 57648520
95747277 57643298
95747277 23926364
95747277 57647942
95747277 57849044
95747277 25612337
95747277 128501305
95747277 57644548
95747277 44758805
95747277 22006149
95747277 57644785
95747277 57647152
95747277 2532933
95747277 581445405
95747277 152725604
95747277 51039327
95747277 57643901
95747277 44759548
95747277 28320626
95747277 152581342
95747277 130044107
95747277 152479912
95747277 34308811
95747277 210192636
95747277 580914108
95747277 152937759
95747277 58160930
95747277 57643355
95747277 152819058
95747277 57648470
95747277 57644933
95747277 50605025
95747277 152601238
95747277 210192219
95747277 29313691
95747277 57749727
95747277 105853043
95747277 58441584
95747277 58441667
95747277 57652330
95747277 152956889
95747277 57848927
95747277 38778014
152479912 57647065
152479912 24277990
152479912 34308811
152479912 210192636
152479912 57649097
152479912 25612337
152479912 58441566
152479912 57645810
152479912 57647942
152479912 57589939
152479912 111615117
152479912 152725604
152479912 57644785
152479912 57599460
152479912 28320626
152479912 58160930
152479912 128501305
152479912 95747277
152479912 57648470
152479912 50605025
152479912 29313691
152479912 57749727
152479912 105853043
152479912 57652330
152479912 57848927
210192636 57643355
210192636 57645810
210192636 152820843
210192636 130044107
210192636 133020838
210192636 57649097
210192636 57645081
210192636 57644548
210192636 2532933
210192636 96881630
210192636 34308811
210192636 23926364
210192636 57647065
210192636 152819058
210192636 57646368
210192636 152725604
210192636 58156246
210192636 58441566
210192636 57644785
210192636 8673978
210192636 25612337
210192636 57648255
210192636 128501305
210192636 57849044
210192636 152580666
210192636 152477831
210192636 210282230
210192636 44758577
210192636 81499781
210192636 57647152
210192636 581047076
210192636 58160930
210192636 57652965
210192636 57647942
210192636 111615117
210192636 57589939
210192636 57648520
210192636 24277990
210192636 152479912
210192636 95747277
210192636 57648470
210192636 57644933
210192636 50605025
210192636 812485899
210192636 29313691
210192636 57749727
210192636 105853043
210192636 58441584
210192636 58441667
210192636 57848927
210192636 38778014
133020838 57643355
133020838 210192636
133020838 57645810
133020838 44758805
133020838 152581342
133020838 57649097
133020838 57645081
133020838 57644548
133020838 2532933
133020838 152933468
133020838 152669081
133020838 34308811
133020838 57647065
133020838 152819058
133020838 57646368
133020838 152937759
133020838 58072384
133020838 152725604
133020838 58156246
133020838 58441566
133020838 57644785
133020838 57643901
133020838 57599460
133020838 57648255
133020838 128501305
133020838 57849044
133020838 152477831
133020838 57649973
133020838 210282230
133020838 81499781
133020838 57643298
133020838 57647152
133020838 58160930
133020838 57652965
133020838 57647942
133020838 111615117
133020838 57589939
133020838 57648520
133020838 24277990
133020838 95747277
133020838 57648470
133020838 57644933
133020838 152601238
133020838 812485899
133020838 210192219
133020838 29313691
133020838 57749727
133020838 105853043
133020838 58441584
133020838 58441667
133020838 57652330
133020838 57848927
133020838 38778014
81499781 57643355
81499781 210192636
81499781 152857899
81499781 57645810
81499781 44758805
81499781 130044107
81499781 133020838
81499781 57649097
81499781 57645081
81499781 152905108
81499781 57644548
81499781 2532933
81499781 96881630
81499781 32329862
81499781 34308811
81499781 23926364
81499781 57647065
81499781 57645959
81499781 57646368
81499781 58072384
81499781 152725604
81499781 58156246
81499781 58441566
81499781 28320626
81499781 57644785
81499781 22006149
81499781 8673978
81499781 57599460
81499781 25612337
81499781 57648255
81499781 57849044
81499781 57649973
81499781 46910344
81499781 210282230
81499781 54154611
81499781 580914108
81499781 57643298
81499781 57647152
81499781 601610112
81499781 57652965
81499781 57647942
81499781 111615117
81499781 57589939
81499781 57648520
81499781 24277990
81499781 95747277
81499781 57648470
81499781 152931620
81499781 57644933
81499781 50605025
81499781 29313691
81499781 57749727
81499781 105853043
81499781 58441584
81499781 58441667
81499781 152956889
81499781 57848927
81499781 38778014
57643355 210192636
57643355 152857899
57643355 57645810
57643355 145457024
57643355 44758805
57643355 152820843
57643355 130044107
57643355 152581342
57643355 133020838
57643355 57649097
57643355 152905108
57643355 2532933
57643355 152933468
57643355 96881630
57643355 32329862
57643355 34308811
57643355 23926364
57643355 57647065
57643355 57645959
57643355 152819058
57643355 152725604
57643355 58156246
57643355 58441566
57643355 28320626
57643355 57644785
57643355 8673978
57643355 833380001
57643355 57599460
57643355 25612337
57643355 57648255
57643355 128501305
57643355 152477831
57643355 57649973
57643355 30262513
57643355 210282230
57643355 54154611
57643355 580914108
57643355 44758577
57643355 81499781
57643355 57643298
57643355 58160930
57643355 46910344
57643355 57646368
57643355 152937759
57643355 57849044
57643355 57647152
57643355 57645081
57643355 57644548
57643355 57652965
57643355 57647942
57643355 102326066
57643355 111615117
57643355 57589939
57643355 57648520
57643355 24277990
57643355 95747277
57643355 57648470
57643355 152931620
57643355 57644933
57643355 50605025
57643355 29313691
57643355 57749727
57643355 105853043
57643355 58441584
57643355 57652330
57643355 57848927
57643355 38778014
57649097 57643355
57649097 210192636
57649097 152857899
57649097 57645810
57649097 44758805
57649097 130044107
57649097 152581342
57649097 581445405
57649097 133020838
57649097 57645081
57649097 152905108
57649097 57644548
57649097 2532933
57649097 96881630
57649097 34308811
57649097 57647065
57649097 57645959
57649097 152819058
57649097 57646368
57649097 131186678
57649097 152725604
57649097 58156246
57649097 58441566
57649097 28320626
57649097 57644785
57649097 57599460
57649097 25612337
57649097 57648255
57649097 128501305
57649097 57849044
57649097 81499781
57649097 57643298
57649097 57647152
57649097 58160930
57649097 44759548
57649097 57652965
57649097 57647942
57649097 102326066
57649097 111615117
57649097 57589939
57649097 57648520
57649097 24277990
57649097 152479912
57649097 95747277
57649097 57648470
57649097 57644933
57649097 50605025
57649097 152601238
57649097 812485899
57649097 29313691
57649097 57749727
57649097 105853043
57649097 58441584
57649097 57652330
57649097 57848927
57649097 38778014
152580666 210192636
152580666 44758805
152580666 152581342
152580666 581445405
152580666 57645081
152580666 96881630
152580666 34308811
152580666 57647065
152580666 152725604
152580666 58156246
152580666 58441566
152580666 28320626
152580666 57599460
152580666 128501305
152580666 57849044
152580666 57652965
152580666 57647942
152580666 111615117
152580666 57648470
152580666 152931620
152580666 152601238
152580666 29313691
152580666 57749727
152580666 58441667
152580666 57848927
22006149 130044107
22006149 34308811
22006149 58441566
22006149 81499781
22006149 24277990
22006149 95747277
22006149 29313691
22006149 58441584
22006149 38778014
22006149 57848927
8673978 57643355
8673978 210192636
8673978 57645810
8673978 57645081
8673978 34308811
8673978 57647065
8673978 57645959
8673978 57646368
8673978 152725604
8673978 58156246
8673978 58441566
8673978 28320626
8673978 57648255
8673978 128501305
8673978 57849044
8673978 81499781
8673978 57647942
8673978 57589939
8673978 57648470
8673978 57644933
8673978 210192219
8673978 29313691
8673978 57652330
8673978 57848927
8673978 38778014
581445405 57645081
581445405 152669081
581445405 23926364
581445405 57647065
581445405 57646368
581445405 28320626
581445405 57599460
581445405 57648255
581445405 128501305
581445405 57849044
581445405 152580666
581445405 210282230
581445405 54154611
581445405 57647152
581445405 58160930
581445405 57652965
581445405 57647942
581445405 111615117
581445405 57589939
581445405 95747277
581445405 57648470
581445405 50605025
581445405 57749727
581445405 105853043
581445405 57848927
58072384 57643355
58072384 57645810
58072384 130044107
58072384 133020838
58072384 57644548
58072384 34308811
58072384 57647065
58072384 58441566
58072384 57644785
58072384 57599460
58072384 210282230
58072384 81499781
58072384 57647152
58072384 38778014
58072384 58160930
58072384 44759548
58072384 57589939
58072384 24277990
58072384 57644933
58072384 29313691
210282230 57643355
210282230 210192636
210282230 57645810
210282230 130044107
210282230 152581342
210282230 581445405
210282230 133020838
210282230 57645081
210282230 57644548
210282230 2532933
210282230 152933468
210282230 96881630
210282230 32329862
210282230 34308811
210282230 23926364
210282230 57647065
210282230 57646368
210282230 152725604
210282230 58156246
210282230 58441566
210282230 57644785
210282230 57599460
210282230 25612337
210282230 57648255
210282230 128501305
210282230 57849044
210282230 46910344
210282230 30262513
210282230 580914108
210282230 81499781
210282230 57647152
210282230 58160930
210282230 57652965
210282230 57647942
210282230 111615117
210282230 57589939
210282230 57648520
210282230 24277990
210282230 95747277
210282230 57648470
210282230 812485899
210282230 29313691
210282230 105853043
210282230 58441667
210282230 57652330
210282230 152956889
210282230 57848927
210282230 38778014
102326066 130044107
102326066 57644785
102326066 34308811
102326066 58441566
102326066 57649097
102326066 57643298
102326066 96881630
102326066 57647065
102326066 57849044
102326066 57647152
102326066 57643355
102326066 24277990
102326066 57648470
102326066 57848927
102326066 38778014
152601238 24277990
152601238 57648470
152601238 57644785
152601238 128501305
152601238 2532933
152601238 57645081
152601238 111615117
152601238 57644933
152601238 95747277
152601238 57643355
152601238 57645959
152601238 57647942
152601238 57589939
152601238 130044107
152601238 57645810
152601238 57599460
152601238 582195599
152601238 58441566
152601238 57647065
152601238 152725604
152601238 152580666
152601238 96881630
152601238 57647152
152601238 34308811
152601238 44759548
152601238 133020838
152601238 58156246
152601238 23926364
152601238 81499781
152601238 29313691
152601238 57749727
152601238 105853043
152601238 58441667
152601238 57652330
152601238 38778014
152601238 57848927
23926364 57643355
23926364 210192636
23926364 57645810
23926364 44758805
23926364 152581342
23926364 581445405
23926364 57645081
23926364 152905108
23926364 57644548
23926364 96881630
23926364 32329862
23926364 34308811
23926364 57647065
23926364 57645959
23926364 152819058
23926364 57646368
23926364 152725604
23926364 58156246
23926364 58441566
23926364 57644785
23926364 57599460
23926364 25612337
23926364 57648255
23926364 128501305
23926364 57849044
23926364 57649973
23926364 46910344
23926364 210282230
23926364 44758577
23926364 81499781
23926364 57647152
23926364 58160930
23926364 57652965
23926364 57647942
23926364 111615117
23926364 57589939
23926364 57648520
23926364 24277990
23926364 95747277
23926364 57648470
23926364 152931620
23926364 57644933
23926364 50605025
23926364 812485899
23926364 29313691
23926364 57749727
23926364 105853043
23926364 58441584
23926364 58441667
23926364 57652330
23926364 152956889
23926364 57848927
23926364 38778014
54154611 57643355
54154611 57645810
54154611 145457024
54154611 130044107
54154611 581445405
54154611 57645081
54154611 57644548
54154611 96881630
54154611 57647065
54154611 57645959
54154611 57646368
54154611 58441566
54154611 28320626
54154611 57644785
54154611 57599460
54154611 57648255
54154611 128501305
54154611 81499781
54154611 57647152
54154611 57647942
54154611 111615117
54154611 57589939
54154611 24277990
54154611 57648470
54154611 29313691
54154611 58441584
54154611 58441667
54154611 57652330
54154611 57848927
54154611 38778014
32329862 57643355
32329862 57645810
32329862 145457024
32329862 130044107
32329862 152581342
32329862 57645081
32329862 57644548
32329862 2532933
32329862 152933468
32329862 96881630
32329862 34308811
32329862 23926364
32329862 57647065
32329862 57646368
32329862 152725604
32329862 58441566
32329862 57644785
32329862 57599460
32329862 25612337
32329862 57648255
32329862 128501305
32329862 57849044
32329862 210282230
32329862 81499781
32329862 57643298
32329862 57647152
32329862 58160930
32329862 152857899
32329862 63520262
32329862 57647942
32329862 111615117
32329862 24277990
32329862 57648470
32329862 152931620
32329862 57644933
32329862 50605025
32329862 29313691
32329862 57749727
32329862 58441584
32329862 58441667
32329862 57652330
32329862 57848927
32329862 38778014
57646368 210192636
57646368 152857899
57646368 57645810
57646368 145457024
57646368 44758805
57646368 152820843
57646368 130044107
57646368 152581342
57646368 581445405
57646368 133020838
57646368 57649097
57646368 152905108
57646368 2532933
57646368 152933468
57646368 51039327
57646368 152669081
57646368 96881630
57646368 32329862
57646368 34308811
57646368 23926364
57646368 57647065
57646368 57645959
57646368 152725604
57646368 58156246
57646368 58441566
57646368 28320626
57646368 57644785
57646368 57643901
57646368 8673978
57646368 57599460
57646368 25612337
57646368 57648255
57646368 128501305
57646368 582195599
57646368 152477831
57646368 57649973
57646368 30262513
57646368 210282230
57646368 54154611
57646368 44758577
57646368 81499781
57646368 57643298
57646368 58160930
57646368 63520262
57646368 57643355
57646368 46910344
57646368 152937759
57646368 57849044
57646368 57647152
57646368 57645081
57646368 57644548
57646368 57652965
57646368 57647942
57646368 111615117
57646368 57589939
57646368 57648520
57646368 24277990
57646368 95747277
57646368 57648470
57646368 152931620
57646368 57644933
57646368 50605025
57646368 29313691
57646368 57749727
57646368 105853043
57646368 58441584
57646368 58441667
57646368 57652330
57646368 57848927
57646368 38778014
57644785 57643355
57644785 210192636
57644785 57645810
57644785 145457024
57644785 44758805
57644785 130044107
57644785 152581342
57644785 133020838
57644785 57649097
57644785 57645081
57644785 152905108
57644785 57644548
57644785 2532933
57644785 51039327
57644785 152669081
57644785 96881630
57644785 32329862
57644785 34308811
57644785 23926364
57644785 57647065
57644785 57645959
57644785 152819058
57644785 57646368
57644785 58072384
57644785 152725604
57644785 58156246
57644785 58441566
57644785 28320626
57644785 57643901
57644785 833380001
57644785 57599460
57644785 25612337
57644785 57648255
57644785 128501305
57644785 57849044
57644785 57649973
57644785 46910344
57644785 210282230
57644785 54154611
57644785 580914108
57644785 81499781
57644785 57643298
57644785 57647152
57644785 601610112
57644785 58160930
57644785 44759548
57644785 57652965
57644785 57647942
57644785 102326066
57644785 111615117
57644785 57589939
57644785 57648520
57644785 24277990
57644785 152479912
57644785 95747277
57644785 57648470
57644785 57644933
57644785 50605025
57644785 152601238
57644785 812485899
57644785 29313691
57644785 57749727
57644785 105853043
57644785 58441584
57644785 58441667
57644785 57652330
57644785 152956889
57644785 57848927
57644785 38778014
57644933 57647065
57644933 58441566
57644933 111615117
57644933 133020838
57644933 24277990
57644933 81499781
57644933 96881630
57644933 34308811
57644933 57648255
57644933 57643298
57644933 57643355
57644933 57644785
57644933 57645810
57644933 57648520
57644933 57849044
57644933 152931620
57644933 57589939
57644933 57645081
57644933 57599460
57644933 57646368
57644933 2532933
57644933 95747277
57644933 25612337
57644933 32329862
57644933 57644548
57644933 152725604
57644933 130044107
57644933 57647152
57644933 152933468
57644933 102326066
57644933 152905108
57644933 152857899
57644933 57645959
57644933 152477831
57644933 23926364
57644933 57649097
57644933 57647942
57644933 44758805
57644933 128501305
57644933 145457024
57644933 58156246
57644933 57652965
57644933 57648470
57644933 58072384
57644933 8673978
57644933 210192636
57644933 152669081
57644933 57649973
57644933 58160930
57644933 152581342
57644933 44759548
57644933 152937759
57644933 28320626
57644933 50605025
57644933 812485899
57644933 29313691
57644933 57749727
57644933 105853043
57644933 58441584
57644933 58441667
57644933 57652330
57644933 152956889
57644933 57848927
57644933 38778014
57649973 57643355
57649973 57645810
57649973 133020838
57649973 57644548
57649973 96881630
57649973 23926364
57649973 57647065
57649973 57646368
57649973 58156246
57649973 58441566
57649973 57644785
57649973 57599460
57649973 57648255
57649973 128501305
57649973 57849044
57649973 81499781
57649973 58160930
57649973 57652965
57649973 57647942
57649973 111615117
57649973 57648520
57649973 24277990
57649973 57648470
57649973 57644933
57649973 29313691
57649973 57749727
57649973 105853043
57649973 58441584
57649973 57652330
57649973 57848927
57649973 38778014
566577327 57648470
210192219 58441566
210192219 130044107
210192219 57643355
210192219 95747277
210192219 57647065
210192219 8673978
210192219 24277990
210192219 57648470
210192219 44759548
210192219 23926364
210192219 57645810
210192219 152725604
210192219 133020838
210192219 812485899
210192219 57644548
210192219 38778014
210192219 57848927
57645290 57652965
57645290 38778014
152669081 57643355
152669081 133020838
152669081 57649097
152669081 2532933
152669081 57647065
152669081 57646368
152669081 58441566
152669081 57644785
152669081 57599460
152669081 57648255
152669081 128501305
152669081 58160930
152669081 57647942
152669081 111615117
152669081 24277990
152669081 57648470
152669081 57644933
152669081 50605025
152669081 29313691
152669081 38778014
152669081 57848927
57648255 57643355
57648255 210192636
57648255 57645810
57648255 44758805
57648255 130044107
57648255 581445405
57648255 133020838
57648255 57649097
57648255 57645081
57648255 57644548
57648255 2532933
57648255 152933468
57648255 51039327
57648255 152669081
57648255 63520262
57648255 96881630
57648255 32329862
57648255 34308811
57648255 23926364
57648255 57647065
57648255 57645959
57648255 152819058
57648255 57646368
57648255 152937759
57648255 152725604
57648255 58156246
57648255 58441566
57648255 28320626
57648255 57644785
57648255 8673978
57648255 57599460
57648255 25612337
57648255 128501305
57648255 57849044
57648255 152477831
57648255 57649973
57648255 210282230
57648255 54154611
57648255 580914108
57648255 81499781
57648255 57643298
57648255 57647152
57648255 58160930
57648255 57652965
57648255 57647942
57648255 111615117
57648255 57589939
57648255 57648520
57648255 24277990
57648255 95747277
57648255 57648470
57648255 152931620
57648255 57644933
57648255 50605025
57648255 29313691
57648255 57749727
57648255 58441584
57648255 58441667
57648255 57652330
57648255 57848927
57648255 38778014
34308811 57643355
34308811 210192636
34308811 57645810
34308811 145457024
34308811 152820843
34308811 130044107
34308811 152581342
34308811 133020838
34308811 57649097
34308811 57645081
34308811 57644548
34308811 2532933
34308811 63520262
34308811 96881630
34308811 32329862
34308811 23926364
34308811 57647065
34308811 152819058
34308811 57646368
34308811 58072384
34308811 152725604
34308811 58156246
34308811 58441566
34308811 28320626
34308811 57644785
34308811 8673978
34308811 833380001
34308811 57599460
34308811 25612337
34308811 57648255
34308811 128501305
34308811 57849044
34308811 152580666
34308811 152477831
34308811 46910344
34308811 58441667
34308811 210282230
34308811 580914108
34308811 81499781
34308811 57643298
34308811 57647152
34308811 581047076
34308811 601610112
34308811 58160930
34308811 44759548
34308811 57652965
34308811 57647942
34308811 102326066
34308811 111615117
34308811 57589939
34308811 57648520
34308811 24277990
34308811 152479912
34308811 95747277
34308811 57648470
34308811 152931620
34308811 57644933
34308811 50605025
34308811 152601238
34308811 812485899
34308811 29313691
34308811 57749727
34308811 105853043
34308811 58441584
34308811 57652330
34308811 152956889
34308811 57848927
34308811 38778014
2532933 57643355
2532933 210192636
2532933 57645810
2532933 44758805
2532933 130044107
2532933 152581342
2532933 133020838
2532933 57649097
2532933 57645081
2532933 57644548
2532933 152669081
2532933 96881630
2532933 32329862
2532933 34308811
2532933 23926364
2532933 57647065
2532933 57645959
2532933 57646368
2532933 152937759
2532933 152725604
2532933 58156246
2532933 58441566
2532933 28320626
2532933 57644785
2532933 57599460
2532933 25612337
2532933 57648255
2532933 128501305
2532933 57849044
2532933 210282230
2532933 54154611
2532933 81499781
2532933 57647152
2532933 58160930
2532933 44759548
2532933 57652965
2532933 57647942
2532933 111615117
2532933 57589939
2532933 57648520
2532933 24277990
2532933 95747277
2532933 57648470
2532933 57644933
2532933 50605025
2532933 152601238
2532933 812485899
2532933 29313691
2532933 57749727
2532933 105853043
2532933 58441584
2532933 58441667
2532933 57652330
2532933 57848927
2532933 38778014
57648520 57643298
57648520 210282230
57648520 57599460
57648520 25612337
57648520 130044107
57648520 57647065
57648520 57647942
57648520 81499781
57648520 96881630
57648520 57643355
57648520 111615117
57648520 57849044
57648520 57645081
57648520 57646368
57648520 57645810
57648520 2532933
57648520 145457024
57648520 57648255
57648520 57644785
57648520 133020838
57648520 152725604
57648520 34308811
57648520 57652965
57648520 23926364
57648520 30262513
57648520 57589939
57648520 57649097
57648520 57645959
57648520 57644548
57648520 128501305
57648520 210192636
57648520 581508856
57648520 57647152
57648520 57649973
57648520 58156246
57648520 58160930
57648520 44759548
57648520 152581342
57648520 24277990
57648520 95747277
57648520 57648470
57648520 57644933
57648520 50605025
57648520 812485899
57648520 29313691
57648520 57749727
57648520 105853043
57648520 58441584
57648520 58441667
57648520 57652330
57648520 57848927
57648520 38778014
28320626 57643355
28320626 44758805
28320626 152820843
28320626 130044107
28320626 152581342
28320626 581445405
28320626 57649097
28320626 57644548
28320626 2532933
28320626 51039327
28320626 63520262
28320626 34308811
28320626 57647065
28320626 57645959
28320626 57646368
28320626 152937759
28320626 58156246
28320626 58441566
28320626 57644785
28320626 8673978
28320626 57648255
28320626 128501305
28320626 582195599
28320626 57849044
28320626 152580666
28320626 54154611
28320626 580914108
28320626 81499781
28320626 57643298
28320626 581047076
28320626 601610112
28320626 58160930
28320626 44759548
28320626 57647942
28320626 102326066
28320626 111615117
28320626 57589939
28320626 152479912
28320626 95747277
28320626 57648470
28320626 152931620
28320626 57644933
28320626 50605025
28320626 29313691
28320626 105853043
28320626 58441584
28320626 57652330
28320626 57848927
28320626 38778014
58441667 32329862
58441667 81499781
58441667 95747277
58441667 57644785
58441667 57648255
58441667 57647065
58441667 57645959
58441667 57645081
58441667 58441566
58441667 2532933
58441667 57644933
58441667 57849044
58441667 145457024
58441667 23926364
58441667 111615117
58441667 57646368
58441667 57749727
58441667 46910344
58441667 57644548
58441667 57643901
58441667 152725604
58441667 152580666
58441667 54154611
58441667 58441584
58441667 57647152
58441667 581508856
58441667 29313691
58441667 96881630
58441667 152933468
58441667 57648520
58441667 152937759
58441667 58156246
58441667 58072384
58441667 210192636
58441667 210282230
58441667 133020838
58441667 24277990
58441667 57645810
58441667 152819058
58441667 152477831
58441667 34308811
58441667 57648470
58441667 580914108
58441667 210192219
58441667 57589939
58441667 25612337
58441667 812485899
58441667 44758805
58441667 582195599
58441667 57652965
58441667 102326066
58441667 105853043
58441667 57599460
58441667 57652330
58441667 152956889
58441667 57848927
58441667 38778014
46910344 57645810
46910344 130044107
46910344 34308811
46910344 23926364
46910344 57647065
46910344 152725604
46910344 58441566
46910344 57644785
46910344 57599460
46910344 25612337
46910344 210282230
46910344 81499781
46910344 57643355
46910344 57646368
46910344 57647152
46910344 57645081
46910344 111615117
46910344 57589939
46910344 95747277
46910344 29313691
46910344 58441584
46910344 58441667
46910344 57848927
46910344 38778014
38778014 58072384
38778014 812485899
38778014 105853043
38778014 210282230
38778014 57648520
38778014 34308811
38778014 130044107
38778014 54154611
38778014 111615117
38778014 58441566
38778014 29313691
38778014 96881630
38778014 57643298
38778014 145457024
38778014 57749727
38778014 2532933
38778014 102326066
38778014 95747277
38778014 57645290
38778014 57647065
38778014 128501305
38778014 81499781
38778014 152931620
38778014 152477831
38778014 57648255
38778014 152956889
38778014 57647942
38778014 57599460
38778014 58441584
38778014 57652330
38778014 57644785
38778014 58160930
38778014 46910344
38778014 57589939
38778014 57849044
38778014 57643355
38778014 25612337
38778014 57649097
38778014 30262513
38778014 133020838
38778014 57644933
38778014 50605025
38778014 57646368
38778014 57645081
38778014 57848927
38778014 57647152
38778014 57644548
38778014 152937759
38778014 152725604
38778014 152905108
38778014 57645959
38778014 23926364
38778014 57648470
38778014 44758805
38778014 57645810
38778014 58156246
38778014 152819058
38778014 57652965
38778014 57649973
38778014 28320626
38778014 152669081
38778014 58441667
38778014 8673978
38778014 152601238
38778014 152933468
38778014 210192219
38778014 51039327
38778014 210192636
38778014 44759548
38778014 152581342
38778014 32329862
38778014 24277990
581047076 57643355
581047076 210192636
581047076 57645810
581047076 57645081
581047076 34308811
581047076 57647065
581047076 152725604
581047076 58156246
581047076 28320626
581047076 57599460
581047076 111615117
581047076 29313691
24277990 95747277
24277990 32329862
24277990 102326066
24277990 34308811
24277990 54154611
24277990 210282230
24277990 57643298
24277990 96881630
24277990 130044107
24277990 57648520
24277990 57599460
24277990 23926364
24277990 111615117
24277990 57647065
24277990 58441566
24277990 57643355
24277990 2532933
24277990 57644785
24277990 25612337
24277990 57849044
24277990 81499781
24277990 57646368
24277990 57649097
24277990 57648255
24277990 57645081
24277990 152725604
24277990 57647942
24277990 57645810
24277990 44758805
24277990 57644548
24277990 57652965
24277990 57647152
24277990 58156246
24277990 22006149
24277990 57645959
24277990 58160930
24277990 133020838
24277990 57649973
24277990 128501305
24277990 152669081
24277990 58072384
24277990 833380001
24277990 152581342
24277990 580914108
24277990 152477831
24277990 57589939
24277990 210192636
24277990 582195599
24277990 152479912
24277990 57648470
24277990 152931620
24277990 57644933
24277990 50605025
24277990 152601238
24277990 812485899
24277990 210192219
24277990 29313691
24277990 57749727
24277990 105853043
24277990 58441584
24277990 58441667
24277990 57652330
24277990 152956889
24277990 57848927
24277990 38778014
152820843 57643355
152820843 210192636
152820843 57645081
152820843 34308811
152820843 57646368
152820843 28320626
152820843 57599460
152820843 57849044
152820843 111615117
152820843 29313691
152820843 57749727
152820843 57848927
152820843 57652330
47872051 29313691
29313691 57644785
29313691 24277990
29313691 95747277
29313691 57648520
29313691 130044107
29313691 145457024
29313691 152931620
29313691 57647942
29313691 34308811
29313691 57599460
29313691 54154611
29313691 210282230
29313691 57647065
29313691 57648255
29313691 111615117
29313691 81499781
29313691 96881630
29313691 57646368
29313691 57643355
29313691 152933468
29313691 57849044
29313691 50605025
29313691 46910344
29313691 57589939
29313691 44758577
29313691 57644548
29313691 57645081
29313691 25612337
29313691 57645810
29313691 133020838
29313691 30262513
29313691 23926364
29313691 57648470
29313691 57644933
29313691 152905108
29313691 8673978
29313691 152937759
29313691 57649097
29313691 152820843
29313691 57645959
29313691 58156246
29313691 32329862
29313691 2532933
29313691 152847038
29313691 102326066
29313691 152580666
29313691 28320626
29313691 128501305
29313691 58072384
29313691 152725604
29313691 57647152
29313691 833380001
29313691 57649973
29313691 58441566
29313691 57643298
29313691 47872051
29313691 210192219
29313691 22006149
29313691 582195599
29313691 581445405
29313691 152669081
29313691 152818750
29313691 57643901
29313691 44759548
29313691 152581342
29313691 210192636
29313691 57652965
29313691 581187645
29313691 63520262
29313691 581047076
29313691 131186678
29313691 152479912
29313691 580914108
29313691 44758805
29313691 152819058
29313691 58160930
29313691 57749727
29313691 105853043
29313691 58441584
29313691 58441667
29313691 57652330
29313691 57848927
29313691 38778014
57589939 111615117
57589939 81499781
57589939 54154611
57589939 34308811
57589939 57643298
57589939 57649097
57589939 25612337
57589939 58160930
57589939 57645810
57589939 57643355
57589939 57646368
57589939 58441566
57589939 57645081
57589939 57644548
57589939 57644785
57589939 57647942
57589939 133020838
57589939 44758805
57589939 46910344
57589939 128501305
57589939 57599460
57589939 210192636
57589939 23926364
57589939 58156246
57589939 96881630
57589939 57647152
57589939 57645959
57589939 130044107
57589939 210282230
57589939 152725604
57589939 57652965
57589939 152581342
57589939 57648255
57589939 580914108
57589939 152905108
57589939 28320626
57589939 44759548
57589939 57648520
57589939 24277990
57589939 152479912
57589939 95747277
57589939 57648470
57589939 152931620
57589939 57644933
57589939 50605025
57589939 152601238
57589939 29313691
57589939 57749727
57589939 105853043
57589939 58441584
57589939 58441667
57589939 57652330
57589939 152956889
57589939 57848927
57589939 38778014
152819058 57643355
152819058 210192636
152819058 57645810
152819058 130044107
152819058 133020838
152819058 57649097
152819058 57645081
152819058 34308811
152819058 23926364
152819058 57647065
152819058 58441566
152819058 57644785
152819058 57599460
152819058 57648255
152819058 57849044
152819058 580914108
152819058 57647152
152819058 58160930
152819058 57652965
152819058 57647942
152819058 111615117
152819058 57589939
152819058 95747277
152819058 57648470
152819058 50605025
152819058 29313691
152819058 105853043
152819058 58441584
152819058 58441667
152819058 38778014
152819058 57848927
152819058 57652330
145457024 57643355
145457024 57645810
145457024 130044107
145457024 57645081
145457024 57644548
145457024 96881630
145457024 32329862
145457024 34308811
145457024 57647065
145457024 57645959
145457024 57646368
145457024 58441566
145457024 57644785
145457024 57643901
145457024 57599460
145457024 128501305
145457024 57849044
145457024 152847038
145457024 54154611
145457024 57643298
145457024 58160930
145457024 57647942
145457024 111615117
145457024 57648520
145457024 57648470
145457024 57644933
145457024 29313691
145457024 57749727
145457024 58441584
145457024 58441667
145457024 57848927
145457024 38778014
57645810 57643355
57645810 210192636
57645810 152857899
57645810 145457024
57645810 44758805
57645810 130044107
57645810 133020838
57645810 57649097
57645810 57645081
57645810 57644548
57645810 2532933
57645810 152933468
57645810 96881630
57645810 32329862
57645810 34308811
57645810 23926364
57645810 57647065
57645810 57645959
57645810 152819058
57645810 57646368
57645810 58072384
57645810 152725604
57645810 58156246
57645810 58441566
57645810 57644785
57645810 57643901
57645810 8673978
57645810 57599460
57645810 25612337
57645810 57648255
57645810 128501305
57645810 57849044
57645810 57649973
57645810 46910344
57645810 210282230
57645810 54154611
57645810 580914108
57645810 81499781
57645810 57643298
57645810 57647152
57645810 581047076
57645810 58160930
57645810 44759548
57645810 57652965
57645810 57647942
57645810 111615117
57645810 57589939
57645810 57648520
57645810 24277990
57645810 152479912
57645810 95747277
57645810 57648470
57645810 152931620
57645810 57644933
57645810 50605025
57645810 152601238
57645810 210192219
57645810 29313691
57645810 57749727
57645810 105853043
57645810 58441584
57645810 58441667
57645810 57652330
57645810 57848927
57645810 38778014
57647152 210192636
57647152 57645810
57647152 130044107
57647152 581445405
57647152 133020838
57647152 57649097
57647152 2532933
57647152 96881630
57647152 32329862
57647152 34308811
57647152 23926364
57647152 581187645
57647152 57647065
57647152 57645959
57647152 152819058
57647152 58156246
57647152 58441566
57647152 57644785
57647152 57599460
57647152 25612337
57647152 57648255
57647152 128501305
57647152 582195599
57647152 152847038
57647152 210282230
57647152 54154611
57647152 580914108
57647152 81499781
57647152 58160930
57647152 44759548
57647152 63520262
57647152 57643355
57647152 46910344
57647152 57646368
57647152 57849044
57647152 57645081
57647152 57644548
57647152 57652965
57647152 57647942
57647152 102326066
57647152 111615117
57647152 57589939
57647152 57648520
57647152 24277990
57647152 95747277
57647152 57648470
57647152 57644933
57647152 50605025
57647152 210192219
57647152 29313691
57647152 57749727
57647152 105853043
57647152 58441584
57647152 58441667
57647152 57652330
57647152 152956889
57647152 57848927
57647152 38778014
96881630 57643355
96881630 210192636
96881630 57645810
96881630 145457024
96881630 44758805
96881630 130044107
96881630 152581342
96881630 57649097
96881630 57645081
96881630 57644548
96881630 2532933
96881630 32329862
96881630 34308811
96881630 23926364
96881630 57647065
96881630 57645959
96881630 57646368
96881630 152725604
96881630 58156246
96881630 58441566
96881630 28320626
96881630 57644785
96881630 57599460
96881630 25612337
96881630 57648255
96881630 128501305
96881630 582195599
96881630 57849044
96881630 152580666
96881630 152477831
96881630 57649973
96881630 30262513
96881630 210282230
96881630 54154611
96881630 580914108
96881630 44758577
96881630 81499781
96881630 57643298
96881630 57647152
96881630 58160930
96881630 44759548
96881630 57652965
96881630 57647942
96881630 102326066
96881630 111615117
96881630 57589939
96881630 57648520
96881630 24277990
96881630 95747277
96881630 57648470
96881630 152931620
96881630 57644933
96881630 50605025
96881630 152601238
96881630 29313691
96881630 57749727
96881630 105853043
96881630 58441584
96881630 58441667
96881630 57652330
96881630 57848927
96881630 38778014
152581342 57643355
152581342 44758805
152581342 130044107
152581342 133020838
152581342 57649097
152581342 57645081
152581342 57644548
152581342 2532933
152581342 96881630
152581342 32329862
152581342 34308811
152581342 23926364
152581342 57647065
152581342 57646368
152581342 152725604
152581342 58441566
152581342 28320626
152581342 57644785
152581342 57599460
152581342 128501305
152581342 57849044
152581342 152580666
152581342 210282230
152581342 58160930
152581342 57652965
152581342 57647942
152581342 111615117
152581342 57589939
152581342 57648520
152581342 24277990
152581342 95747277
152581342 57648470
152581342 57644933
152581342 29313691
152581342 105853043
152581342 58441584
152581342 57652330
152581342 57848927
152581342 38778014
152937759 133020838
152937759 2532933
152937759 152933468
152937759 57647065
152937759 152725604
152937759 58441566
152937759 28320626
152937759 57599460
152937759 57648255
152937759 128501305
152937759 57643355
152937759 57646368
152937759 57645081
152937759 57644548
152937759 95747277
152937759 57648470
152937759 29313691
152937759 57749727
152937759 58441584
152937759 58441667
152937759 152956889
152937759 38778014
152937759 57848927
58441566 57643355
58441566 210192636
58441566 152857899
58441566 57645810
58441566 145457024
58441566 44758805
58441566 130044107
58441566 152581342
58441566 133020838
58441566 57649097
58441566 57645081
58441566 152905108
58441566 57644548
58441566 2532933
58441566 152933468
58441566 51039327
58441566 152669081
58441566 96881630
58441566 32329862
58441566 34308811
58441566 23926364
58441566 57647065
58441566 57645959
58441566 152819058
58441566 57646368
58441566 152937759
58441566 58072384
58441566 131186678
58441566 152725604
58441566 58156246
58441566 28320626
58441566 57644785
58441566 22006149
58441566 57643901
58441566 8673978
58441566 833380001
58441566 57599460
58441566 25612337
58441566 57648255
58441566 128501305
58441566 582195599
58441566 57849044
58441566 152580666
58441566 57649973
58441566 46910344
58441566 30262513
58441566 210282230
58441566 54154611
58441566 580914108
58441566 81499781
58441566 57643298
58441566 57647152
58441566 601610112
58441566 58160930
58441566 44759548
58441566 57652965
58441566 57647942
58441566 102326066
58441566 111615117
58441566 57589939
58441566 24277990
58441566 152479912
58441566 95747277
58441566 57648470
58441566 152931620
58441566 57644933
58441566 50605025
58441566 152601238
58441566 812485899
58441566 210192219
58441566 29313691
58441566 57749727
58441566 105853043
58441566 58441584
58441566 58441667
58441566 57652330
58441566 152956889
58441566 57848927
58441566 38778014
131186678 57647065
131186678 58441566
131186678 57849044
131186678 58160930
131186678 57652965
131186678 29313691
131186678 105853043
57645959 57643355
57645959 57645810
57645959 145457024
57645959 130044107
57645959 57649097
57645959 57645081
57645959 57644548
57645959 2532933
57645959 96881630
57645959 23926364
57645959 57647065
57645959 57646368
57645959 152725604
57645959 58156246
57645959 58441566
57645959 28320626
57645959 57644785
57645959 57643901
57645959 8673978
57645959 57599460
57645959 25612337
57645959 57648255
57645959 128501305
57645959 57849044
57645959 54154611
57645959 81499781
57645959 57643298
57645959 57647152
57645959 58160930
57645959 44759548
57645959 57652965
57645959 57647942
57645959 111615117
57645959 57589939
57645959 57648520
57645959 24277990
57645959 95747277
57645959 57648470
57645959 152931620
57645959 57644933
57645959 50605025
57645959 152601238
57645959 812485899
57645959 29313691
57645959 57749727
57645959 58441584
57645959 58441667
57645959 57652330
57645959 57848927
57645959 38778014
57647942 58441566
57647942 57644785
57647942 57599460
57647942 57849044
57647942 57648255
57647942 32329862
57647942 57645081
57647942 133020838
57647942 57647065
57647942 57643298
57647942 57643355
57647942 23926364
57647942 57646368
57647942 152725604
57647942 81499781
57647942 128501305
57647942 57645810
57647942 25612337
57647942 57644548
57647942 44758805
57647942 58156246
57647942 96881630
57647942 57649097
57647942 57645959
57647942 57652965
57647942 58160930
57647942 145457024
57647942 152580666
57647942 57647152
57647942 57649973
57647942 152669081
57647942 152847038
57647942 28320626
57647942 130044107
57647942 8673978
57647942 210192636
57647942 581445405
57647942 34308811
57647942 44759548
57647942 30262513
57647942 152581342
57647942 152477831
57647942 152819058
57647942 601610112
57647942 44758577
57647942 210282230
57647942 54154611
57647942 580914108
57647942 2532933
57647942 111615117
57647942 57589939
57647942 57648520
57647942 24277990
57647942 152479912
57647942 95747277
57647942 57648470
57647942 152931620
57647942 57644933
57647942 50605025
57647942 812485899
57647942 29313691
57647942 57749727
57647942 105853043
57647942 58441584
57647942 58441667
57647942 57652330
57647942 57848927
57647942 38778014
58160930 57643355
58160930 210192636
58160930 57645810
58160930 145457024
58160930 44758805
58160930 130044107
58160930 152581342
58160930 581445405
58160930 133020838
58160930 57649097
58160930 57645081
58160930 57644548
58160930 2532933
58160930 51039327
58160930 152669081
58160930 96881630
58160930 32329862
58160930 34308811
58160930 23926364
58160930 57647065
58160930 57645959
58160930 152819058
58160930 57646368
58160930 58072384
58160930 131186678
58160930 152725604
58160930 58156246
58160930 58441566
58160930 28320626
58160930 57644785
58160930 57599460
58160930 25612337
58160930 57648255
58160930 128501305
58160930 57849044
58160930 57649973
58160930 210282230
58160930 57643298
58160930 57647152
58160930 44759548
58160930 57652965
58160930 57647942
58160930 111615117
58160930 57589939
58160930 57648520
58160930 24277990
58160930 152479912
58160930 95747277
58160930 57648470
58160930 57644933
58160930 50605025
58160930 812485899
58160930 29313691
58160930 57749727
58160930 105853043
58160930 58441584
58160930 57652330
58160930 152956889
58160930 57848927
58160930 38778014
111615117 58441566
111615117 96881630
111615117 57644785
111615117 54154611
111615117 28320626
111615117 32329862
111615117 57648255
111615117 57645810
111615117 81499781
111615117 57643298
111615117 23926364
111615117 57647065
111615117 2532933
111615117 57643355
111615117 152933468
111615117 34308811
111615117 57646368
111615117 44758577
111615117 57849044
111615117 57599460
111615117 133020838
111615117 57645081
111615117 57647942
111615117 25612337
111615117 145457024
111615117 210282230
111615117 57644548
111615117 57647152
111615117 152725604
111615117 58160930
111615117 57649097
111615117 130044107
111615117 152820843
111615117 44758805
111615117 128501305
111615117 58156246
111615117 46910344
111615117 57645959
111615117 152580666
111615117 582447402
111615117 152669081
111615117 210192636
111615117 581187645
111615117 581445405
111615117 44759548
111615117 152581342
111615117 63520262
111615117 102326066
111615117 152819058
111615117 131186678
111615117 580914108
111615117 581047076
111615117 57652965
111615117 51039327
111615117 57589939
111615117 57648520
111615117 24277990
111615117 152479912
111615117 95747277
111615117 57648470
111615117 152931620
111615117 57644933
111615117 50605025
111615117 152601238
111615117 210192219
111615117 29313691
111615117 57749727
111615117 105853043
111615117 58441584
111615117 58441667
111615117 57652330
111615117 152956889
111615117 57848927
111615117 38778014
57643298 57643355
57643298 57645810
57643298 145457024
57643298 44758805
57643298 130044107
57643298 133020838
57643298 57649097
57643298 57645081
57643298 57644548
57643298 96881630
57643298 34308811
57643298 57647065
57643298 57645959
57643298 57646368
57643298 152725604
57643298 58156246
57643298 58441566
57643298 28320626
57643298 57644785
57643298 57599460
57643298 25612337
57643298 57648255
57643298 57849044
57643298 81499781
57643298 58160930
57643298 57647942
57643298 102326066
57643298 111615117
57643298 57589939
57643298 57648520
57643298 24277990
57643298 95747277
57643298 57648470
57643298 152931620
57643298 57644933
57643298 50605025
57643298 29313691
57643298 57749727
57643298 58441584
57643298 57652330
57643298 152956889
57643298 57848927
57643298 38778014
152857899 57643355
152857899 57645810
152857899 57645081
152857899 57647065
152857899 57646368
152857899 58441566
152857899 81499781
152857899 32329862
152857899 57644933
152857899 58441584
105853043 128501305
105853043 57644548
105853043 57647942
105853043 582195599
105853043 57644933
105853043 2532933
105853043 57649973
105853043 28320626
105853043 24277990
105853043 57645081
105853043 57649097
105853043 57648470
105853043 57646368
105853043 152601238
105853043 111615117
105853043 23926364
105853043 130044107
105853043 58156246
105853043 57749727
105853043 81499781
105853043 57589939
105853043 44759548
105853043 95747277
105853043 57643355
105853043 57644785
105853043 57647152
105853043 57645810
105853043 57849044
105853043 131186678
105853043 58160930
105853043 581445405
105853043 34308811
105853043 812485899
105853043 57599460
105853043 57647065
105853043 152581342
105853043 152725604
105853043 50605025
105853043 96881630
105853043 601610112
105853043 58441566
105853043 133020838
105853043 152479912
105853043 57648520
105853043 210192636
105853043 152819058
105853043 38778014
105853043 25612337
105853043 57652965
105853043 210282230
105853043 58441584
105853043 58441667
105853043 57652330
105853043 57848927
57647065 57643355
57647065 210192636
57647065 152857899
57647065 57645810
57647065 145457024
57647065 44758805
57647065 130044107
57647065 152581342
57647065 581445405
57647065 133020838
57647065 57649097
57647065 57645081
57647065 152905108
57647065 57644548
57647065 2532933
57647065 152933468
57647065 110894981
57647065 152669081
57647065 63520262
57647065 96881630
57647065 32329862
57647065 34308811
57647065 23926364
57647065 57645959
57647065 152819058
57647065 57646368
57647065 152937759
57647065 58072384
57647065 131186678
57647065 152725604
57647065 58156246
57647065 58441566
57647065 28320626
57647065 57644785
57647065 57643901
57647065 8673978
57647065 57599460
57647065 25612337
57647065 57648255
57647065 128501305
57647065 582195599
57647065 57849044
57647065 152580666
57647065 47872051
57647065 152477831
57647065 57649973
57647065 581508856
57647065 46910344
57647065 152847038
57647065 30262513
57647065 210282230
57647065 54154611
57647065 81499781
57647065 57643298
57647065 57647152
57647065 581047076
57647065 58160930
57647065 44759548
57647065 57652965
57647065 57647942
57647065 102326066
57647065 111615117
57647065 57648520
57647065 24277990
57647065 152479912
57647065 95747277
57647065 57648470
57647065 152931620
57647065 57644933
57647065 50605025
57647065 152601238
57647065 210192219
57647065 29313691
57647065 57749727
57647065 105853043
57647065 58441584
57647065 58441667
57647065 57652330
57647065 152956889
57647065 57848927
57647065 38778014
152847038 145457024
152847038 57645081
152847038 152905108
152847038 57644548
152847038 128501305
152847038 57647152
152847038 57652330
58441584 130044107
58441584 29313691
58441584 58441566
58441584 57648520
58441584 57644785
58441584 24277990
58441584 57599460
58441584 111615117
58441584 81499781
58441584 152931620
58441584 57749727
58441584 34308811
58441584 96881630
58441584 32329862
58441584 57648255
58441584 54154611
58441584 133020838
58441584 57643298
58441584 58160930
58441584 28320626
58441584 57647942
58441584 57849044
58441584 25612337
58441584 57643355
58441584 2532933
58441584 57589939
58441584 95747277
58441584 57644933
58441584 152933468
58441584 57645810
58441584 50605025
58441584 145457024
58441584 57645081
58441584 152937759
58441584 128501305
58441584 57645959
58441584 57646368
58441584 57647152
58441584 57644548
58441584 23926364
58441584 30262513
58441584 152725604
58441584 46910344
58441584 57647065
58441584 22006149
58441584 44758805
58441584 152857899
58441584 152905108
58441584 833380001
58441584 152847038
58441584 57649097
58441584 57649973
58441584 210192636
58441584 51039327
58441584 57652965
58441584 58156246
58441584 105853043
58441584 63520262
58441584 57648470
58441584 580914108
58441584 152581342
58441584 152819058
58441584 58441667
58441584 57652330
58441584 57848927
58441584 38778014
110894981 57647065
110894981 57599460
110894981 57648470
110894981 57848927
812485899 57643355
812485899 152477831
812485899 58441566
812485899 130044107
812485899 57648520
812485899 23926364
812485899 152581342
812485899 57589939
812485899 57648470
812485899 57645959
812485899 57649097
812485899 152580666
812485899 152479912
812485899 38778014
812485899 34308811
812485899 128501305
812485899 57652965
812485899 210282230
812485899 152601238
812485899 582195599
812485899 581047076
812485899 24277990
812485899 57644548
812485899 133020838
812485899 152931620
812485899 57644933
812485899 57644785
812485899 58160930
812485899 210192219
812485899 105853043
812485899 58441667
812485899 57848927
57749727 32329862
57749727 34308811
57749727 24277990
57749727 130044107
57749727 96881630
57749727 57648520
57749727 58441566
57749727 57643298
57749727 57648255
57749727 29313691
57749727 57599460
57749727 57589939
57749727 81499781
57749727 133020838
57749727 57644785
57749727 57645810
57749727 57645081
57749727 25612337
57749727 57849044
57749727 57644933
57749727 57643355
57749727 23926364
57749727 57646368
57749727 152725604
57749727 152937759
57749727 57644548
57749727 57647942
57749727 111615117
57749727 145457024
57749727 57647065
57749727 57647152
57749727 44758805
57749727 95747277
57749727 58156246
57749727 128501305
57749727 58160930
57749727 57648470
57749727 2532933
57749727 57649097
57749727 152931620
57749727 152601238
57749727 152820843
57749727 210192636
57749727 152580666
57749727 152669081
57749727 57645959
57749727 581445405
57749727 50605025
57749727 582195599
57749727 152479912
57749727 57649973
57749727 105853043
57749727 58441584
57749727 58441667
57749727 57652330
57749727 152956889
57749727 57848927
57749727 38778014
50605025 57643355
50605025 57648520
50605025 57647065
50605025 57589939
50605025 57645810
50605025 96881630
50605025 24277990
50605025 57648255
50605025 210282230
50605025 25612337
50605025 130044107
50605025 32329862
50605025 57645081
50605025 57599460
50605025 57644548
50605025 57849044
50605025 81499781
50605025 57646368
50605025 57644785
50605025 58441566
50605025 23926364
50605025 111615117
50605025 95747277
50605025 57644933
50605025 34308811
50605025 57643298
50605025 152725604
50605025 152933468
50605025 57645959
50605025 57648470
50605025 57649097
50605025 58156246
50605025 57647152
50605025 128501305
50605025 57647942
50605025 152931620
50605025 44759548
50605025 152479912
50605025 601610112
50605025 28320626
50605025 210192636
50605025 58160930
50605025 152819058
50605025 581445405
50605025 152669081
50605025 44758805
50605025 29313691
50605025 57749727
50605025 105853043
50605025 58441584
50605025 57652330
50605025 57848927
50605025 38778014
601610112 57643355
601610112 57649097
601610112 152905108
601610112 34308811
601610112 152725604
601610112 58441566
601610112 28320626
601610112 57644785
601610112 57599460
601610112 81499781
601610112 57647942
601610112 50605025
601610112 105853043
601610112 58441667
601610112 57848927
57652965 57645290
57652965 130044107
57652965 57849044
57652965 57646368
57652965 210282230
57652965 34308811
57652965 96881630
57652965 57644548
57652965 57648255
57652965 2532933
57652965 128501305
57652965 57647065
57652965 133020838
57652965 57643355
57652965 581508856
57652965 57645081
57652965 57645810
57652965 57644785
57652965 58156246
57652965 58441566
57652965 152669081
57652965 581445405
57652965 57649973
57652965 57647152
57652965 152819058
57652965 81499781
57652965 152580666
57652965 210192636
57652965 58160930
57652965 131186678
57652965 23926364
57652965 152581342
57652965 57645959
57652965 152725604
57652965 44758805
57652965 25612337
57652965 57649097
57652965 51039327
57652965 57647942
57652965 111615117
57652965 57589939
57652965 57648520
57652965 24277990
57652965 57648470
57652965 57644933
57652965 152601238
57652965 812485899
57652965 210192219
57652965 29313691
57652965 105853043
57652965 58441584
57652965 58441667
57652965 57652330
57652965 57848927
57652965 38778014
152956889 210282230
152956889 57644933
152956889 24277990
152956889 34308811
152956889 81499781
152956889 57589939
152956889 58441566
152956889 57599460
152956889 57643298
152956889 44759548
152956889 58160930
152956889 57647152
152956889 57849044
152956889 25612337
152956889 57647065
152956889 23926364
152956889 57644548
152956889 57644785
152956889 111615117
152956889 28320626
152956889 128501305
152956889 95747277
152956889 57645081
152956889 57848927
152956889 38778014
57652330 111615117
57652330 34308811
57652330 57647065
57652330 57645810
57652330 130044107
57652330 210282230
57652330 58441584
57652330 57589939
57652330 57849044
57652330 96881630
57652330 57645081
57652330 25612337
57652330 95747277
57652330 57646368
57652330 57648255
57652330 152725604
57652330 57644933
57652330 57599460
57652330 57643355
57652330 30262513
57652330 24277990
57652330 29313691
57652330 57644785
57652330 128501305
57652330 44758805
57652330 57644548
57652330 57643298
57652330 23926364
57652330 57645959
57652330 58156246
57652330 2532933
57652330 57643901
57652330 57647152
57652330 32329862
57652330 57648470
57652330 57647942
57652330 50605025
57652330 58441667
57652330 57749727
57652330 57648520
57652330 8673978
57652330 57652965
57652330 57649097
57652330 152820843
57652330 133020838
57652330 58160930
57652330 58441566
57652330 152819058
57652330 105853043
57652330 57649973
57652330 152847038
57652330 152601238
57652330 54154611
57652330 44759548
57652330 152581342
57652330 152479912
57652330 28320626
57652330 152905108
57652330 57848927
57652330 38778014
152933468 57643355
152933468 57645810
152933468 130044107
152933468 133020838
152933468 57645081
152933468 32329862
152933468 57647065
152933468 57646368
152933468 58156246
152933468 58441566
152933468 57599460
152933468 57648255
152933468 57849044
152933468 81499781
152933468 111615117
152933468 24277990
152933468 57644933
152933468 29313691
152933468 58441584
152933468 57848927
152933468 38778014
63520262 57647065
63520262 131186678
63520262 57648255
63520262 57646368
63520262 57644548
63520262 29313691
63520262 57848927
582195599 57643355
582195599 130044107
582195599 57645081
582195599 96881630
582195599 57647065
582195599 57646368
582195599 58156246
582195599 58441566
582195599 28320626
582195599 25612337
582195599 57849044
582195599 57647152
582195599 24277990
582195599 57648470
582195599 812485899
582195599 29313691
582195599 57749727
582195599 105853043
582195599 58441667
582195599 57848927
30262513 57643355
30262513 57645081
30262513 96881630
30262513 57647065
30262513 57646368
30262513 58441566
30262513 57599460
30262513 57647942
30262513 57648520
30262513 57648470
30262513 29313691
30262513 58441584
30262513 57652330
30262513 57848927
30262513 38778014
57644548 210192636
57644548 57645810
57644548 145457024
57644548 44758805
57644548 133020838
57644548 57649097
57644548 2532933
57644548 96881630
57644548 32329862
57644548 34308811
57644548 23926364
57644548 57647065
57644548 57645959
57644548 152725604
57644548 58156246
57644548 58441566
57644548 28320626
57644548 57644785
57644548 57599460
57644548 25612337
57644548 57648255
57644548 128501305
57644548 152477831
57644548 57649973
57644548 152847038
57644548 210282230
57644548 54154611
57644548 580914108
57644548 44758577
57644548 81499781
57644548 57643298
57644548 581047076
57644548 58160930
57644548 44759548
57644548 57643355
57644548 46910344
57644548 57646368
57644548 152937759
57644548 57849044
57644548 57647152
57644548 57645081
57644548 57652965
57644548 57647942
57644548 111615117
57644548 57589939
57644548 57648520
57644548 24277990
57644548 95747277
57644548 57648470
57644548 152931620
57644548 57644933
57644548 50605025
57644548 812485899
57644548 210192219
57644548 29313691
57644548 57749727
57644548 105853043
57644548 58441584
57644548 58441667
57644548 57652330
57644548 152956889
57644548 57848927
57644548 38778014
152931620 130044107
152931620 58441566
152931620 24277990
152931620 32329862
152931620 96881630
152931620 111615117
152931620 81499781
152931620 57648255
152931620 23926364
152931620 57589939
152931620 57643298
152931620 57646368
152931620 57644548
152931620 57647065
152931620 57643355
152931620 57645810
152931620 57645081
152931620 102326066
152931620 57645959
152931620 57599460
152931620 152725604
152931620 57648470
152931620 152580666
152931620 34308811
152931620 57647942
152931620 58156246
152931620 128501305
152931620 28320626
152931620 57644933
152931620 50605025
152931620 812485899
152931620 29313691
152931620 57749727
152931620 58441584
152931620 57848927
152931620 38778014
57599460 57643355
57599460 57645810
57599460 145457024
57599460 44758805
57599460 152820843
57599460 130044107
57599460 152581342
57599460 581445405
57599460 133020838
57599460 57649097
57599460 57645081
57599460 152905108
57599460 57644548
57599460 2532933
57599460 152933468
57599460 110894981
57599460 51039327
57599460 152669081
57599460 96881630
57599460 32329862
57599460 34308811
57599460 23926364
57599460 57647065
57599460 57645959
57599460 152819058
57599460 57646368
57599460 152937759
57599460 58072384
57599460 152725604
57599460 58156246
57599460 58441566
57599460 57644785
57599460 57643901
57599460 833380001
57599460 25612337
57599460 57648255
57599460 128501305
57599460 57849044
57599460 152580666
57599460 152477831
57599460 57649973
57599460 46910344
57599460 30262513
57599460 210282230
57599460 54154611
57599460 580914108
57599460 44758577
57599460 81499781
57599460 57643298
57599460 57647152
57599460 581047076
57599460 601610112
57599460 58160930
57599460 44759548
57599460 57647942
57599460 111615117
57599460 57589939
57599460 57648520
57599460 24277990
57599460 152479912
57599460 95747277
57599460 57648470
57599460 152931620
57599460 57644933
57599460 50605025
57599460 152601238
57599460 29313691
57599460 57749727
57599460 105853043
57599460 58441584
57599460 58441667
57599460 57652330
57599460 152956889
57599460 57848927
57599460 38778014
152477831 57643355
152477831 210192636
152477831 130044107
152477831 133020838
152477831 57644548
152477831 96881630
152477831 34308811
152477831 57647065
152477831 57646368
152477831 152725604
152477831 57599460
152477831 57648255
152477831 24277990
152477831 57648470
152477831 57644933
152477831 812485899
152477831 58441667
152477831 38778014
152477831 57848927
833380001 57643355
833380001 130044107
833380001 34308811
833380001 58441566
833380001 57644785
833380001 57848927
833380001 58441584
833380001 29313691
833380001 57648470
833380001 24277990
833380001 57849044
833380001 57599460
57848927 23926364
57848927 57652330
57848927 96881630
57848927 57648255
57848927 57749727
57848927 57849044
57848927 111615117
57848927 81499781
57848927 57644785
57848927 130044107
57848927 58441584
57848927 2532933
57848927 57599460
57848927 58441566
57848927 25612337
57848927 24277990
57848927 32329862
57848927 57648520
57848927 57646368
57848927 210282230
57848927 57643355
57848927 34308811
57848927 57647152
57848927 46910344
57848927 57643298
57848927 57647065
57848927 152933468
57848927 29313691
57848927 57645959
57848927 57645081
57848927 57644933
57848927 133020838
57848927 152956889
57848927 57645810
57848927 95747277
57848927 57589939
57848927 50605025
57848927 152725604
57848927 57644548
57848927 152937759
57848927 145457024
57848927 57647942
57848927 152820843
57848927 28320626
57848927 110894981
57848927 44758805
57848927 44758577
57848927 57649097
57848927 54154611
57848927 58156246
57848927 152931620
57848927 582195599
57848927 22006149
57848927 58160930
57848927 128501305
57848927 57648470
57848927 102326066
57848927 30262513
57848927 58441667
57848927 152905108
57848927 57649973
57848927 57643901
57848927 833380001
57848927 152669081
57848927 152580666
57848927 51039327
57848927 8673978
57848927 152601238
57848927 210192636
57848927 210192219
57848927 44759548
57848927 581445405
57848927 152581342
57848927 105853043
57848927 57652965
57848927 152477831
57848927 152479912
57848927 580914108
57848927 812485899
57848927 63520262
57848927 152819058
57848927 601610112
57848927 38778014
580914108 57643355
580914108 57645810
580914108 130044107
580914108 57644548
580914108 96881630
580914108 34308811
580914108 58156246
580914108 58441566
580914108 57644785
580914108 57599460
580914108 57648255
580914108 210282230
580914108 81499781
580914108 57647152
580914108 57647942
580914108 111615117
580914108 57589939
580914108 24277990
580914108 95747277
580914108 57648470
580914108 29313691
580914108 58441584
580914108 58441667
580914108 57848927
152725604 57643355
152725604 210192636
152725604 57645810
152725604 152581342
152725604 133020838
152725604 57649097
152725604 57645081
152725604 152905108
152725604 57644548
152725604 2532933
152725604 51039327
152725604 96881630
152725604 32329862
152725604 34308811
152725604 23926364
152725604 581187645
152725604 57647065
152725604 57645959
152725604 57646368
152725604 152937759
152725604 58156246
152725604 58441566
152725604 57644785
152725604 8673978
152725604 57599460
152725604 25612337
152725604 57648255
152725604 57849044
152725604 152580666
152725604 152477831
152725604 46910344
152725604 210282230
152725604 44758577
152725604 81499781
152725604 57643298
152725604 581047076
152725604 601610112
152725604 58160930
152725604 57652965
152725604 57647942
152725604 111615117
152725604 57589939
152725604 57648520
152725604 24277990
152725604 152479912
152725604 95747277
152725604 57648470
152725604 152931620
152725604 57644933
152725604 50605025
152725604 152601238
152725604 210192219
152725604 57749727
152725604 105853043
152725604 58441584
152725604 58441667
152725604 57652330
152725604 57848927
152725604 38778014
130044107 57643355
130044107 57645810
130044107 145457024
130044107 152581342
130044107 57649097
130044107 57645081
130044107 2532933
130044107 152933468
130044107 96881630
130044107 32329862
130044107 34308811
130044107 57647065
130044107 57645959
130044107 57646368
130044107 58441566
130044107 57644785
130044107 833380001
130044107 57599460
130044107 25612337
130044107 57648255
130044107 128501305
130044107 57849044
130044107 152477831
130044107 46910344
130044107 210282230
130044107 54154611
130044107 580914108
130044107 81499781
130044107 57643298
130044107 57647152
130044107 58160930
130044107 44759548
130044107 57652965
130044107 102326066
130044107 111615117
130044107 57589939
130044107 57648520
130044107 24277990
130044107 95747277
130044107 57648470
130044107 152931620
130044107 57644933
130044107 50605025
130044107 210192219
130044107 29313691
130044107 57749727
130044107 105853043
130044107 58441584
130044107 57652330
130044107 57848927
130044107 38778014
581187645 57643355
581187645 152725604
581187645 57647152
581187645 29313691
581187645 111615117
51039327 57643355
51039327 130044107
51039327 152581342
51039327 133020838
51039327 57645081
51039327 57644548
51039327 57646368
51039327 152725604
51039327 58156246
51039327 58441566
51039327 28320626
51039327 57644785
51039327 57599460
51039327 57648255
51039327 128501305
51039327 57849044
51039327 58160930
51039327 44759548
51039327 57652965
51039327 57647942
51039327 111615117
51039327 57589939
51039327 95747277
51039327 57648470
51039327 812485899
51039327 58441584
51039327 57848927
51039327 38778014
58156246 57643355
58156246 210192636
58156246 57645810
58156246 44758805
58156246 130044107
58156246 133020838
58156246 57649097
58156246 57645081
58156246 57644548
58156246 2532933
58156246 152933468
58156246 152669081
58156246 96881630
58156246 34308811
58156246 23926364
58156246 57647065
58156246 57645959
58156246 57646368
58156246 152725604
58156246 58441566
58156246 28320626
58156246 57644785
58156246 8673978
58156246 57599460
58156246 25612337
58156246 57648255
58156246 128501305
58156246 582195599
58156246 57849044
58156246 152580666
58156246 57649973
58156246 210282230
58156246 580914108
58156246 81499781
58156246 57643298
58156246 57647152
58156246 58160930
58156246 44759548
58156246 57652965
58156246 57647942
58156246 111615117
58156246 57589939
58156246 57648520
58156246 24277990
58156246 57648470
58156246 152931620
58156246 57644933
58156246 50605025
58156246 152601238
58156246 29313691
58156246 57749727
58156246 105853043
58156246 58441584
58156246 58441667
58156246 57652330
58156246 57848927
58156246 38778014
