152576012 155827563
152576012 152515600
152576012 101699254
152576012 57643678
152576012 32842064
152576012 57650316
155827563 101699254
155827563 7700415
155827563 152576012
152581133 32842064
82435733 26071832
82435733 57643678
82435733 152567851
82435733 58013996
82435733 50619300
82435733 152941574
82435733 32842064
152512617 210244787
210191345 32842064
582083878 152630194
582083878 152674931
582083878 50619300
105157453 12695898
105157453 32842064
32842064 21428347
32842064 57643678
32842064 152630194
32842064 298858871
32842064 58129557
32842064 152523444
32842064 210191345
32842064 221419704
32842064 56903000
32842064 58079507
32842064 57994025
32842064 112564841
32842064 152581133
32842064 152930330
32842064 582192283
32842064 65314703
32842064 152595162
32842064 145458515
32842064 501147854
32842064 44759777
32842064 152655224
32842064 44755072
32842064 101699254
32842064 152934350
32842064 58163137
32842064 57645188
32842064 82435733
32842064 105157453
32842064 152674931
32842064 582380142
32842064 152632333
32842064 149772583
32842064 30450976
32842064 57647773
32842064 74691020
32842064 7700415
32842064 50619300
32842064 152511368
32842064 155815521
32842064 81478232
32842064 57653178
32842064 175152321
32842064 107673796
32842064 152576012
32842064 108055346
32842064 152567851
32842064 26071832
32842064 152574985
32842064 152515600
32842064 210276969
32842064 152576764
32842064 601615678
32842064 57650316
152930330 56903000
152930330 57653178
152930330 152689159
152930330 152567851
152930330 210244787
152930330 32842064
152930330 57650316
50619300 82435733
50619300 582083878
50619300 210244787
50619300 152576012
50619300 32842064
50619300 57650316
298830332 7700415
152630194 582083878
152630194 152511368
152630194 32842064
30450976 32842064
30450976 58381306
152933844 57645188
152933844 210244787
152933844 58013996
74691020 152511368
74691020 108055346
74691020 112564841
74691020 57645188
74691020 57994025
74691020 65314703
74691020 210244787
74691020 81478232
74691020 32842064
74691020 57650316
149772583 57647773
149772583 32842064
58079507 221419704
58079507 152567851
58079507 32842064
81478232 74691020
81478232 80439611
81478232 57653178
81478232 145458515
81478232 152567851
81478232 501147854
81478232 32842064
130358191 58381306
152934350 57645188
152934350 7700415
152934350 32842064
152632333 32842064
152632333 57650316
65314703 74691020
65314703 57645188
65314703 81478232
65314703 32842064
152941574 58381306
152523444 57653178
152523444 57994025
152523444 152595162
152523444 32842064
210276969 152689159
210276969 57645188
210276969 210244787
210276969 32842064
152511368 152630194
152511368 74691020
152511368 152689159
152511368 501147854
152511368 175152321
152511368 12695898
152511368 57647773
152511368 32842064
152511368 57650316
581001666 175152321
582380142 32842064
582380142 152576764
152674931 582083878
152674931 26071832
152674931 58013996
152674931 32842064
210191116 57650316
145458515 7700415
145458515 81478232
145458515 32842064
21428347 101699254
21428347 7700415
21428347 108055346
21428347 32842064
107673796 32842064
501147854 152511368
501147854 81478232
501147854 32842064
152567851 221419704
152567851 82435733
152567851 152515600
152567851 57643678
152567851 58079507
152567851 175152321
152567851 57994025
152567851 152930330
152567851 81478232
152567851 32842064
152567851 57650316
58163137 57643678
58163137 57994025
58163137 152689159
58163137 57653178
58163137 32842064
152689159 57643678
152689159 210276969
152689159 152511368
152689159 175152321
152689159 152930330
152689159 145458515
152689159 58163137
152689159 57650316
152689159 58381306
44755072 108055346
44755072 32842064
44755072 57650316
152576764 582380142
152576764 32842064
108055346 44755072
108055346 74691020
108055346 32842064
582192283 32842064
112564841 74691020
112564841 7700415
112564841 32842064
112564841 57650316
152515600 152567851
152515600 152576012
152515600 32842064
210244787 74691020
210244787 210276969
210244787 152933844
210244787 57645188
210244787 152512617
210244787 175152321
210244787 152930330
210244787 152595162
210244787 50619300
210244787 57647773
210244787 57650316
210185744 57645188
210185744 175152321
210185744 57650316
152574985 108055346
152574985 32842064
152574985 58381306
80439611 57645188
80439611 175152321
80439611 81478232
175162490 152576012
175162490 32842064
57994025 221419704
57994025 57653178
57994025 74691020
57994025 57643678
57994025 152523444
57994025 152567851
57994025 58163137
57994025 32842064
57994025 57650316
155815521 32842064
57645188 210185744
57645188 57653178
57645188 74691020
57645188 57643678
57645188 152934350
57645188 210276969
57645188 152933844
57645188 65314703
57645188 80439611
57645188 210244787
57645188 32842064
57645188 57650316
298858871 32842064
57643678 44755072
57643678 152689159
57643678 82435733
57643678 152567851
57643678 57645188
57643678 57994025
57643678 152576012
57643678 57647773
57643678 58163137
57643678 32842064
57643678 57650316
12695898 105157453
44759777 32842064
152595162 152523444
152595162 210244787
152595162 32842064
152595162 57650316
7700415 26071832
7700415 152934350
7700415 155827563
7700415 112564841
7700415 298830332
7700415 58013996
7700415 145458515
7700415 21428347
7700415 32842064
7700415 58381306
152619588 57650316
152619588 58381306
58129557 32842064
221419704 57653178
221419704 26071832
221419704 58079507
221419704 152567851
221419704 57994025
221419704 32842064
221419704 57650316
58013996 57653178
58013996 82435733
58013996 152933844
58013996 7700415
57650316 57647773
57650316 57643678
57650316 57994025
57650316 175152321
57650316 74691020
57650316 221419704
57650316 152689159
57650316 152567851
57650316 112564841
57650316 32842064
57650316 57645188
57650316 44755072
57650316 152595162
57650316 50619300
57650316 152655224
57650316 152619588
57650316 57653178
57650316 210185744
57650316 152511368
57650316 152576012
57650316 210191116
57650316 210244787
57650316 152930330
57650316 152632333
57653178 221419704
57653178 152523444
57653178 57645188
57653178 57994025
57653178 152930330
57653178 58013996
57653178 58163137
57653178 81478232
57653178 32842064
57653178 57650316
58381306 152619588
58381306 7700415
58381306 130358191
58381306 30450976
26071832 82435733
26071832 7700415
26071832 32842064
101699254 32842064
175152321 210185744
175152321 152689159
175152321 152511368
175152321 581001666
175152321 152567851
175152321 80439611
175152321 210244787
175152321 32842064
175152321 57650316
152655224 32842064
152655224 57650316
57647773 149772583
57647773 57643678
57647773 210244787
57647773 152511368
57647773 56903000
57647773 32842064
57647773 57650316
56903000 152930330
56903000 57647773
56903000 32842064
