57069198 401078881
57069198 299380883
57069198 665992651
57069198 44936972
57069198 50907350
57069198 57070153
57069198 54675749
57069198 216084886
57069198 57069047
57069198 388139500
45496923 401078881
45496923 54675749
45496923 216084886
45496923 50907350
57068921 45238514
44936972 57069198
44936972 50907350
44936972 45238514
665978741 665992651
642317967 591398170
57070466 501670301
602534987 50907350
602534987 54675749
665992651 299380883
665992651 665978741
665992651 57069198
665992651 57070153
665992651 602511046
45238514 602531261
45238514 44936972
45238514 57068921
45238514 57070153
45238514 50907350
45238514 54675749
57069047 57069198
57069047 54675749
54675749 602534987
54675749 57069198
54675749 57070153
54675749 57069047
54675749 45496923
54675749 45497367
54675749 45238514
54675749 50907350
50907350 401078881
50907350 299380883
50907350 602552472
50907350 57069198
50907350 666004417
50907350 57068921
50907350 57070153
50907350 45238514
50907350 54675749
57070153 401078881
57070153 299380883
57070153 665992651
57070153 45238514
57070153 50907350
57070153 57069198
57070153 54675749
299380883 665992651
299380883 50907350
299380883 57069198
299380883 57070153
299380883 54675749
299531251 216084886
155816958 45238514
155816958 50907350
401078881 602511046
401078881 45496923
401078881 57070153
401078881 57069198
401078881 50907350
15546785 591398170
602511046 401078881
602511046 665992651
666004417 50907350
45497367 54675749
