98487816 152927200
152907897 152927200
42644250 152565998
152850291 152927200
152850291 152631605
152850291 24567224
152850291 152565998
601610825 152927200
601610825 98487816
152688626 152565998
82396275 152927200
24567224 152850291
24567224 128946748
635653053 152927200
214891535 152927200
152919773 152565998
152927200 152907897
44757776 57647958
44757776 152927200
44757776 128946748
44757776 152565998
58424071 152927200
128946748 44757776
128946748 24567224
152631605 57647958
152631605 152565998
7556079 501125965
501125965 152927200
152898569 152927200
152937759 152565998
57647958 44757776
57647958 152631605
57647958 152565998
152565998 57647958
152565998 152850291
152565998 44757776
152565998 152631605
