34022639 581322504
34022639 580905508
34022639 57648966
34022639 35250404
34022639 152731456
34022639 57649862
34022639 152481470
34022639 152857359
34022639 152575646
34022639 12249978
152481470 581322504
152481470 57646974
152481470 34022639
152481470 12249978
152797859 54912254
152797859 57648966
152797859 57646974
152797859 152481470
54912254 581022408
54912254 581322504
54912254 57648966
54912254 35250404
54912254 57646974
54912254 145458627
54912254 152797859
54912254 152575646
54912254 210186082
54912254 57649862
54912254 12249978
12249978 580905508
12249978 57649862
12249978 57646974
12249978 48681826
12249978 35250404
12249978 34022639
12249978 659077955
12249978 83581680
12249978 57648966
12249978 152857359
12249978 54912254
12249978 152731456
12249978 581322504
12249978 210186082
12249978 152575646
581022408 54912254
581022408 57649862
58001200 57648966
58001200 57646974
57649862 581022408
57649862 581322504
57649862 210185834
57649862 57648966
57649862 57646974
57649862 34022639
57649862 300275158
57649862 145458627
57649862 152575646
57649862 54912254
57649862 12249978
580905508 152731456
580905508 34022639
580905508 210186082
580905508 12249978
300275158 57648966
210185834 57648966
210185834 57649862
210185834 12249978
210186082 581322504
210186082 54912254
210186082 580905508
210186082 57648966
210186082 152731456
210186082 57646974
210186082 12249978
152731456 580905508
152731456 57648966
152731456 57646974
152731456 34022639
152731456 210186082
152731456 12249978
152575646 57648966
152575646 57646974
152575646 34022639
152575646 145458627
152575646 12249978
57648966 48729042
57648966 83581680
57648966 581322504
57648966 54912254
57648966 210185834
57648966 58001200
57648966 35250404
57648966 152731456
57648966 175162620
57648966 57646974
57648966 34022639
57648966 300275158
57648966 152797859
57648966 152686018
57648966 57649862
57648966 152481470
57648966 152575646
57648966 210186082
57648966 12249978
35250404 83581680
35250404 298859323
35250404 581322504
35250404 54912254
35250404 57648966
35250404 57646974
35250404 34022639
35250404 152857359
35250404 12249978
83581680 57648966
83581680 35250404
83581680 57646974
83581680 12249978
48681826 57646974
48681826 12249978
298859323 35250404
175162620 12249978
57646974 83581680
57646974 48681826
57646974 581322504
57646974 54912254
57646974 659077955
57646974 58001200
57646974 57648966
57646974 35250404
57646974 152731456
57646974 152797859
57646974 57649862
57646974 152481470
57646974 152575646
57646974 210186082
57646974 12249978
145458627 54912254
145458627 57649862
145458627 152575646
581322504 57646974
581322504 210186082
581322504 12249978
48729042 57648966
152857359 35250404
152857359 34022639
152857359 12249978
152686018 57648966
659077955 57646974
659077955 12249978
