602513367 57068347
602513367 23034324
57067948 57068347
57067948 395953977
57067948 57070711
57067948 57070422
57067948 634210479
57067948 23034324
57069232 57068347
57069232 395953977
57069232 57070711
57069232 57070422
57069232 54317642
57069232 634210479
57069232 518351965
57069232 666017385
57070422 57068347
57070422 395953977
57070422 57069232
57070422 833628027
57070422 23034324
57070422 666017385
57070694 395953977
23034324 602513367
23034324 57068347
23034324 747213070
23034324 57069462
23034324 57243352
23034324 206719635
23034324 54636854
23034324 298850428
23034324 57067948
23034324 351404710
54317642 57068347
54317642 206719635
54317642 23034324
502270074 402938601
836611642 57069462
634210479 57068347
634210479 57067948
634210479 57069232
209878731 81761389
351404710 23034324
57494675 57068347
57494675 395953977
57494675 57243352
57494675 23034324
31432437 69101204
665984144 23034324
156733826 69101204
57068347 57070422
57068347 57069462
57068347 634210479
57068347 602552838
57068347 206719635
57068347 54636854
57068347 23034324
57068347 57067948
57068347 57494675
81761389 57068347
81761389 209878731
2667429 23034324
608294548 23034324
163890079 23034324
57070711 57068347
57070711 57067948
57070711 634143470
57070711 57069232
298850428 23034324
395953977 54636854
395953977 57069232
518351965 833628027
747213070 23034324
206719635 23034324
57069462 54636854
57069462 23034324
669065743 69101204
57243352 57494675
57243352 23034324
747217862 57068347
747217862 395953977
666017385 57069232
666017385 57070422
666017385 57070711
54636854 57068347
54636854 395953977
54636854 23034324
738312591 23034324
