58330918 152930843
58330918 147911734
58330918 57648628
58330918 16523641
581990919 57648628
80878178 57648628
7078986 80878178
128418862 57648628
216084937 421466135
205891060 57648628
152726757 57648628
128732269 57648628
298851362 57648628
152930843 58330918
152930843 57648628
421476912 80878178
34235421 2264373
147911734 52583653
147911734 58330918
147911734 57648628
147911734 16523641
147911734 132132941
371024169 57648628
371024169 16523641
44753162 57648628
57648628 44753162
57648628 252476893
57648628 128732269
57648628 581990919
57648628 152726757
57648628 80878178
57648628 205891060
57648628 9287257
57648628 298851362
57648628 225643553
57648628 57653047
57648628 147911734
57648628 58330918
57648628 152930843
57648628 421466135
57648628 132132941
57648628 128418862
58280256 57648628
2264373 57648628
2264373 421466135
2264373 34235421
132132941 147911734
132132941 57648628
421466135 57648628
421466135 16523641
421466135 2264373
128948236 9287257
252476893 57648628
57653047 57648628
9287257 52583653
9287257 57648628
9287257 128948236
298851199 52583653
298851199 57648628
16523641 152930843
16523641 57648628
16523641 421466135
16523641 371024169
16523641 2264373
16523641 128418862
225643553 57648628
52583653 9287257
52583653 147911734
52583653 152930843
52583653 298851199
52583653 57648628
