742749816 151069737
742749816 163799869
175207854 368716002
175207854 151069737
175207854 163799869
528862190 163799869
528862190 151069737
528862190 3679239
307538701 151069737
307538701 163799869
163799869 151069737
163799869 55566346
163799869 742749816
163799869 368716002
163799869 3679239
163799869 528862190
211001179 3679239
211001179 151069737
211001179 55566346
211001179 163799869
151069737 55566346
151069737 211008769
151069737 163799869
161480546 163799869
161480546 151069737
3679239 528862190
3679239 55566346
3679239 211001179
3679239 151069737
3679239 742749816
3679239 163799869
368716002 175207854
368716002 163799869
368716002 151069737
820181426 151069737
662841014 151069737
211008769 55566346
211008769 151069737
55566346 151069737
55566346 163799869
299517221 163799869
299517221 151069737
