643786696 152926174
643786696 298831316
643786696 357564168
643786696 38636995
643786696 107476941
643786696 16523641
643786696 421498129
643786696 28006988
643786696 152567527
643786696 6928887
643786696 833308775
643786696 252043380
643786696 215747976
85242493 16523641
833308775 643786696
833308775 89063176
833308775 252043380
833308775 193398101
152435673 64671325
152435673 58136839
152435673 357564168
152435673 16523641
152435673 254993545
152435673 13139115
152435673 19285426
89063176 685630314
89063176 833308775
89063176 16523641
89063176 107476941
58362041 16523641
152933989 38636995
152933989 107476941
152933989 16523641
152933989 19285426
32633090 152815208
32633090 152937218
32633090 357564168
33585627 107476941
152915391 38636995
152915391 107476941
152915391 28006988
833325697 643624237
833325697 357564168
833325697 16523641
62031354 685630314
62031354 64671325
62031354 174202604
62031354 152926174
62031354 357564168
62031354 38636995
62031354 107476941
62031354 16523641
62031354 152567527
62031354 193398101
62031354 215747976
58136839 152435673
58136839 16523641
58136839 19285426
152567527 38636995
152567527 357564168
152567527 643786696
152567527 152926174
152567527 16523641
152567527 62031354
152567527 215747976
252043380 152926174
252043380 107476941
252043380 64671325
252043380 685630314
252043380 97137345
252043380 19285426
252043380 643624237
252043380 6928887
252043380 38636995
252043380 50634850
252043380 421498129
252043380 49264785
252043380 16523641
252043380 57602221
252043380 58184117
252043380 193398101
252043380 643786696
252043380 833308775
421476799 57602221
421476799 58479171
705071895 357564168
152725679 64671325
152725679 38636995
4364419 83643415
20873267 58184117
152926174 569559198
152926174 64671325
152926174 29648501
152926174 643786696
152926174 298831316
152926174 357564168
152926174 57602221
152926174 38636995
152926174 107239727
152926174 107476941
152926174 152567527
152926174 19285426
152926174 13139115
152926174 215747976
152926174 252043380
152926174 193398101
9023080 16523641
9023080 13139115
9023080 207069939
9023080 58184117
9023080 6928887
9023080 357564168
9023080 361298664
9023080 107476941
9023080 38636995
9023080 97137345
298849063 569559198
298849063 9023080
298849063 16523641
215747976 643786696
215747976 38636995
215747976 357564168
215747976 107476941
199822511 16523641
199822511 13139115
38636995 152926174
38636995 57602221
38636995 152915391
38636995 29648501
38636995 298831316
38636995 152725679
38636995 50634850
38636995 643786696
38636995 357564168
38636995 64671325
38636995 152933989
38636995 62031354
38636995 107476941
38636995 16523641
38636995 254993545
38636995 152567527
38636995 19285426
38636995 9023080
38636995 215747976
38636995 193398101
38636995 252043380
164356433 57769340
164356433 741570171
164356433 16523641
569559198 16523641
50634850 38636995
50634850 421472088
50634850 16523641
50634850 252043380
69748230 163026514
69748230 357564168
69748230 421472088
69748230 16523641
69748230 19285426
69748230 13139115
69748230 9023080
57584615 58136839
57584615 152435673
208394215 421498129
208394215 58184117
298831316 357564168
298831316 38636995
357564168 152815208
357564168 152926174
357564168 64671325
357564168 298831316
357564168 643786696
357564168 174202604
357564168 685630314
357564168 38636995
357564168 107476941
357564168 9023080
357564168 215747976
357564168 193398101
33180203 357564168
33180203 16523641
19285426 38636995
19285426 6928887
19285426 29648501
19285426 28006988
19285426 107476941
19285426 152933989
19285426 685630314
19285426 152435673
19285426 207069939
19285426 357564168
19285426 58136839
19285426 64671325
19285426 13139115
19285426 215747976
19285426 97137345
19285426 252043380
152670152 357564168
122856780 601763959
122856780 685630314
122856780 357564168
122856780 16523641
152932992 13139115
57602221 152926174
57602221 421476799
57602221 38636995
57602221 107476941
57602221 16523641
57602221 252043380
421472088 50634850
421472088 69748230
13139115 643624237
13139115 16523641
13139115 357564168
13139115 19285426
13139115 9023080
13139115 97137345
107476941 38636995
107476941 29648501
107476941 57602221
107476941 152933989
107476941 252476893
107476941 152915391
107476941 152937218
107476941 33585627
107476941 357564168
107476941 685630314
107476941 152926174
107476941 89063176
107476941 62031354
107476941 421492765
107476941 643786696
107476941 16523641
107476941 421498129
107476941 28006988
107476941 19285426
107476941 9023080
107476941 215747976
107476941 193398101
107476941 252043380
193398101 107476941
193398101 38636995
193398101 9023080
193398101 643786696
193398101 833308775
193398101 62031354
193398101 16523641
193398101 13139115
193398101 357564168
193398101 152926174
193398101 254993545
193398101 215747976
193398101 252043380
6928887 643786696
6928887 64671325
6928887 685630314
6928887 16523641
6928887 252043380
6928887 9023080
83597376 357564168
83597376 16523641
83597376 9023080
29648501 38636995
29648501 107476941
29648501 28006988
29648501 19285426
58267132 357564168
58267132 16523641
421492765 107476941
421492765 357564168
421498129 16523641
421498129 208394215
421498129 107476941
421498129 254993545
421498129 685630314
421498129 152670152
421498129 52580621
421498129 643786696
421498129 152815208
421498129 58184117
421498129 27992331
421498129 252043380
421498129 9023080
421498129 13139115
107239727 152926174
107239727 357564168
97137345 9023080
97137345 252043380
741570171 164356433
58184117 298856209
58184117 208394215
58184117 20873267
58184117 421498129
58184117 252043380
58184117 9023080
207069939 685630314
207069939 361298664
207069939 16523641
207069939 9023080
52580621 421498129
446679123 357564168
64938055 685630314
685630314 152926174
685630314 89063176
685630314 601763959
685630314 64671325
685630314 122856780
685630314 357564168
685630314 207069939
685630314 64938055
685630314 107476941
685630314 421498129
685630314 6928887
685630314 19285426
685630314 252043380
685630314 97137345
685630314 9023080
49264785 357564168
49264785 252043380
49264785 16523641
49264785 58184117
58479171 421476799
93100069 357564168
252476893 107476941
152502789 569559198
152502789 58121746
28006988 16523641
28006988 29648501
28006988 107476941
28006988 152915391
28006988 357564168
28006988 643786696
28006988 643624237
28006988 19285426
28006988 215747976
28006988 97137345
16523641 83643415
16523641 62031354
16523641 89063176
16523641 38636995
16523641 33180203
16523641 357564168
16523641 152933989
16523641 164356433
16523641 298849063
16523641 57769340
16523641 207069939
16523641 298856209
16523641 643786696
16523641 50634850
16523641 107476941
16523641 152926174
16523641 58267132
16523641 833325697
16523641 152435673
16523641 57602221
16523641 298831316
16523641 49264785
16523641 569559198
16523641 152815208
16523641 58362041
16523641 254993545
16523641 28006988
16523641 152567527
16523641 6928887
16523641 13139115
16523641 9023080
16523641 193398101
16523641 252043380
601763959 685630314
152937218 152933989
152937218 32633090
152937218 357564168
152937218 107476941
254993545 152435673
254993545 16523641
254993545 97137345
57769340 16523641
64671325 122856780
64671325 152725679
64671325 685630314
64671325 357564168
64671325 62031354
64671325 6928887
64671325 19285426
64671325 215747976
64671325 252043380
152815208 32633090
152815208 357564168
152815208 16523641
152815208 421498129
643624237 833325697
643624237 28006988
643624237 252043380
643624237 13139115
27992331 421498129
83643415 4364419
83643415 16523641
174202604 357564168
