634025072 58084784
28662954 65504587
28662954 67521681
28662954 33213842
28662954 61933146
28662954 58084784
28662954 57646137
28662954 84590162
28662954 152702364
28662954 31383610
28662954 3363231
28662954 57644404
152595999 58084784
175145531 210186850
175145531 833343668
175145531 3363231
175145531 581480180
175145531 65328826
175145531 138582357
175145531 128732880
175145531 58084784
175145531 129267210
175145531 57993963
33213842 57649680
33213842 3363231
33213842 58084784
33213842 28662954
538553862 152797276
538553862 58084784
57644404 582668888
57644404 57649680
57644404 152878781
57644404 57599468
57644404 31383610
57644404 581976811
57644404 65328826
57644404 57646137
57644404 58084784
57644404 129267210
57644404 135048203
57644404 65504587
57644404 28662954
57649680 84590162
57649680 31383610
57649680 152579873
57649680 138582357
57649680 57646137
57649680 11300870
57649680 152919221
57649680 58084784
57649680 581144197
57649680 57644404
57649680 67521681
37642627 58084784
37642627 67521681
210186179 58084784
210186179 581144197
210186179 57993963
210186179 67521681
57599468 58084784
57599468 57644404
155874025 58084784
44759945 34196222
44759945 128732880
44759945 134515296
44759945 58415696
44759945 177184544
505473982 58084784
582668888 57644404
582668888 58084784
124518677 58084784
56946171 58084784
56946171 177184544
128732880 37642627
128732880 210186850
128732880 152579873
128732880 582148461
128732880 175145531
128732880 135048203
128732880 44759945
138582357 57649680
138582357 175145531
210209736 58084784
210209736 57643578
34196222 152878781
34196222 3363231
34196222 152579873
34196222 57646137
34196222 135048203
34196222 44759945
34196222 65504587
11300870 57649680
11300870 129633327
11300870 152919221
11300870 58084784
11300870 65504587
57643578 210209736
57643578 152727920
57643578 152919221
57643578 67521681
67521681 210186179
67521681 57649680
67521681 210186850
67521681 3363231
67521681 31383610
67521681 57646137
67521681 58084784
67521681 135048203
67521681 61933146
67521681 215713841
67521681 57643578
67521681 28662954
58415696 135048203
58415696 44759945
215713841 128732880
215713841 58084784
215713841 67521681
581144197 210186179
581144197 57649680
581144197 58084784
134515296 57565582
134515296 58084784
134515296 124518677
134515296 135048203
134515296 44759945
581480180 84590162
581480180 152808701
581480180 210190999
581480180 833343668
581480180 58084784
581480180 175145531
581480180 67521681
57646137 34196222
57646137 57649680
57646137 31383610
57646137 58084784
57646137 129267210
57646137 57644404
57646137 135048203
57646137 67521681
57646137 28662954
152727920 57643578
3363231 34196222
3363231 33213842
3363231 31383610
3363231 58084784
3363231 175145531
3363231 65504587
3363231 67521681
3363231 28662954
84590162 58084784
84590162 28662954
129267210 152878781
129267210 57646137
129267210 58084784
129267210 57644404
129267210 175145531
57993963 210186179
57993963 57565582
57993963 175145531
834883746 152919221
834883746 58084784
168896673 58084784
177184544 56946171
177184544 58084784
177184544 44759945
177184544 152702364
582148461 128732880
582148461 135048203
152878781 34196222
152878781 128732880
152878781 129267210
152878781 57644404
572498570 67521681
61933146 58084784
61933146 67521681
61933146 28662954
581862766 58084784
152797276 58084784
298837837 58084784
152579873 34196222
152579873 57649680
152579873 128732880
152808701 581480180
152808701 58084784
581976811 135048203
581976811 57644404
582399024 58084784
210186850 128732880
210186850 175145531
210186850 152702364
210186850 67521681
152603324 58084784
129633327 11300870
129633327 58084784
135048203 34196222
135048203 31383610
135048203 581976811
135048203 57646137
135048203 128732880
135048203 134515296
135048203 582148461
135048203 58415696
135048203 67521681
65504587 34196222
65504587 3363231
65504587 11300870
65504587 58084784
65504587 57644404
65504587 152702364
65504587 67521681
65504587 28662954
152919221 57649680
152919221 58084784
152919221 834883746
152919221 57643578
152700797 58084784
152700797 58415696
65328826 11300870
65328826 56946171
65328826 58084784
65328826 57644404
65328826 175145531
152956036 58084784
152956036 582148461
57565582 134515296
57565582 58084784
57565582 57993963
58084784 210209736
58084784 84590162
58084784 152700797
58084784 168896673
58084784 210186179
58084784 582668888
58084784 37642627
58084784 538553862
58084784 57649680
58084784 582399024
58084784 33213842
58084784 155874025
58084784 57599468
58084784 129633327
58084784 152603324
58084784 31383610
58084784 581480180
58084784 298837837
58084784 57646137
58084784 57565582
58084784 11300870
58084784 152919221
58084784 56946171
58084784 134515296
58084784 634025072
58084784 129267210
58084784 124518677
58084784 581144197
58084784 57644404
58084784 175145531
58084784 581862766
58084784 152702364
58084784 61933146
58084784 177184544
58084784 215713841
58084784 152956036
58084784 65504587
58084784 67521681
58084784 28662954
210190999 581480180
833343668 175145531
833343668 58084784
31383610 57649680
31383610 3363231
31383610 58084784
31383610 57644404
31383610 135048203
31383610 67521681
31383610 28662954
152702364 210186850
152702364 58084784
152702364 177184544
152702364 65504587
152702364 28662954
