785137344 152678682
130251827 152678682
130251827 54285761
152474403 152694096
152474403 152878494
100450800 6969430
677604344 58334518
677604344 54285761
677604344 6969430
79959462 152678682
79959462 31815906
5819288 152678682
61302929 58027273
70420468 152678682
70420468 45161849
70420468 6969430
223877782 6969430
45223053 57607083
45223053 6156931
45163627 57607083
45163627 205885271
45163627 152678682
45163627 45161849
45163627 6969430
45163627 6876133
328275483 6969430
58334518 57607083
58334518 205885271
58334518 31815906
58334518 45161849
58334518 677604344
58334518 28104089
58334518 128732330
58334518 6969430
58334518 6876133
58334518 328275483
6876133 79959462
6876133 6969430
6876133 57607083
6876133 45161849
6876133 31815906
6876133 205885271
6876133 12297225
6876133 6156931
6876133 45163627
6876133 58334518
6876133 58027273
6876133 152678682
57848770 57607083
57848770 152678682
57848770 6969430
677552686 152678682
82130245 57607083
82130245 6876133
54285761 128732330
54285761 677604344
54285761 6156931
54285761 45161849
54285761 130251827
54285761 6969430
54285761 45223053
152694096 152474403
36656058 6969430
6969430 28104089
283564098 6969430
38923011 6876133
38923011 57607083
384409000 6969430
45344577 6969430
83473905 64761816
83473905 58027273
83473905 6969430
45354349 6969430
449213978 6969430
52571869 6969430
421464876 806259393
421464876 6969430
205891000 6969430
71299930 58027273
56568961 58027273
45161849 57607083
45161849 158158671
45161849 152678682
45161849 31815906
45161849 45163627
45161849 58334518
45161849 70420468
45161849 6876133
152878494 152474403
57579250 6969430
58488737 58027273
58488737 6969430
421466321 58027273
57607083 82130245
57607083 205885271
57607083 12297225
57607083 152678682
57607083 31815906
57607083 6156931
57607083 21343473
57607083 45161849
57607083 45163627
57607083 58334518
57607083 57848770
57607083 6969430
57607083 38923011
57607083 6876133
57607083 45223053
2264373 6969430
828447772 6969430
55243852 6969430
28104089 58334518
28104089 6969430
58027273 64761816
58027273 31815906
58027273 61302929
58027273 756509312
58027273 677138770
58027273 21343473
58027273 56568961
58027273 83473905
58027273 6876133
58027273 58488737
58027273 71299930
58027273 9917729
58027273 421466321
205885271 57607083
205885271 152678682
205885271 6156931
205885271 45163627
205885271 58334518
205885271 31815906
205885271 6969430
205885271 6876133
6156931 57607083
6156931 205885271
6156931 6969430
6156931 6876133
6156931 45223053
58183767 6969430
12297225 57607083
12297225 6969430
12297225 6876133
152678682 57607083
152678682 205885271
152678682 158158671
152678682 785137344
152678682 5819288
152678682 45161849
152678682 54340677
152678682 130251827
152678682 79959462
152678682 45163627
152678682 205891000
152678682 52571869
152678682 28104089
152678682 677552686
152678682 57848770
152678682 70420468
152678682 6969430
152678682 6876133
152678682 328275483
152678682 601931318
64761816 58254787
64761816 58027273
64761816 6969430
21343473 57607083
21343473 58027273
21343473 6969430
21343473 54285761
58254787 64761816
677138770 58027273
677138770 6969430
528348709 6969430
31815906 57607083
31815906 58027273
31815906 45161849
31815906 79959462
31815906 58334518
31815906 205885271
31815906 6969430
31815906 6876133
806259393 421464876
601931318 152678682
9917729 58027273
756509312 58027273
158158671 45161849
158158671 6969430
158158671 128732330
