359336378 85051847
359336378 44760098
359336378 57647401
359336378 57648381
359336378 57646960
359336378 54286357
359336378 120645906
359336378 210223538
359336378 41040270
359336378 57588199
359336378 40014311
359336378 57650655
359336378 57649921
359336378 25024383
359336378 152674190
359336378 57652703
359336378 76432625
359336378 175151561
359336378 57644785
359336378 57993830
359336378 57651678
359336378 57649945
359336378 57651982
359336378 57646081
359336378 607870443
359336378 57651647
359336378 57647123
359336378 58152370
359336378 57646565
359336378 57643891
359336378 57650644
359336378 13824539
359336378 57649259
359336378 57652718
359336378 57652570
359336378 57650754
359336378 57649402
359336378 57648269
359336378 57652330
58152370 85051847
58152370 19231590
58152370 57647401
58152370 57648381
58152370 57646960
58152370 54286357
58152370 359336378
58152370 120645906
58152370 210223538
58152370 41040270
58152370 57588199
58152370 40014311
58152370 57650655
58152370 25024383
58152370 152674190
58152370 57652703
58152370 76432625
58152370 175151561
58152370 57644785
58152370 57993830
58152370 57651678
58152370 57649945
58152370 57651982
58152370 57646081
58152370 607870443
58152370 57651647
58152370 57647123
58152370 152436388
58152370 57646565
58152370 57643891
58152370 57650644
58152370 13824539
58152370 57649259
58152370 57652718
58152370 57652570
58152370 57650754
58152370 57649402
58152370 57652330
57647401 57650232
57647401 85051847
57647401 44760098
57647401 57648381
57647401 57646960
57647401 54286357
57647401 359336378
57647401 120645906
57647401 210223538
57647401 41040270
57647401 57588199
57647401 40014311
57647401 57650655
57647401 57649921
57647401 25024383
57647401 152674190
57647401 57652703
57647401 76432625
57647401 175151561
57647401 57644785
57647401 57993830
57647401 57651678
57647401 57649945
57647401 57651982
57647401 57646081
57647401 57651647
57647401 57647123
57647401 58152370
57647401 57646565
57647401 57643891
57647401 57650644
57647401 13824539
57647401 57649259
57647401 57652718
57647401 57652570
57647401 57650754
57647401 57649402
57647401 57648269
57647401 57652330
57649402 57649259
57649402 40014311
57649402 57646960
57649402 57993830
57649402 57588199
57649402 359336378
57649402 57643891
57649402 58152370
57649402 57644785
57649402 76432625
57649402 57646081
57649402 57647401
57649402 57649945
57649402 57650754
57649402 57646565
57649402 85051847
57649402 44760098
57649402 25024383
57649402 57648381
57649402 19231590
57649402 13824539
57649402 57650232
57649402 210223538
57649402 57650644
57649402 57649921
57649402 57650655
57649402 120645906
57649402 607870443
57649402 57651678
57649402 57652718
57649402 44750371
57649402 57651982
57649402 57651647
57649402 57647123
57649402 54286357
57649402 41040270
57649402 57652703
57649402 152674190
57649402 175151561
57649402 57652570
57649402 57648269
57649402 58419253
57649402 57652330
57646565 85051847
57646565 57647401
57646565 57648381
57646565 57646960
57646565 54286357
57646565 359336378
57646565 120645906
57646565 210223538
57646565 41040270
57646565 57588199
57646565 40014311
57646565 57650655
57646565 25024383
57646565 152674190
57646565 57652703
57646565 76432625
57646565 185844661
57646565 175151561
57646565 57644785
57646565 57993830
57646565 57651678
57646565 57649945
57646565 57651982
57646565 57646081
57646565 57651647
57646565 57647123
57646565 58152370
57646565 57643891
57646565 57650644
57646565 13824539
57646565 57649259
57646565 57652718
57646565 57652570
57646565 57650754
57646565 57649402
57646565 57648269
57646565 57652330
54286357 85051847
54286357 44760098
54286357 57647401
54286357 57648381
54286357 57646960
54286357 359336378
54286357 120645906
54286357 210223538
54286357 41040270
54286357 57588199
54286357 40014311
54286357 57650655
54286357 57649921
54286357 25024383
54286357 152674190
54286357 57652703
54286357 76432625
54286357 175151561
54286357 57644785
54286357 57993830
54286357 57651678
54286357 57649945
54286357 57651982
54286357 57646081
54286357 607870443
54286357 57651647
54286357 57647123
54286357 58152370
54286357 57646565
54286357 57643891
54286357 57650644
54286357 13824539
54286357 57649259
54286357 57652718
54286357 57652570
54286357 57650754
54286357 57649402
54286357 57648269
54286357 57652330
57649259 57650232
57649259 85051847
57649259 19231590
57649259 44760098
57649259 57647401
57649259 57648381
57649259 57646960
57649259 54286357
57649259 359336378
57649259 120645906
57649259 210223538
57649259 41040270
57649259 57588199
57649259 40014311
57649259 57650655
57649259 57649921
57649259 25024383
57649259 152674190
57649259 57652703
57649259 76432625
57649259 175151561
57649259 57644785
57649259 57993830
57649259 57651678
57649259 57649945
57649259 57651982
57649259 57646081
57649259 607870443
57649259 57651647
57649259 57647123
57649259 152436388
57649259 44750371
57649259 58152370
57649259 57646565
57649259 57643891
57649259 57650644
57649259 13824539
57649259 57652718
57649259 57652570
57649259 57650754
57649259 57649402
57649259 57648269
57649259 58419253
57649259 57652330
57993830 85051847
57993830 19231590
57993830 44760098
57993830 57647401
57993830 57648381
57993830 57646960
57993830 54286357
57993830 359336378
57993830 120645906
57993830 210223538
57993830 41040270
57993830 57588199
57993830 40014311
57993830 57650655
57993830 57649921
57993830 25024383
57993830 152674190
57993830 152474316
57993830 57652703
57993830 76432625
57993830 185844661
57993830 58424055
57993830 175151561
57993830 57644785
57993830 57651678
57993830 57649945
57993830 57651982
57993830 57646081
57993830 607870443
57993830 57651647
57993830 57647123
57993830 44750371
57993830 58152370
57993830 57646565
57993830 57643891
57993830 57650644
57993830 13824539
57993830 57649259
57993830 57652718
57993830 57652570
57993830 57650754
57993830 57649402
57993830 57648269
57993830 58419253
57993830 57652330
57643891 57650232
57643891 85051847
57643891 19231590
57643891 44760098
57643891 57647401
57643891 57648381
57643891 57646960
57643891 54286357
57643891 359336378
57643891 120645906
57643891 210223538
57643891 295340637
57643891 41040270
57643891 57588199
57643891 601818505
57643891 40014311
57643891 57650655
57643891 57649921
57643891 25024383
57643891 152674190
57643891 65445320
57643891 57652703
57643891 76432625
57643891 185844661
57643891 58424055
57643891 152603611
57643891 175151561
57643891 57644785
57643891 57993830
57643891 57651678
57643891 57649945
57643891 57651982
57643891 57646081
57643891 57651647
57643891 57647123
57643891 152436388
57643891 44750371
57643891 58152370
57643891 57646565
57643891 57650644
57643891 13824539
57643891 57649259
57643891 57652718
57643891 57652570
57643891 57650754
57643891 57649402
57643891 57648269
57643891 58419253
57643891 57652330
210223538 85051847
210223538 19231590
210223538 44760098
210223538 57647401
210223538 57646960
210223538 54286357
210223538 359336378
210223538 120645906
210223538 41040270
210223538 57588199
210223538 40014311
210223538 57650655
210223538 25024383
210223538 152674190
210223538 57652703
210223538 76432625
210223538 57644785
210223538 57993830
210223538 57651678
210223538 57649945
210223538 57651982
210223538 57646081
210223538 607870443
210223538 57651647
210223538 57647123
210223538 58152370
210223538 57646565
210223538 57643891
210223538 57650644
210223538 13824539
210223538 57649259
210223538 57652718
210223538 57652570
210223538 57650754
210223538 57649402
210223538 57648269
210223538 57652330
601818505 57646960
601818505 210223538
601818505 25024383
601818505 76432625
601818505 57651678
601818505 57649945
601818505 57646081
601818505 57646565
601818505 57643891
601818505 13824539
601818505 57652718
601818505 57650754
601818505 58419253
57649945 57650232
57649945 85051847
57649945 19231590
57649945 44760098
57649945 57647401
57649945 57648381
57649945 57646960
57649945 54286357
57649945 359336378
57649945 120645906
57649945 210223538
57649945 41040270
57649945 57588199
57649945 40014311
57649945 57650655
57649945 57649921
57649945 25024383
57649945 152674190
57649945 57652703
57649945 76432625
57649945 175151561
57649945 57644785
57649945 57993830
57649945 57651678
57649945 57651982
57649945 57646081
57649945 607870443
57649945 57651647
57649945 57647123
57649945 152436388
57649945 58152370
57649945 57646565
57649945 57643891
57649945 57650644
57649945 13824539
57649945 57649259
57649945 57652718
57649945 57652570
57649945 57650754
57649945 57649402
57649945 57648269
57649945 58419253
57649945 57652330
57650754 57993830
57650754 40014311
57650754 25024383
57650754 57646960
57650754 57644785
57650754 57643891
57650754 359336378
57650754 57649945
57650754 57647401
57650754 58152370
57650754 76432625
57650754 57588199
57650754 85051847
57650754 57646565
57650754 13824539
57650754 57649259
57650754 210223538
57650754 57648381
57650754 120645906
57650754 57652570
57650754 19231590
57650754 57650644
57650754 54286357
57650754 607870443
57650754 57650655
57650754 41040270
57650754 44750371
57650754 57646081
57650754 65445320
57650754 57647123
57650754 57652718
57650754 57651678
57650754 57651982
57650754 175151561
57650754 57651647
57650754 152674190
57650754 601818505
57650754 57652703
57650754 44760098
57650754 152436388
57650754 57649402
57650754 57648269
57650754 58419253
57650754 57652330
185844661 57648381
185844661 57646960
185844661 54286357
185844661 41040270
185844661 57650655
185844661 152674190
185844661 57993830
185844661 57651678
185844661 57647123
185844661 57646565
185844661 57643891
185844661 13824539
44760098 57647401
44760098 57648381
44760098 57646960
44760098 54286357
44760098 359336378
44760098 120645906
44760098 210223538
44760098 57588199
44760098 40014311
44760098 57649921
44760098 25024383
44760098 152674190
44760098 57652703
44760098 76432625
44760098 57644785
44760098 57993830
44760098 57651678
44760098 57649945
44760098 57646081
44760098 607870443
44760098 57651647
44760098 57647123
44760098 57643891
44760098 13824539
44760098 57649259
44760098 57652718
44760098 57652570
44760098 57650754
44760098 57649402
44760098 57648269
44760098 57652330
175151561 57650232
175151561 85051847
175151561 57647401
175151561 57648381
175151561 57646960
175151561 54286357
175151561 359336378
175151561 120645906
175151561 210223538
175151561 41040270
175151561 57588199
175151561 40014311
175151561 57650655
175151561 25024383
175151561 76432625
175151561 57644785
175151561 57993830
175151561 57651678
175151561 57649945
175151561 57651982
175151561 57646081
175151561 57647123
175151561 58152370
175151561 57646565
175151561 57643891
175151561 57650644
175151561 13824539
175151561 57649259
175151561 57652718
175151561 57650754
175151561 57649402
175151561 58419253
175151561 57652330
152674190 57650232
152674190 85051847
152674190 19231590
152674190 44760098
152674190 57647401
152674190 57648381
152674190 57646960
152674190 54286357
152674190 359336378
152674190 120645906
152674190 210223538
152674190 41040270
152674190 57588199
152674190 40014311
152674190 57650655
152674190 57649921
152674190 25024383
152674190 57652703
152674190 76432625
152674190 185844661
152674190 57644785
152674190 57993830
152674190 57649945
152674190 57651982
152674190 57646081
152674190 607870443
152674190 57651647
152674190 57647123
152674190 58152370
152674190 57646565
152674190 57643891
152674190 57650644
152674190 13824539
152674190 57649259
152674190 57652718
152674190 57652570
152674190 57650754
152674190 57649402
152674190 57648269
152674190 57652330
57644785 57650232
57644785 85051847
57644785 19231590
57644785 44760098
57644785 57647401
57644785 57648381
57644785 57646960
57644785 54286357
57644785 359336378
57644785 120645906
57644785 210223538
57644785 295340637
57644785 41040270
57644785 57588199
57644785 40014311
57644785 57650655
57644785 25024383
57644785 152674190
57644785 76432625
57644785 175151561
57644785 57993830
57644785 57651678
57644785 57649945
57644785 57651982
57644785 57646081
57644785 607870443
57644785 57651647
57644785 57647123
57644785 152436388
57644785 44750371
57644785 58152370
57644785 57646565
57644785 57643891
57644785 57650644
57644785 13824539
57644785 57649259
57644785 57652718
57644785 57652570
57644785 57650754
57644785 57649402
57644785 57648269
57644785 58419253
57644785 57652330
57650655 57650232
57650655 85051847
57650655 57647401
57650655 57648381
57650655 57646960
57650655 54286357
57650655 359336378
57650655 120645906
57650655 210223538
57650655 41040270
57650655 57588199
57650655 40014311
57650655 25024383
57650655 152674190
57650655 76432625
57650655 185844661
57650655 175151561
57650655 57644785
57650655 57993830
57650655 57651678
57650655 57649945
57650655 57651982
57650655 57646081
57650655 607870443
57650655 57651647
57650655 57647123
57650655 58152370
57650655 57646565
57650655 57643891
57650655 57650644
57650655 13824539
57650655 57649259
57650655 57652718
57650655 57652570
57650655 57650754
57650655 57649402
57650655 57648269
57650655 58419253
57650655 57652330
57648381 57650232
57648381 85051847
57648381 44760098
57648381 57647401
57648381 57646960
57648381 54286357
57648381 359336378
57648381 120645906
57648381 41040270
57648381 57588199
57648381 40014311
57648381 57650655
57648381 57649921
57648381 25024383
57648381 152674190
57648381 57652703
57648381 76432625
57648381 185844661
57648381 175151561
57648381 57644785
57648381 57993830
57648381 57651678
57648381 57649945
57648381 57651982
57648381 57646081
57648381 607870443
57648381 57651647
57648381 57647123
57648381 58152370
57648381 57646565
57648381 57643891
57648381 57650644
57648381 13824539
57648381 57649259
57648381 57652718
57648381 57652570
57648381 57650754
57648381 57649402
57648381 57648269
57648381 58419253
57648381 57652330
44750371 57650232
44750371 40014311
44750371 57649921
44750371 57644785
44750371 57993830
44750371 57651678
44750371 57646081
44750371 57643891
44750371 57649259
44750371 57652718
44750371 57652570
44750371 57650754
44750371 57649402
44750371 57652330
57652718 76432625
57652718 57650644
57652718 210223538
57652718 57588199
57652718 57649945
57652718 13824539
57652718 25024383
57652718 19231590
57652718 57650232
57652718 57993830
57652718 57644785
57652718 54286357
57652718 57646565
57652718 57646960
57652718 57643891
57652718 57646081
57652718 57647123
57652718 120645906
57652718 40014311
57652718 85051847
57652718 57651678
57652718 57649921
57652718 41040270
57652718 57650655
57652718 359336378
57652718 44750371
57652718 607870443
57652718 58152370
57652718 57648381
57652718 44760098
57652718 152674190
57652718 57647401
57652718 57652703
57652718 57651982
57652718 152603611
57652718 175151561
57652718 57651647
57652718 57649259
57652718 601818505
57652718 57652570
57652718 57650754
57652718 57649402
57652718 57648269
57652718 58419253
57652718 57652330
57648269 57644785
57648269 57647123
57648269 57646960
57648269 40014311
57648269 25024383
57648269 57993830
57648269 57643891
57648269 76432625
57648269 57646081
57648269 57649945
57648269 54286357
57648269 57646565
57648269 57649259
57648269 57647401
57648269 13824539
57648269 44760098
57648269 57588199
57648269 57650754
57648269 57648381
57648269 85051847
57648269 57649402
57648269 607870443
57648269 57650644
57648269 57650655
57648269 120645906
57648269 359336378
57648269 41040270
57648269 57651678
57648269 57652718
57648269 57649921
57648269 210223538
57648269 57651647
57648269 152674190
57648269 57651982
57648269 57652703
57648269 57652570
57648269 57652330
57651678 85051847
57651678 44760098
57651678 57647401
57651678 57648381
57651678 57646960
57651678 54286357
57651678 359336378
57651678 120645906
57651678 210223538
57651678 41040270
57651678 57588199
57651678 40014311
57651678 57650655
57651678 57649921
57651678 25024383
57651678 57652703
57651678 76432625
57651678 175151561
57651678 57644785
57651678 57993830
57651678 57649945
57651678 57651982
57651678 57646081
57651678 607870443
57651678 57651647
57651678 57647123
57651678 58152370
57651678 57646565
57651678 57643891
57651678 57650644
57651678 13824539
57651678 57649259
57651678 57652718
57651678 57652570
57651678 57650754
57651678 57649402
57651678 57648269
57651678 57652330
76432625 85051847
76432625 19231590
76432625 44760098
76432625 57647401
76432625 57648381
76432625 57646960
76432625 54286357
76432625 359336378
76432625 120645906
76432625 210223538
76432625 295340637
76432625 41040270
76432625 57588199
76432625 601818505
76432625 40014311
76432625 57650655
76432625 25024383
76432625 152674190
76432625 57652703
76432625 175151561
76432625 57644785
76432625 57993830
76432625 57651678
76432625 57649945
76432625 57651982
76432625 57646081
76432625 607870443
76432625 57651647
76432625 57647123
76432625 58152370
76432625 57646565
76432625 57643891
76432625 57650644
76432625 13824539
76432625 57649259
76432625 57652718
76432625 57652570
76432625 57650754
76432625 57649402
76432625 57648269
76432625 57652330
13824539 57650232
13824539 85051847
13824539 19231590
13824539 44760098
13824539 57647401
13824539 57648381
13824539 57646960
13824539 54286357
13824539 359336378
13824539 120645906
13824539 210223538
13824539 41040270
13824539 57588199
13824539 601818505
13824539 40014311
13824539 57650655
13824539 57649921
13824539 152674190
13824539 152474316
13824539 57652703
13824539 76432625
13824539 185844661
13824539 175151561
13824539 57644785
13824539 57993830
13824539 57651678
13824539 57649945
13824539 57651982
13824539 607870443
13824539 57651647
13824539 57647123
13824539 58152370
13824539 57646565
13824539 57643891
13824539 57650644
13824539 57649259
13824539 25024383
13824539 57646081
13824539 152603611
13824539 57652718
13824539 57652570
13824539 57650754
13824539 57649402
13824539 57648269
13824539 58419253
13824539 57652330
57646960 57650232
57646960 85051847
57646960 19231590
57646960 44760098
57646960 57647401
57646960 57648381
57646960 54286357
57646960 359336378
57646960 120645906
57646960 210223538
57646960 41040270
57646960 57588199
57646960 601818505
57646960 40014311
57646960 57650655
57646960 57649921
57646960 25024383
57646960 152674190
57646960 57652703
57646960 76432625
57646960 185844661
57646960 175151561
57646960 57644785
57646960 57993830
57646960 57651678
57646960 57649945
57646960 57651982
57646960 57646081
57646960 607870443
57646960 57651647
57646960 57647123
57646960 58152370
57646960 57646565
57646960 57643891
57646960 57650644
57646960 13824539
57646960 57649259
57646960 57652718
57646960 57652570
57646960 57650754
57646960 57649402
57646960 57648269
57646960 57652330
58424055 120645906
58424055 41040270
58424055 40014311
58424055 57993830
58424055 57643891
57652570 57646081
57652570 25024383
57652570 57646565
57652570 57646960
57652570 57649945
57652570 210223538
57652570 13824539
57652570 359336378
57652570 57648381
57652570 57588199
57652570 57649259
57652570 57644785
57652570 57650655
57652570 40014311
57652570 85051847
57652570 57993830
57652570 76432625
57652570 57650232
57652570 607870443
57652570 57643891
57652570 54286357
57652570 57647401
57652570 120645906
57652570 57650644
57652570 44750371
57652570 57652718
57652570 58152370
57652570 57652703
57652570 57651678
57652570 57651647
57652570 57647123
57652570 41040270
57652570 57651982
57652570 44760098
57652570 152603611
57652570 152674190
57652570 57649921
57652570 57650754
57652570 57649402
57652570 57648269
57652570 58419253
57652570 57652330
25024383 57650232
25024383 85051847
25024383 19231590
25024383 44760098
25024383 57647401
25024383 57648381
25024383 57646960
25024383 54286357
25024383 359336378
25024383 120645906
25024383 210223538
25024383 57588199
25024383 601818505
25024383 40014311
25024383 57650655
25024383 57649921
25024383 152674190
25024383 57652703
25024383 76432625
25024383 175151561
25024383 57644785
25024383 57993830
25024383 57651678
25024383 57649945
25024383 57651982
25024383 607870443
25024383 57651647
25024383 57647123
25024383 58152370
25024383 57646565
25024383 57643891
25024383 57650644
25024383 57649259
25024383 57646081
25024383 13824539
25024383 57652718
25024383 57652570
25024383 57650754
25024383 57649402
25024383 57648269
25024383 58419253
25024383 57652330
40014311 57650232
40014311 85051847
40014311 19231590
40014311 44760098
40014311 57647401
40014311 57648381
40014311 57646960
40014311 54286357
40014311 359336378
40014311 120645906
40014311 210223538
40014311 295340637
40014311 41040270
40014311 57588199
40014311 57650655
40014311 57649921
40014311 25024383
40014311 152674190
40014311 57652703
40014311 76432625
40014311 58424055
40014311 175151561
40014311 57644785
40014311 57993830
40014311 57651678
40014311 57649945
40014311 57651982
40014311 57646081
40014311 607870443
40014311 57651647
40014311 57647123
40014311 44750371
40014311 58152370
40014311 57646565
40014311 57643891
40014311 57650644
40014311 13824539
40014311 57649259
40014311 57652718
40014311 57652570
40014311 57650754
40014311 57649402
40014311 57648269
40014311 58419253
40014311 57652330
152603611 295340637
152603611 57643891
152603611 57646081
152603611 13824539
152603611 57652718
152603611 57652570
57650644 57650232
57650644 85051847
57650644 57647401
57650644 57648381
57650644 57646960
57650644 54286357
57650644 359336378
57650644 120645906
57650644 210223538
57650644 41040270
57650644 57588199
57650644 40014311
57650644 57650655
57650644 25024383
57650644 152674190
57650644 57652703
57650644 76432625
57650644 175151561
57650644 57644785
57650644 57993830
57650644 57651678
57650644 57649945
57650644 57646081
57650644 607870443
57650644 57651647
57650644 57647123
57650644 58152370
57650644 57646565
57650644 57643891
57650644 13824539
57650644 57649259
57650644 57652718
57650644 57652570
57650644 57650754
57650644 57649402
57650644 57648269
57650644 57652330
152474316 57993830
152474316 57647123
57651982 85051847
57651982 57647401
57651982 57648381
57651982 57646960
57651982 54286357
57651982 359336378
57651982 120645906
57651982 210223538
57651982 41040270
57651982 57588199
57651982 40014311
57651982 57650655
57651982 25024383
57651982 152674190
57651982 65445320
57651982 57652703
57651982 76432625
57651982 175151561
57651982 57644785
57651982 57993830
57651982 57651678
57651982 57649945
57651982 57646081
57651982 607870443
57651982 57651647
57651982 57647123
57651982 58152370
57651982 57646565
57651982 57643891
57651982 57650644
57651982 13824539
57651982 57649259
57651982 57652718
57651982 57652570
57651982 57650754
57651982 57649402
57651982 57648269
57651982 58419253
57652703 85051847
57652703 44760098
57652703 57647401
57652703 57648381
57652703 57646960
57652703 54286357
57652703 359336378
57652703 120645906
57652703 210223538
57652703 41040270
57652703 57588199
57652703 40014311
57652703 25024383
57652703 152674190
57652703 76432625
57652703 57993830
57652703 57651678
57652703 57649945
57652703 57651982
57652703 57646081
57652703 607870443
57652703 57651647
57652703 57647123
57652703 58152370
57652703 57646565
57652703 57643891
57652703 57650644
57652703 13824539
57652703 57649259
57652703 57652718
57652703 57652570
57652703 57650754
57652703 57649402
57652703 57648269
57652703 57652330
58419253 57643891
58419253 175151561
58419253 19231590
58419253 57649259
58419253 57993830
58419253 57652570
58419253 57650754
58419253 57650655
58419253 25024383
58419253 13824539
58419253 57649402
58419253 57649945
58419253 40014311
58419253 601818505
58419253 57588199
58419253 57651982
58419253 57644785
58419253 57652718
58419253 57648381
58419253 57652330
57651647 57650232
57651647 44760098
57651647 57647401
57651647 57648381
57651647 57646960
57651647 54286357
57651647 359336378
57651647 120645906
57651647 210223538
57651647 41040270
57651647 57588199
57651647 40014311
57651647 57650655
57651647 57649921
57651647 25024383
57651647 152674190
57651647 57652703
57651647 76432625
57651647 57644785
57651647 57993830
57651647 57651678
57651647 57649945
57651647 57651982
57651647 57646081
57651647 607870443
57651647 57647123
57651647 58152370
57651647 57646565
57651647 57643891
57651647 57650644
57651647 13824539
57651647 57649259
57651647 57652718
57651647 57652570
57651647 57650754
57651647 57649402
57651647 57648269
57651647 57652330
295340637 40014311
295340637 76432625
295340637 152603611
295340637 57644785
295340637 57643891
295340637 57652718
57647123 57650232
57647123 85051847
57647123 44760098
57647123 57647401
57647123 57648381
57647123 57646960
57647123 54286357
57647123 359336378
57647123 120645906
57647123 210223538
57647123 41040270
57647123 57588199
57647123 40014311
57647123 57650655
57647123 57649921
57647123 25024383
57647123 152674190
57647123 152474316
57647123 57652703
57647123 76432625
57647123 185844661
57647123 175151561
57647123 57644785
57647123 57993830
57647123 57651678
57647123 57649945
57647123 57651982
57647123 57646081
57647123 607870443
57647123 57651647
57647123 58152370
57647123 57646565
57647123 57643891
57647123 57650644
57647123 13824539
57647123 57649259
57647123 57652718
57647123 57652570
57647123 57650754
57647123 57649402
57647123 57648269
57647123 57652330
120645906 57650232
120645906 85051847
120645906 44760098
120645906 57647401
120645906 57648381
120645906 57646960
120645906 54286357
120645906 359336378
120645906 210223538
120645906 41040270
120645906 57588199
120645906 40014311
120645906 57650655
120645906 25024383
120645906 152674190
120645906 57652703
120645906 76432625
120645906 58424055
120645906 175151561
120645906 57644785
120645906 57993830
120645906 57651678
120645906 57649945
120645906 57651982
120645906 57646081
120645906 607870443
120645906 57651647
120645906 57647123
120645906 58152370
120645906 57646565
120645906 57643891
120645906 57650644
120645906 13824539
120645906 57649259
120645906 57652718
120645906 57652570
120645906 57650754
120645906 57649402
120645906 57648269
120645906 57652330
57649921 57650232
57649921 44760098
57649921 57647401
57649921 57648381
57649921 57646960
57649921 54286357
57649921 359336378
57649921 40014311
57649921 25024383
57649921 152674190
57649921 57993830
57649921 57651678
57649921 57649945
57649921 607870443
57649921 57651647
57649921 57647123
57649921 57643891
57649921 13824539
57649921 57649259
57649921 57652718
57649921 57652570
57649921 57649402
57649921 57648269
57588199 57650232
57588199 85051847
57588199 44760098
57588199 57647401
57588199 57648381
57588199 57646960
57588199 54286357
57588199 359336378
57588199 120645906
57588199 210223538
57588199 41040270
57588199 40014311
57588199 57650655
57588199 25024383
57588199 152674190
57588199 57652703
57588199 76432625
57588199 175151561
57588199 57644785
57588199 57993830
57588199 57651678
57588199 57649945
57588199 57651982
57588199 57646081
57588199 57651647
57588199 57647123
57588199 58152370
57588199 57646565
57588199 57643891
57588199 57650644
57588199 13824539
57588199 57649259
57588199 57652718
57588199 57652570
57588199 57650754
57588199 57649402
57588199 57648269
57588199 58419253
57588199 57652330
152436388 57644785
152436388 58152370
152436388 57643891
152436388 57649259
152436388 57650754
152436388 57652330
57652330 57588199
57652330 57993830
57652330 152436388
57652330 175151561
57652330 57644785
57652330 44750371
57652330 58419253
57652330 57643891
57652330 57649945
57652330 57647123
57652330 40014311
57652330 76432625
57652330 57648269
57652330 25024383
57652330 57647401
57652330 44760098
57652330 57646565
57652330 57649259
57652330 120645906
57652330 152674190
57652330 57649402
57652330 57646081
57652330 57646960
57652330 58152370
57652330 359336378
57652330 85051847
57652330 57648381
57652330 57650754
57652330 13824539
57652330 57652570
57652330 19231590
57652330 57650655
57652330 57650644
57652330 57650232
57652330 54286357
57652330 210223538
57652330 607870443
57652330 57651678
57652330 57651647
57652330 57652718
57652330 57652703
57652330 41040270
607870443 85051847
607870443 44760098
607870443 57648381
607870443 57646960
607870443 54286357
607870443 359336378
607870443 120645906
607870443 210223538
607870443 40014311
607870443 57650655
607870443 57649921
607870443 25024383
607870443 152674190
607870443 57652703
607870443 76432625
607870443 57644785
607870443 57993830
607870443 57651678
607870443 57649945
607870443 57651982
607870443 57646081
607870443 57651647
607870443 57647123
607870443 58152370
607870443 57650644
607870443 13824539
607870443 57649259
607870443 57652718
607870443 57652570
607870443 57650754
607870443 57649402
607870443 57648269
607870443 57652330
85051847 57647401
85051847 57648381
85051847 57646960
85051847 54286357
85051847 359336378
85051847 120645906
85051847 210223538
85051847 41040270
85051847 57588199
85051847 40014311
85051847 57650655
85051847 25024383
85051847 152674190
85051847 57652703
85051847 76432625
85051847 175151561
85051847 57644785
85051847 57993830
85051847 57651678
85051847 57649945
85051847 57651982
85051847 57646081
85051847 607870443
85051847 57647123
85051847 58152370
85051847 57646565
85051847 57643891
85051847 57650644
85051847 13824539
85051847 57649259
85051847 57652718
85051847 57652570
85051847 57650754
85051847 57649402
85051847 57648269
85051847 57652330
57646081 57650232
57646081 85051847
57646081 44760098
57646081 57647401
57646081 57648381
57646081 57646960
57646081 54286357
57646081 359336378
57646081 120645906
57646081 210223538
57646081 41040270
57646081 57588199
57646081 601818505
57646081 40014311
57646081 57650655
57646081 152674190
57646081 57652703
57646081 76432625
57646081 175151561
57646081 57644785
57646081 57993830
57646081 57651678
57646081 57649945
57646081 57651982
57646081 607870443
57646081 57651647
57646081 57647123
57646081 44750371
57646081 58152370
57646081 57646565
57646081 57643891
57646081 57650644
57646081 57649259
57646081 25024383
57646081 152603611
57646081 13824539
57646081 57652718
57646081 57652570
57646081 57650754
57646081 57649402
57646081 57648269
57646081 57652330
57650232 57647401
57650232 57648381
57650232 57646960
57650232 120645906
57650232 57588199
57650232 40014311
57650232 57650655
57650232 57649921
57650232 25024383
57650232 152674190
57650232 175151561
57650232 57644785
57650232 57649945
57650232 57646081
57650232 57651647
57650232 57647123
57650232 44750371
57650232 57643891
57650232 57650644
57650232 13824539
57650232 57649259
57650232 57652718
57650232 57652570
57650232 57649402
57650232 57652330
65445320 85051847
65445320 57651982
65445320 57643891
65445320 57650754
41040270 85051847
41040270 57647401
41040270 57648381
41040270 57646960
41040270 54286357
41040270 359336378
41040270 120645906
41040270 210223538
41040270 57588199
41040270 40014311
41040270 57650655
41040270 152674190
41040270 57652703
41040270 76432625
41040270 185844661
41040270 58424055
41040270 175151561
41040270 57644785
41040270 57993830
41040270 57651678
41040270 57649945
41040270 57651982
41040270 57646081
41040270 57651647
41040270 57647123
41040270 58152370
41040270 57646565
41040270 57643891
41040270 57650644
41040270 13824539
41040270 57649259
41040270 57652718
41040270 57652570
41040270 57650754
41040270 57649402
41040270 57648269
41040270 57652330
19231590 57647401
19231590 57646960
19231590 210223538
19231590 40014311
19231590 25024383
19231590 152674190
19231590 76432625
19231590 57644785
19231590 57993830
19231590 57649945
19231590 57646081
19231590 58152370
19231590 57643891
19231590 13824539
19231590 57649259
19231590 57652718
19231590 57650754
19231590 57649402
19231590 58419253
19231590 57652330
