52582991 15829018
559802830 152833667
559802830 15829018
298856288 15829018
780391467 15829018
785133657 15829018
534845977 15829018
836611704 15829018
754543820 15829018
3797387 15829018
755066655 81953960
90877823 15829018
90877823 152816355
90877823 324473484
167386225 15829018
152655722 15829018
57598223 15829018
534760310 15829018
38388509 15829018
38388509 57598223
38388509 534771266
152849878 152925526
21121540 15829018
272418949 15829018
58413877 15829018
152925526 152849878
152925526 152816212
643611253 15829018
534936974 15829018
534793975 15829018
152912165 15829018
836591545 15829018
425628516 15829018
534923524 15829018
833388121 15829018
5141186 15829018
152833667 298851077
152833667 15829018
152833667 559802830
601620752 15829018
10368453 15829018
580981445 60275940
298851077 534765249
298851077 15829018
298851077 152816212
534879821 15829018
461894462 15829018
534979989 499629228
57644857 216097875
57644857 15829018
156507152 15829018
134567828 15829018
663105093 65279950
534771266 15829018
534765249 298851077
534765249 15829018
534765249 534979989
177748642 15829018
836611624 15829018
127454457 15829018
534751912 15829018
152816212 534765249
152816212 298851077
152816212 144864591
152816212 152925526
152816212 15829018
152816212 152622909
534766033 15829018
152577840 15829018
65279950 15829018
65279950 663105093
836588531 15829018
298865997 15829018
170324536 15829018
534762038 15829018
499629228 15829018
498420745 15829018
111228183 15829018
152622909 15829018
535203267 15829018
534773909 15829018
152816355 90877823
152816355 15829018
152816355 298856288
298863271 15829018
642483928 15829018
172013397 15829018
324473484 90877823
60275940 15829018
103525790 15829018
144864591 15829018
144864591 152816212
81953960 15829018
582278245 15829018
581458791 15829018
216097875 57644857
40799748 15829018
102353686 15829018
