52573559 15829018
152629218 15829018
27862012 15829018
57485459 57067985
155058719 15829018
155058719 184977881
57067985 57485459
57067985 602510685
57067985 15829018
14259022 102325312
14259022 83982778
14259022 15829018
14259022 508059426
14259022 534761694
14259022 12271962
14259022 107484513
14259022 129433848
14259022 40048793
14259022 57609338
14259022 152542704
14259022 57447458
14259022 130377564
14259022 152581178
130377564 40048793
130377564 15829018
130377564 58089422
130377564 534779830
130377564 102325312
130377564 14259022
130377564 152581178
152503673 15829018
152581178 184977881
152581178 535374652
152581178 534761694
152581178 15829018
152581178 57447458
152581178 14259022
152581178 508059426
152581178 12271962
152581178 152503673
152581178 130377564
152581178 83527396
152581178 83982778
152581178 36012649
497350936 102325312
497350936 534757261
497350936 15829018
497350936 508059426
497350936 534756061
497350936 40048793
497350936 152581178
497350936 130377564
58089422 15829018
152655722 15829018
152655722 184977881
152655722 152521262
39203697 15829018
328467619 15829018
535374652 15829018
152521262 15829018
152521262 184977881
223767656 15829018
223767656 184977881
223767656 58104787
582011780 15829018
58104787 15829018
58104787 223767656
58104787 580911317
534757340 15829018
602510685 57067985
12271962 83982778
12271962 15829018
12271962 14259022
12271962 152581178
665973330 15829018
508059426 83982778
508059426 15829018
508059426 14259022
508059426 184977881
508059426 580911317
508059426 134002267
508059426 139708530
508059426 152581178
22964218 15829018
58280254 15829018
534813214 15829018
534813214 184977881
45217752 15829018
8087400 15829018
583215112 57067985
54654289 15829018
65438553 15829018
134002267 15829018
134002267 508059426
534779830 15829018
534779830 130377564
139708530 15829018
15829018 534756061
129596745 129433848
102325312 83982778
102325312 15829018
102325312 14259022
58147884 184977881
534764155 15829018
31694717 15829018
534861637 15829018
97740182 15829018
534771266 15829018
83982778 102325312
83982778 15829018
83982778 45217752
83982778 14259022
83982778 184977881
83982778 508059426
83982778 534761694
83982778 12271962
83982778 107484513
83982778 40048793
83982778 130377564
83982778 152581178
322709827 15829018
71299843 15829018
57447458 107484513
57447458 15829018
57447458 40048793
57447458 58420626
57447458 14259022
57447458 184977881
57447458 130377564
663271806 15829018
833419562 15829018
84380626 15829018
36012649 38511051
36012649 152581178
184977881 58420626
184977881 152655722
184977881 155058719
184977881 58147884
184977881 223767656
184977881 15829018
184977881 508059426
184977881 152521262
184977881 57609338
184977881 57447458
184977881 152581178
534756061 497350936
534756061 15829018
357499229 15829018
58338726 15829018
534761694 152581178
534761694 14259022
534761694 15829018
534808275 15829018
498420745 15829018
111228183 15829018
534754299 15829018
534757261 15829018
107484513 83982778
107484513 15829018
107484513 14259022
107484513 129433848
57609338 15829018
57609338 14259022
57609338 184977881
580911317 15829018
129433848 14259022
38511051 36012649
83527396 15829018
83527396 152581178
152542704 15829018
152542704 14259022
152542704 535374652
40048793 83982778
40048793 497350936
40048793 15829018
40048793 14259022
40048793 57447458
40048793 130377564
58420626 57447458
58420626 184977881
58420626 15829018
