186855476 127166025
186855476 58137645
54316162 127166025
12154007 127166025
33490338 127166025
26339355 3218184
26339355 127166025
26339355 152686324
26339355 152955820
152577744 127166025
636164961 127166025
40441134 3218184
40441134 127166025
40441134 152955820
58137645 127166025
58137645 25500805
782058268 127166025
833546724 127166025
833546724 58137645
21427820 127166025
215711513 127166025
828444544 127166025
812454835 127166025
228989812 127166025
228989812 58137645
152955820 127166025
152955820 3218184
152955820 40441134
152955820 58105374
152955820 44754963
152955820 298857235
152955820 57589901
152955820 26339355
836611638 127166025
156499726 127166025
226305413 127166025
54291228 57652745
54291228 57589901
54291228 3218184
54291228 127166025
728475711 127166025
152686324 26339355
152686324 127166025
106476399 127166025
3218184 26339355
3218184 57652745
3218184 54291228
3218184 20808117
3218184 127166025
3218184 45820578
3218184 40441134
3218184 152955820
3218184 268415414
601681607 127166025
152578394 58137645
152578394 127166025
25500805 127166025
25500805 210228363
25500805 58137645
218114708 127166025
363472597 127166025
363472597 58137645
57591480 57589901
57591480 127166025
84225242 127166025
84225242 58137645
167140222 61577305
167140222 127166025
104756957 57652745
104756957 61577305
104756957 127166025
787439781 127166025
20808117 57652745
20808117 3218184
20808117 61577305
20808117 127166025
20808117 58137645
229226239 127166025
833514825 127166025
833514825 58137645
833363125 58137645
833363125 127166025
58105374 127166025
58105374 58137645
58105374 152955820
152540784 57652745
152540784 127166025
152540784 210228363
152540784 268415414
806253031 127166025
836611802 127166025
80078094 127166025
80078094 58137645
160543379 127166025
581005014 127166025
581005014 58137645
45022520 127166025
582276634 127166025
582276617 127166025
45820578 3218184
45820578 127166025
44894232 127166025
349890040 58137645
349890040 127166025
536578882 298857235
536578882 127166025
152934211 127166025
268415414 152540784
268415414 349592749
268415414 210192525
268415414 601602930
268415414 581540129
268415414 3218184
581892048 127166025
57650325 61577305
57650325 127166025
836611753 127166025
152685552 127166025
152685552 58137645
601602930 127166025
601602930 58137645
601602930 268415414
349592749 127166025
349592749 268415414
61577305 57652745
61577305 20808117
61577305 127166025
61577305 57650325
61577305 167140222
61577305 104756957
44754963 127166025
535975333 127166025
298857235 536578882
298857235 127166025
29641301 127166025
152480859 127166025
152656015 127166025
580913166 58137645
580913166 127166025
57589901 57591480
57589901 57652745
57589901 54291228
57589901 127166025
57589901 210192525
57589901 152955820
724596644 127166025
634007941 127166025
634007941 58137645
210192525 57589901
210192525 127166025
210192525 268415414
582525529 127166025
523039040 833363125
523039040 127166025
581540129 127166025
581540129 268415414
758009699 127166025
229824070 127166025
37641847 127166025
167576476 127166025
167576476 58137645
275104622 127166025
62425781 127166025
210228363 25500805
210228363 127166025
350520082 127166025
57652745 152540784
57652745 57589901
57652745 3218184
57652745 54291228
57652745 20808117
57652745 61577305
57652745 127166025
57652745 104756957
581431377 127166025
836611550 127166025
448620090 127166025
