97087621 13638069
97087621 152432918
192322465 30121780
192322465 205885031
192322465 210195636
192322465 21659249
192322465 58315002
192322465 677277824
192322465 54393787
192322465 73690719
192322465 56947252
210195636 58396148
210195636 58088770
210195636 56954549
210195636 30121780
210195636 579230194
210195636 59846495
210195636 54407364
210195636 58111876
210195636 834555718
210195636 640878346
210195636 205884883
210195636 677345678
210195636 205882170
210195636 89449257
210195636 205885034
210195636 639573440
210195636 57607824
210195636 99924559
210195636 58298995
210195636 302663185
210195636 58315002
210195636 57606739
210195636 421460046
210195636 833323848
210195636 54407502
210195636 219586839
210195636 54393787
210195636 65384799
210195636 192322465
210195636 58261550
210195636 13638069
210195636 142769532
210195636 298849666
210195636 45163655
210195636 298849116
210195636 205890880
210195636 58409205
210195636 541457194
210195636 54373744
210195636 205885167
210195636 301961801
210195636 58404555
210195636 152432918
210195636 45163565
210195636 56947252
210195636 57994032
210195636 57605385
210195636 73690719
210195636 132132941
642508677 96884653
42138013 54407364
205890880 210195636
152604196 56947252
301961801 25501170
301961801 56954549
301961801 54407364
301961801 210195636
301961801 205891098
301961801 205884883
301961801 205885034
301961801 58298995
301961801 54393787
301961801 13638069
301961801 152432918
301961801 45163565
45163565 205891098
45163565 56954549
45163565 54407502
45163565 205882170
45163565 21659249
45163565 210195636
45163565 301961801
45163565 56947252
45163565 73690719
54393787 54407364
54393787 210195636
54393787 58298995
54393787 58315002
54393787 57606739
54393787 421460046
54393787 301961801
54393787 192322465
54393787 152432918
54393787 56947252
54393787 132132941
205891098 54407364
205882170 56954549
205882170 54407364
205882170 58111876
205882170 210195636
205882170 205891098
205882170 57606739
205882170 421460046
205882170 54407502
205882170 45163565
58261550 210195636
59846495 30936912
59846495 210195636
59846495 73690719
89449257 42041892
89449257 54407364
89449257 210195636
210243284 13638069
219586839 56954549
219586839 210195636
205884883 54407364
205884883 210195636
65384799 210195636
65384799 96884653
65384799 45163655
205885034 58396148
205885034 210195636
205885034 21659249
205885034 54407502
205885034 71260844
205885034 301961801
205885034 73690719
205885034 56947252
834555718 210195636
30936912 59846495
677345678 210195636
639573440 210195636
677277824 192322465
677277824 219586839
677277824 205891098
57605385 210195636
71260844 205885034
71260844 132132941
302663185 210195636
640878346 54407364
640878346 210195636
640878346 205885167
54407364 58396148
54407364 299417439
54407364 56954549
54407364 58111876
54407364 640878346
54407364 210195636
54407364 205891098
54407364 205884883
54407364 21659249
54407364 89449257
54407364 42138013
54407364 58298995
54407364 58315002
54407364 833323848
54407364 54407502
54407364 54393787
54407364 299700478
54407364 13638069
54407364 45163655
54407364 541457194
54407364 205885167
54407364 301961801
54407364 58404555
54407364 58075580
54407364 152432918
54407364 73690719
73690719 205891098
73690719 192322465
73690719 57606739
73690719 210195636
73690719 54407364
73690719 59846495
73690719 45163565
73690719 33562318
73690719 205885034
73690719 56947252
73690719 301961801
42041892 89449257
152432918 30121780
152432918 97087621
152432918 210195636
152432918 301961801
152432918 298849666
152432918 54393787
152432918 58396148
152432918 298849116
152432918 96884653
152432918 58404555
152432918 54407364
152432918 205885031
152432918 45163655
152432918 299417439
152432918 205891098
152432918 56947252
152432918 73690719
56947252 192322465
56947252 54393787
56947252 152432918
56947252 152604196
56947252 210195636
56947252 45163565
56947252 205885034
56947252 73690719
833323848 210195636
833323848 45163655
45163655 54407364
45163655 210195636
45163655 205891098
45163655 205884883
45163655 57606739
45163655 833323848
45163655 65384799
45163655 205885167
45163655 58404555
45163655 152432918
58404555 299417439
58404555 56954549
58404555 54407364
58404555 210195636
58404555 58298995
58404555 57606739
58404555 421460046
58404555 54407502
58404555 45163655
58404555 58396148
58404555 298849666
58404555 152432918
13638069 210243284
13638069 54407364
13638069 210195636
13638069 97087621
13638069 301961801
58298995 299417439
58298995 56954549
58298995 54407364
58298995 210195636
58298995 205891098
58298995 57607824
58298995 421460046
58298995 54393787
58298995 298849666
58298995 298849116
58298995 58409205
58298995 301961801
58298995 58404555
541457194 54407364
541457194 210195636
58075580 54407364
677282345 58396148
677282345 205885031
58263642 54407502
298849116 210195636
205885031 677282345
205885031 192322465
54407502 56954549
54407502 58263642
54407502 677282345
54407502 54407364
54407502 210195636
54407502 205891098
54407502 21659249
54407502 205885034
54407502 58315002
54407502 205885167
54407502 58404555
142769532 210195636
298849666 210195636
298849666 58404555
298849666 152432918
36313964 96884653
96884653 642508677
96884653 65384799
58111876 56954549
58111876 54407364
58111876 210195636
58111876 205891098
58111876 205882170
58111876 205885167
58111876 132132941
58315002 30121780
58315002 54407364
58315002 210195636
58315002 57606739
58315002 833323848
58315002 54407502
58315002 54393787
58315002 192322465
58315002 205885167
21659249 54407364
21659249 205885034
21659249 99924559
21659249 54407502
21659249 192322465
21659249 45163565
21659249 73690719
57994032 210195636
132132941 54393787
132132941 71260844
132132941 58111876
132132941 210195636
33562318 73690719
57606739 54407364
57606739 210195636
57606739 205882170
57606739 99924559
57606739 58315002
57606739 54393787
57606739 45163655
57606739 58404555
57606739 73690719
56954549 58396148
56954549 54407364
56954549 58111876
56954549 210195636
56954549 205891098
56954549 205882170
56954549 58298995
56954549 54407502
56954549 219586839
56954549 205885167
56954549 301961801
56954549 58404555
56954549 56947252
56954549 45163565
57607824 210195636
57607824 58298995
299417439 54407364
299417439 58298995
299417439 45163565
299417439 58404555
299417439 152432918
421460046 56954549
421460046 54407364
421460046 210195636
421460046 23650443
421460046 205882170
421460046 58298995
421460046 54393787
421460046 45163655
421460046 58404555
205885167 56954549
205885167 54407364
205885167 58111876
205885167 640878346
205885167 210195636
205885167 205891098
205885167 58315002
205885167 54407502
205885167 299700478
58409205 210195636
99924559 210195636
99924559 21659249
99924559 57606739
30121780 210195636
30121780 58315002
30121780 192322465
30121780 152432918
579230194 210195636
54373744 210195636
58396148 56954549
58396148 677282345
58396148 54407364
58396148 210195636
58396148 205891098
58396148 205885034
58396148 54407502
58396148 45163655
58396148 58404555
299700478 205885167
58088770 210195636
