79113877 152565822
79113877 67620750
79113877 152820843
79113877 152657420
79113877 82646341
79113877 57646540
79113877 175152198
79113877 152818431
79113877 99925101
79113877 4948806
79113877 48617808
79113877 57848832
79113877 18695679
79113877 152834768
79113877 29735178
79113877 581983040
79113877 4249740
79113877 581067769
79113877 57645271
79113877 152734828
79113877 57650037
79113877 176741655
79113877 37269700
79113877 152882093
79113877 28905765
79113877 152544378
79113877 48649775
79113877 57647119
79113877 57643743
79113877 130228376
79113877 152723414
79113877 152932550
79113877 57849044
79113877 57605418
79113877 65292021
79113877 52574482
79113877 152815068
79113877 517047847
79113877 152575507
79113877 14710226
79113877 152919956
79113877 210199755
79113877 210253239
79113877 806241105
79113877 58080821
79113877 152733153
79113877 14324144
79113877 57644011
79113877 57645776
79113877 58431863
79113877 57650552
57849044 152920323
57849044 67620750
57849044 152820843
57849044 152657420
57849044 82646341
57849044 57646540
57849044 107470405
57849044 175152198
57849044 152818431
57849044 99925101
57849044 4948806
57849044 79113877
57849044 48617808
57849044 57848832
57849044 152834768
57849044 152513281
57849044 4249740
57849044 57645271
57849044 57650037
57849044 152921015
57849044 37269700
57849044 28905765
57849044 123086961
57849044 48649775
57849044 57643743
57849044 130228376
57849044 152723414
57849044 152932550
57849044 57605418
57849044 65292021
57849044 152815068
57849044 49436224
57849044 57847242
57849044 16589721
57849044 601660007
57849044 210199755
57849044 210253239
57849044 582618600
57849044 58080821
57849044 210195708
57849044 152678808
57849044 18695679
57849044 57647119
57849044 152544378
57849044 152733153
57849044 14324144
57849044 57644011
57849044 57645776
57849044 57650552
152815068 79113877
152815068 57848832
152815068 18695679
152815068 152834768
152815068 152734828
152815068 37269700
152815068 57647119
152815068 57849044
152815068 152575507
152815068 601660007
152723414 57646540
152723414 152818431
152723414 79113877
152723414 57848832
152723414 18695679
152723414 37269700
152723414 57849044
152723414 175156881
152723414 152575507
152723414 210195708
152723414 57644011
152723414 57650552
581067769 79113877
581067769 18695679
581067769 57644011
210199755 82646341
210199755 57646540
210199755 79113877
210199755 18695679
210199755 57647119
210199755 57849044
210199755 58080821
210199755 57644011
298839628 57849044
16589721 57848832
16589721 18695679
16589721 57849044
16589721 57645776
4249740 152820843
4249740 79113877
4249740 57848832
4249740 57650037
4249740 37269700
4249740 57647119
4249740 57849044
4249740 14324144
4249740 57644011
4249740 57645776
4249740 57650552
152581759 18695679
152581759 57647119
152581759 57645776
175156881 67620750
175156881 18695679
175156881 152723414
175156881 57644011
57645271 82646341
57645271 57646540
57645271 152818431
57645271 79113877
57645271 48617808
57645271 57848832
57645271 18695679
57645271 152834768
57645271 57650037
57645271 176741655
57645271 152882093
57645271 152544378
57645271 57643743
57645271 57849044
57645271 65292021
57645271 152575507
57645271 57847242
57645271 210253239
57645271 58080821
57645271 152733153
57645271 14324144
57645271 57644011
57645271 57645776
107470405 57848832
107470405 57849044
107470405 57605418
107470405 152575507
107470405 58080821
107470405 152678808
107470405 18695679
107470405 643243620
107470405 57644011
107470405 57645776
107470405 57650552
175152198 152920323
175152198 4948806
175152198 79113877
175152198 57848832
175152198 18695679
175152198 57647119
175152198 756499789
175152198 57849044
175152198 65292021
175152198 152678808
175152198 643243620
175152198 57644011
175152198 57645776
152919956 82646341
152919956 79113877
152919956 57848832
152919956 37269700
152919956 57644011
152919956 57645776
58080821 107470405
58080821 79113877
58080821 57848832
58080821 18695679
58080821 57645271
58080821 37269700
58080821 57849044
58080821 57644011
58080821 57645776
58080821 57650552
69918887 57848832
69918887 37269700
69918887 57644011
28905765 4948806
28905765 79113877
28905765 57848832
28905765 37269700
28905765 57849044
28905765 14324144
28905765 57645776
28905765 57650552
643243620 18695679
643243620 57848832
643243620 65292021
643243620 107470405
643243620 175152198
643243620 149526930
643243620 57647119
643243620 58080821
643243620 756499789
643243620 57645776
57645776 152818431
57645776 18695679
57645776 67620750
57645776 57644011
57645776 107470405
57645776 14324144
57645776 37269700
57645776 176741655
57645776 57848832
57645776 152882093
57645776 58080821
57645776 57849044
57645776 152820843
57645776 152919956
57645776 57645271
57645776 79113877
57645776 57646540
57645776 65292021
57645776 57847242
57645776 48617808
57645776 152544378
57645776 152932550
57645776 57647119
57645776 4249740
57645776 57643743
57645776 4948806
57645776 14710226
57645776 57650037
57645776 175152198
57645776 152575507
57645776 601660007
57645776 152734828
57645776 123086961
57645776 152678808
57645776 28905765
57645776 152657420
57645776 149526930
57645776 152566568
57645776 16589721
57645776 210253239
57645776 69918887
57645776 152920323
57645776 152581759
57645776 643243620
57645776 152921015
57645776 756499789
57645776 152517172
57645776 57650552
29735178 67620750
29735178 152820843
29735178 79113877
29735178 57650037
29735178 176741655
29735178 57647119
29735178 152733153
29735178 24980359
29735178 57644011
581983040 79113877
581983040 57848832
581983040 18695679
581983040 57644011
67620750 152818431
67620750 79113877
67620750 57848832
67620750 18695679
67620750 29735178
67620750 176741655
67620750 37269700
67620750 57849044
67620750 65292021
67620750 175156881
67620750 14710226
67620750 14324144
67620750 57644011
67620750 57645776
601603458 54660640
65292021 57646540
65292021 175152198
65292021 79113877
65292021 57848832
65292021 18695679
65292021 37269700
65292021 48649775
65292021 57647119
65292021 57849044
65292021 152575507
65292021 643243620
65292021 14324144
65292021 57644011
65292021 57645776
65292021 57650552
581858081 37269700
152920323 175152198
152920323 57848832
152920323 37269700
152920323 48649775
152920323 57647119
152920323 57849044
152920323 152575507
152920323 581212913
152920323 57644011
152920323 57645776
152920323 57650552
152566568 57848832
152566568 18695679
152566568 37269700
152566568 57647119
152566568 57645776
152657420 79113877
152657420 57848832
152657420 37269700
152657420 57849044
152657420 57645776
49436224 57849044
49436224 14324144
4948806 57646540
4948806 175152198
4948806 79113877
4948806 57848832
4948806 18695679
4948806 37269700
4948806 28905765
4948806 57647119
4948806 812531189
4948806 57849044
4948806 14324144
4948806 57645776
48617808 57646540
48617808 79113877
48617808 57848832
48617808 57645271
48617808 176741655
48617808 152544378
48617808 57849044
48617808 210195708
48617808 421483637
48617808 57645776
18695679 152565822
18695679 67620750
18695679 82646341
18695679 57646540
18695679 175152198
18695679 152818431
18695679 99925101
18695679 4948806
18695679 152581759
18695679 79113877
18695679 57848832
18695679 152834768
18695679 581067769
18695679 57645271
18695679 57650037
18695679 176741655
18695679 37269700
18695679 152566568
18695679 55243582
18695679 48649775
18695679 57643743
18695679 152723414
18695679 65292021
18695679 175156881
18695679 152815068
18695679 152575507
18695679 57847242
18695679 14710226
18695679 16589721
18695679 210199755
18695679 58080821
18695679 107470405
18695679 581983040
18695679 57647119
18695679 57849044
18695679 149526930
18695679 643243620
18695679 14324144
18695679 57644011
18695679 57645776
18695679 57650552
806241105 57646540
806241105 99925101
806241105 79113877
806241105 152921015
806241105 210195708
806241105 58431863
152921015 152820843
152921015 57646540
152921015 152818431
152921015 79113877
152921015 57848832
152921015 57849044
152921015 152575507
152921015 806241105
152921015 57644011
152921015 57645776
57647119 152920323
57647119 57646540
57647119 175152198
57647119 4948806
57647119 152581759
57647119 79113877
57647119 57848832
57647119 29735178
57647119 4249740
57647119 57650037
57647119 37269700
57647119 152566568
57647119 756499789
57647119 152932550
57647119 65292021
57647119 152815068
57647119 210199755
57647119 582618600
57647119 210195708
57647119 152678808
57647119 18695679
57647119 57849044
57647119 152733153
57647119 643243620
57647119 14324144
57647119 57644011
57647119 57645776
152575507 152920323
152575507 152921214
152575507 57646540
152575507 107470405
152575507 79113877
152575507 18695679
152575507 57645271
152575507 57650037
152575507 152921015
152575507 37269700
152575507 756499789
152575507 152723414
152575507 57849044
152575507 65292021
152575507 152815068
152575507 210195708
152575507 14324144
152575507 57644011
152575507 57645776
601660007 57848832
601660007 152517172
601660007 57849044
601660007 152815068
601660007 57645776
152692413 57848832
152692413 37269700
152692413 57644011
581883644 57848832
210195708 99925101
210195708 57848832
210195708 37269700
210195708 57647119
210195708 756499789
210195708 152723414
210195708 57849044
210195708 152575507
210195708 806241105
210195708 57644011
210195708 57650552
152733153 57849044
152733153 123086961
152733153 37269700
152733153 79113877
152733153 57848832
152733153 57647119
152733153 65292021
152733153 57645271
152733153 14324144
152733153 57650552
152519834 57848832
152519834 37269700
123086961 152565822
123086961 82646341
123086961 57646540
123086961 57848832
123086961 57849044
123086961 152733153
123086961 57645776
24980359 29735178
37269700 67620750
37269700 152657420
37269700 57646540
37269700 152818431
37269700 4948806
37269700 79113877
37269700 18695679
37269700 4249740
37269700 57650037
37269700 28905765
37269700 57647119
37269700 756499789
37269700 57643743
37269700 152723414
37269700 57849044
37269700 65292021
37269700 52574482
37269700 58080821
37269700 14324144
37269700 57644011
37269700 57645776
37269700 57650552
152734828 79113877
152734828 37269700
152734828 57849044
152734828 152815068
152734828 57645776
54660640 601603458
57646540 152920323
57646540 82646341
57646540 152818431
57646540 99925101
57646540 4948806
57646540 79113877
57646540 48617808
57646540 57848832
57646540 18695679
57646540 57645271
57646540 57650037
57646540 176741655
57646540 152921015
57646540 37269700
57646540 152566568
57646540 123086961
57646540 48649775
57646540 57647119
57646540 152723414
57646540 57849044
57646540 65292021
57646540 152575507
57646540 210199755
57646540 806241105
57646540 14324144
57646540 57644011
57646540 57645776
57646540 57650552
310638178 37269700
310638178 48649775
152818431 67620750
152818431 82646341
152818431 57646540
152818431 79113877
152818431 57848832
152818431 18695679
152818431 57645271
152818431 57650037
152818431 176741655
152818431 152921015
152818431 37269700
152818431 152723414
152818431 57849044
152818431 14324144
152818431 57644011
152818431 57645776
152678808 107470405
152678808 57848832
152678808 37269700
152678808 57647119
152678808 57849044
152678808 14324144
152678808 57644011
152678808 57645776
152820843 79113877
152820843 57848832
152820843 29735178
152820843 4249740
152820843 152921015
152820843 57849044
152820843 57645776
152517172 57848832
152517172 601660007
152517172 57644011
812531189 4948806
52574482 79113877
52574482 37269700
52574482 48649775
281726007 57644011
152932550 79113877
152932550 57848832
152932550 37269700
152932550 57647119
152932550 57849044
152932550 14324144
152932550 57645776
152921214 79113877
152921214 152575507
152921214 210253239
152921214 57849044
152921214 152544378
152921214 57644011
210253239 82646341
210253239 79113877
210253239 57848832
210253239 57849044
210253239 57644011
210253239 57650552
582618600 57647119
582618600 57849044
582618600 57650552
152882093 79113877
152882093 57645271
152882093 176741655
152882093 57644011
152882093 57650552
152882093 57645776
57650552 65292021
57650552 58080821
57650552 152678808
57650552 57848832
57650552 152733153
57650552 130228376
57650552 79113877
57650552 57645776
57650552 57646540
57650552 57644011
57650552 18695679
57650552 48649775
57650552 14324144
57650552 57849044
57650552 4249740
57650552 152882093
57650552 28905765
57650552 582618600
57650552 152544378
57650552 14710226
57650552 37269700
57650552 210195708
57650552 107470405
57650552 152723414
152544378 82646341
152544378 79113877
152544378 48617808
152544378 57848832
152544378 57645271
152544378 176741655
152544378 48649775
152544378 152921214
152544378 57849044
152544378 149526930
152544378 57644011
152544378 57650552
152544378 57645776
149526930 57848832
149526930 18695679
149526930 152544378
149526930 643243620
149526930 57644011
149526930 57645776
99925101 57646540
99925101 79113877
99925101 57848832
99925101 18695679
99925101 57849044
99925101 806241105
99925101 57644011
152880353 57848832
152880353 57849044
152834768 152565822
152834768 79113877
152834768 57848832
152834768 18695679
152834768 57645271
152834768 57849044
152834768 152815068
176741655 67620750
176741655 57646540
176741655 152818431
176741655 79113877
176741655 48617808
176741655 57848832
176741655 18695679
176741655 29735178
176741655 57645271
176741655 57650037
176741655 152882093
176741655 152544378
176741655 48649775
176741655 57643743
176741655 14710226
176741655 57644011
176741655 57645776
152565822 79113877
152565822 18695679
152565822 152834768
517047847 79113877
517047847 37269700
421483637 37269700
14324144 67620750
14324144 79113877
14324144 49436224
14324144 18695679
14324144 65292021
14324144 43691106
14324144 57848832
14324144 57849044
14324144 4948806
14324144 57605418
14324144 37269700
14324144 57645271
14324144 57646540
14324144 152733153
14324144 4249740
14324144 48649775
14324144 82646341
14324144 130228376
14324144 57647119
14324144 57847242
14324144 152575507
14324144 55243582
14324144 152818431
14324144 57650037
14324144 28905765
14324144 57644011
14324144 57645776
14324144 57650552
14710226 67620750
14710226 79113877
14710226 57848832
14710226 18695679
14710226 176741655
14710226 37269700
14710226 48649775
14710226 57645776
14710226 57650552
57605418 107470405
57605418 79113877
57605418 37269700
57605418 57849044
57605418 14324144
57605418 57644011
57644011 67620750
57644011 57647119
57644011 14324144
57644011 37269700
57644011 175156881
57644011 43691106
57644011 82646341
57644011 152818431
57644011 152919956
57644011 176741655
57644011 29735178
57644011 57848832
57644011 58080821
57644011 152882093
57644011 152678808
57644011 130228376
57644011 57645271
57644011 152513281
57644011 65292021
57644011 57605418
57644011 57849044
57644011 79113877
57644011 107470405
57644011 581883644
57644011 152921214
57644011 57650037
57644011 152575507
57644011 210253239
57644011 57646540
57644011 14710226
57644011 210199755
57644011 152723414
57644011 18695679
57644011 581067769
57644011 152692413
57644011 152920323
57644011 210195708
57644011 152932550
57644011 4249740
57644011 581858081
57644011 149526930
57644011 281726007
57644011 69918887
57644011 175152198
57644011 152544378
57644011 152517172
57644011 581983040
57644011 48649775
57644011 99925101
57644011 152921015
57644011 57645776
57644011 57650552
57650037 57646540
57650037 152818431
57650037 79113877
57650037 57848832
57650037 18695679
57650037 29735178
57650037 4249740
57650037 57645271
57650037 176741655
57650037 37269700
57650037 57647119
57650037 57849044
57650037 152575507
57650037 14324144
57650037 57644011
57650037 57645776
57847242 57848832
57847242 18695679
57847242 57645271
57847242 57849044
57847242 14324144
57847242 57650552
57847242 57645776
57643743 79113877
57643743 57848832
57643743 18695679
57643743 57645271
57643743 57650037
57643743 176741655
57643743 37269700
57643743 57849044
57643743 57645776
48649775 152920323
48649775 57646540
48649775 310638178
48649775 79113877
48649775 18695679
48649775 176741655
48649775 152544378
48649775 57849044
48649775 65292021
48649775 52574482
48649775 14324144
48649775 57644011
48649775 57650552
152513281 57849044
57848832 152920323
57848832 152692413
57848832 67620750
57848832 152820843
57848832 152657420
57848832 82646341
57848832 57646540
57848832 107470405
57848832 175152198
57848832 69918887
57848832 152818431
57848832 99925101
57848832 4948806
57848832 79113877
57848832 48617808
57848832 18695679
57848832 152834768
57848832 581983040
57848832 4249740
57848832 57645271
57848832 152519834
57848832 152517172
57848832 57650037
57848832 176741655
57848832 152921015
57848832 28905765
57848832 152566568
57848832 152544378
57848832 123086961
57848832 57647119
57848832 756499789
57848832 281726007
57848832 57643743
57848832 152932550
57848832 57849044
57848832 65292021
57848832 152815068
57848832 57847242
57848832 14710226
57848832 16589721
57848832 152919956
57848832 601660007
57848832 210199755
57848832 210253239
57848832 58080821
57848832 210195708
57848832 152678808
57848832 152733153
57848832 149526930
57848832 643243620
57848832 14324144
57848832 57644011
57848832 57645776
57848832 57650552
55243582 18695679
55243582 57849044
55243582 14324144
58431863 69918887
58431863 806241105
58431863 79113877
43691106 37269700
43691106 57849044
43691106 14324144
43691106 57644011
82646341 57646540
82646341 152818431
82646341 79113877
82646341 57848832
82646341 18695679
82646341 57645271
82646341 152544378
82646341 123086961
82646341 57849044
82646341 152919956
82646341 210199755
82646341 210253239
82646341 14324144
82646341 57644011
756499789 175152198
756499789 57848832
756499789 37269700
756499789 57647119
756499789 152575507
756499789 210195708
756499789 57645776
756499789 643243620
130228376 152818431
130228376 79113877
130228376 57849044
130228376 65292021
130228376 14324144
130228376 57644011
130228376 57650552
