57583637 6969430
57606408 6969430
158232672 6969430
152688885 6969430
6969430 58062269
6969430 3651689
58360648 128453001
58360648 152784690
58360648 58036030
58360648 6969430
421496881 6969430
205891000 6969430
806268556 6969430
15994535 6969430
3651689 6969430
57635485 6969430
791776340 6969430
58438192 6969430
127895035 6969430
58036030 6969430
167818248 6969430
835803226 6969430
298851199 6969430
298851199 36412495
298851199 3651689
541460285 6969430
36412495 6969430
58062269 6969430
152784690 58360648
152784690 6969430
