663328748 69683787
142493797 69683787
129180914 69683787
41996461 69683787
58087593 607639404
58087593 69683787
56041285 69683787
147930096 69683787
45425745 69683787
55172103 69683787
84254046 67040972
84254046 69683787
220610827 69683787
54352408 69683787
29927043 69683787
57401066 69683787
67040972 69683787
607639404 58087593
258401016 69683787
448595020 69683787
260680751 69683787
52108320 69683787
677175932 69683787
52061391 69683787
58127743 69683787
351006246 69683787
74825330 69683787
73182264 69683787
208426040 69683787
189713880 69683787
93249 69683787
131090596 69683787
219710099 69683787
21882315 69683787
69402824 69683787
59860901 69683787
52115662 69683787
620312075 69683787
533614587 69683787
