27342981 210230496
65259714 210261230
65259714 210230496
65401855 210230496
65401855 129996102
58183352 210230496
58183352 152891381
58183352 210261230
129996102 65401855
129996102 210230496
9023080 65401855
9023080 421498191
9023080 57480623
9023080 84590489
9023080 210230496
9023080 32890868
210261230 58082015
210261230 210230496
210261230 65259714
210261230 210215998
210261230 581417704
84590489 9023080
210215998 210230496
210215998 210261230
152891381 210230496
27860136 210230496
27860136 57480623
51651659 210230496
581417704 210230496
581417704 210261230
581417704 9023080
210230496 210261230
210230496 58082015
210230496 57480623
210230496 32890868
210230496 51651659
210230496 152891381
210230496 152884665
210230496 421498191
210230496 65259714
210230496 152595107
210230496 58183352
210230496 65401855
210230496 210215998
210230496 185277448
210230496 129985323
210230496 27860136
210230496 9023080
210230496 129996102
152595107 421498191
152595107 210230496
32890868 210230496
32890868 9023080
756533833 421498191
756533833 210230496
421498191 210230496
421498191 152595107
421498191 756533833
421498191 9023080
129985323 210230496
58082015 210261230
58082015 210230496
152884665 210230496
57480623 210230496
57480623 27860136
57480623 9023080
