384753680 27228910
450091156 27228910
350315926 27228910
448322951 27228910
448322951 81517245
199781905 27228910
131121212 27228910
35009624 27228910
148271268 53495305
148271268 6537396
148271268 260513509
180852381 27228910
206551053 27228910
159821527 27228910
98913738 27228910
98913738 39669898
98913738 34935344
44928040 27228910
54253005 27228910
168248995 27228910
168248995 424506663
168248995 7461818
34935344 27228910
34935344 98913738
4543772 27228910
52583794 27228910
451460196 27228910
39669898 27228910
39669898 98913738
322834216 27228910
27228910 449500268
27228910 131121212
128068595 27228910
549481883 27228910
549481883 448322951
316822372 27228910
7063139 27228910
14919316 27228910
260513509 148271268
51804589 27228910
58253062 27228910
51872176 27228910
698691454 27228910
383023082 27228910
72051416 27228910
7461818 27228910
44818996 27228910
434646225 27228910
449500268 27228910
6537396 27228910
6537396 148271268
81517245 27228910
497227056 27228910
155710566 27228910
53495305 27228910
53495305 148271268
5328015 27228910
50726347 27228910
453168174 27228910
67611216 27228910
144814785 27228910
