580976508 15659139
145456326 581436672
145456326 15104225
145456326 57646059
145456326 57652167
177986750 15659139
50594432 15659139
152904908 15659139
152904908 57849059
152904908 210238529
581436672 145456326
728485601 15659139
67498673 15659139
152712338 57646059
152712338 57652167
806249244 15659139
521110394 15659139
40280441 15659139
63077184 15659139
130443937 15659139
130443937 57849059
130443937 67613156
152621112 15659139
581878736 15659139
168882144 15659139
203955223 15659139
152785275 15659139
581253713 15659139
601659850 15659139
67613156 130443937
67613156 91985428
152730795 15659139
152932500 15659139
152932500 57849059
152932500 298856280
152857347 15659139
57646059 44759164
57646059 152812551
57646059 57849059
57646059 152712338
57646059 52576417
57646059 145456326
57646059 91985428
57652167 91985428
57652167 15659139
57652167 152712338
57652167 145456326
630607568 15659139
127431473 15659139
152505016 15659139
581957928 15659139
26828422 15659139
57596417 15659139
582379336 15659139
215739328 15659139
29941625 15659139
57849059 145456683
57849059 15659139
57849059 130443937
57849059 210253444
57849059 152932500
57849059 152904908
57849059 210278052
57849059 57646059
91985428 15659139
91985428 15104225
91985428 210278052
91985428 52576417
91985428 57646059
91985428 67613156
91985428 57652167
210253444 15659139
210253444 57849059
152812551 44759164
152812551 57646059
152812551 15659139
177451090 15659139
582390536 15659139
581697819 15659139
52576417 57646059
52576417 91985428
581054059 15659139
210238529 152904908
676768666 15659139
210278052 57849059
210278052 91985428
31092755 15659139
581318330 15659139
74173540 15659139
581745105 15659139
47129395 15659139
15104225 15659139
15104225 145456326
15104225 91985428
97582359 15659139
582089431 15659139
64877328 15659139
24056970 15659139
143079779 15659139
152816924 15659139
470281381 15659139
233780214 15659139
581221699 15659139
60276317 15659139
44759164 152812551
44759164 15659139
44759164 57646059
65445320 15659139
145456683 57849059
