5077644 97136683
5077644 20370673
89138255 58052129
152535092 132027173
152535092 609430659
152685054 58052129
45487487 13139115
45487487 58052129
45487487 155308939
45487487 357564210
609432093 132027173
609432093 609430659
609432093 80942154
609432093 672926351
609432093 347483281
609432093 609431635
609432093 53588967
3479462 132027173
3479462 442173526
3479462 347483281
537123763 347483281
45229472 349601015
670530825 132027173
44971948 20370673
609431635 609432093
609431635 347483281
609431635 53588967
357564210 20370673
828447834 58052129
298848917 357564210
298848917 155308939
184789535 155308939
184789535 58052129
60894915 155308939
609430545 132027173
609430545 347483281
609430545 53588967
114494693 357564210
114494693 155308939
114494693 58052129
40478727 58052129
40478727 357564210
8656007 125619243
8656007 20370673
8656007 155308939
8656007 24645258
97136683 97137051
97136683 5077644
97136683 14906081
60319879 55054380
60319879 20370673
60319879 19285426
291875109 357564210
5492689 58052129
5492689 155308939
5492689 357564210
58052129 72468790
58052129 155308939
54298127 357564210
233824383 357564210
518703308 58052129
302534797 58052129
251930213 20370673
72468788 72468790
72468788 20370673
22670775 58052129
80942154 609432093
80942154 609430659
80942154 53588967
80942154 347483281
80942154 672926351
65260048 349601015
70108190 20370673
152480868 347483281
114136584 609430659
536910229 537123763
442173526 132027173
442173526 3479462
442173526 13519431
155308939 8656007
155308939 60894915
155308939 833964555
155308939 357564210
155308939 58403953
155308939 58052129
155308939 64938055
155308939 19285426
155308939 5492689
155308939 13139115
155308939 184789535
19285426 60319879
19285426 58294711
19285426 20370673
19285426 155308939
19285426 58052129
19285426 13139115
19285426 184789535
794541364 53588967
97137051 97136683
97137051 14906081
296532729 831704688
609430659 609432093
609430659 132027173
609430659 152535092
609430659 80942154
609430659 347483281
13139115 58052129
13139115 155308939
13139115 8656007
13139115 19285426
833964555 155308939
541455463 152480868
152682024 55054380
58403953 55054380
220518041 64938055
298838230 20370673
298838230 155308939
581894011 184789535
833322549 357564210
833322549 58052129
152577632 155308939
152577632 357564210
24645258 357564210
24645258 8656007
83163276 357564210
83163276 58052129
82344407 58052129
72468790 72468788
72468790 58052129
4080209 58294711
36203917 58052129
152565274 58403953
152565274 20370673
152565274 58052129
152565274 184789535
152565274 13139115
152671024 58052129
152671024 20370673
152671024 155308939
20370673 60319879
20370673 8656007
20370673 251930213
20370673 357564210
20370673 44971948
20370673 5077644
20370673 72468788
20370673 152565274
20370673 80942154
20370673 152671024
20370673 19285426
20370673 70108190
20370673 13139115
20370673 298838230
132027173 609432093
132027173 152535092
132027173 347483281
132027173 3479462
132027173 442173526
132027173 609430659
55054380 58403953
64938055 220518041
64938055 58052129
64938055 155308939
58294711 357564210
58294711 58052129
58294711 155308939
58294711 19285426
58294711 5492689
58294711 4080209
672926351 609432093
672926351 347483281
14906081 97137051
14906081 97136683
14906081 55054380
13519431 609430659
13519431 442173526
13519431 347483281
13519431 53588967
349601015 65260048
349601015 45229472
349601015 155308939
53588967 609432093
53588967 794541364
53588967 609431635
53588967 13519431
53588967 609430545
