216084932 126093602
216084932 82118250
216084932 13825391
216084932 348221690
7563373 21763185
152691732 60280190
152691732 833344530
152691732 164374513
152691732 216084932
152691732 45822167
4409380 67498673
4409380 21763185
152513312 21763185
67498673 57645429
67498673 21763185
67498673 4409380
223834788 216084932
223834788 60280190
223834788 207069939
223834788 164374513
223834788 298849623
223834788 421462329
223834788 118288396
223834788 45822167
223834788 23300100
223834788 73198614
184789535 23300100
184789535 73198614
152565546 58322987
758020773 82118250
152926445 21763185
152926445 210191585
580582470 127540843
580582470 148029330
580582470 23300100
210202302 57650568
21763185 127540843
21763185 57645429
21763185 57847320
21763185 152513312
21763185 67498673
21763185 29561637
21763185 152914283
21763185 4409380
21763185 57650568
21763185 152696029
21763185 152926445
21763185 7563373
833332501 198437088
102326066 4409380
102326066 57650568
73198614 421479878
73198614 118288396
73198614 132483922
73198614 45822167
73198614 421462329
73198614 184789535
73198614 298849623
73198614 223834788
73198614 164374513
73198614 7276762
73198614 152596656
57645429 67498673
57645429 21763185
57645429 4409380
118288396 73198614
604167321 756511448
210191585 127540843
210191585 67498673
210191585 152784836
210191585 57650568
210191585 152696029
210191585 152926445
152596364 152821157
152596364 57847320
152596364 490443076
152596364 152596656
152596364 45822167
74593897 3979419
298849623 223834788
298849623 207069939
298849623 73198614
80328027 92496006
48701406 57847320
48701406 127540843
152596656 60280190
152596656 833344530
152596656 207069939
152596656 152596364
152596656 223834788
152596656 216084932
152596656 73198614
152596656 23300100
421462329 223834788
421462329 164374513
421462329 73198614
152696029 21763185
152696029 210191585
233965001 57847320
152914283 833344530
152914283 21763185
152914283 152596364
148029330 580582470
148029330 57847320
127540843 580582470
127540843 210191585
127540843 21763185
127540843 48701406
62063055 45822167
269168015 58322987
152821157 58322987
152821157 152596364
60280190 223834788
756511448 833344530
756511448 604167321
756511448 216084932
756511448 723680267
833356647 833344530
833356647 57650568
58322987 152821157
58322987 92496006
58322987 57847320
58322987 58107925
58322987 269168015
58322987 152565546
164374513 223834788
164374513 198437088
164374513 152691732
164374513 421462329
164374513 45822167
164374513 73198614
421479878 73198614
833344530 833356647
7276762 73198614
3979419 74593897
3979419 216084932
207069939 223834788
207069939 298849623
207069939 152596656
490443076 152596364
756496178 216084932
29561637 92496006
29561637 21763185
57650568 21763185
57650568 210191585
57650568 833356647
57650568 102326066
198437088 216084932
198437088 152481124
198437088 164374513
198437088 833332501
198437088 23300100
58107925 58322987
92496006 29561637
92496006 58322987
92496006 57650568
92496006 80328027
92496006 73198614
57847320 148029330
57847320 58322987
57847320 21763185
57847320 233965001
57847320 152596364
57847320 48701406
152784836 210191585
348221690 216084932
45822167 164374513
45822167 152596364
45822167 223834788
45822167 833344530
45822167 152691732
45822167 62063055
45822167 60280190
45822167 7276762
45822167 73198614
82118250 758020773
132483922 23300100
132483922 73198614
132483922 7276762
