44153887 127172807
92514139 19561467
44973060 127172807
48753776 19561467
45064156 127172807
164035096 19561467
52597867 19561467
61861493 127172807
43790237 19561467
43790237 127172807
59279805 127172807
13924894 127172807
128181867 19561467
127180671 127170312
61240197 19561467
61240197 127172807
48704359 60483280
127839972 127172807
45056784 19561467
45056784 127172807
20298438 127172807
61240285 19561467
61240285 68952262
61240285 127172807
134234407 68952262
134234407 127172807
57380050 19561467
57380050 127172807
118793638 19561467
38612467 20298438
38612467 127172807
654082765 19561467
25362955 19561467
44035078 127172807
8005510 19561467
57481576 127486297
57481576 19561467
57481576 127172807
20504617 19561467
121938184 19561467
94038368 127486297
94038368 19561467
94038368 127172807
12202567 19561467
12202567 68952262
60250769 127172807
56966466 19561467
68952262 19561467
44679348 19561467
149076103 19561467
127486297 127172807
129639775 127172807
43988661 19561467
43988661 127172807
508039494 130572325
28592918 19561467
28592918 127172807
58275169 127180671
60483280 48704359
43824613 19561467
43824613 127172807
