152576654 127256674
210265763 101697033
210265763 127256674
581647661 127256674
101697033 127256674
152915106 127256674
471807901 129828082
46866311 582098967
46866311 44755158
46866311 127256674
201284921 602873373
201284921 127256674
836611638 127256674
549310998 127256674
130228714 127256674
152913431 127256674
152913431 471807901
581212647 127256674
154956267 127256674
129828082 44755158
129828082 471807901
490439233 44755158
57443675 127256674
582162016 32019400
223579305 127256674
582098967 127256674
215735979 127256674
44750173 582098967
633989416 127256674
127256674 582098967
127256674 152915106
421468926 127256674
580921522 127256674
42084270 44755158
602873373 833454607
602873373 127256674
602873373 201284921
498981184 127256674
199885277 127256674
150810482 127256674
32019400 602873373
32019400 582162016
32019400 152499714
152564600 127256674
44755158 46866311
44755158 490439233
44755158 42084270
44755158 127256674
44755158 129828082
582347588 127256674
210196180 127256674
152499714 32019400
580915908 127256674
