56841110 58278996
56841110 57599505
56841110 635187542
56841110 516129813
56841110 328275483
152670429 65336728
61370761 52548370
61370761 54422236
61370761 58278996
61370761 54407354
61370761 37328289
299663618 56841110
299663618 52548370
299663618 54422236
299663618 37328289
299663618 833310976
299663618 692822971
299663618 205885406
54409998 52548370
215747282 65336728
642477312 52548370
642477312 635187542
58168453 52548370
58168453 54422236
58168453 205885369
56581219 52548370
56581219 54422236
56581219 54407354
56581219 833310976
37328289 65355062
37328289 40703631
37328289 58278996
37328289 61370761
37328289 205885112
37328289 129327983
37328289 635187542
37328289 538097046
37328289 299663618
37328289 205885406
205888224 57599505
205888224 833310976
582090024 65336728
9064022 52548370
9064022 692822971
9064022 538097046
60521826 52548370
60521826 205885112
57599505 56841110
57599505 205885163
57599505 52548370
57599505 54407354
57599505 298852801
57599505 205888224
57599505 56943931
57599505 58291843
57599505 302919904
57599505 205885406
67305119 52548370
67305119 205885112
67305119 54407354
67305119 4522625
67305119 677424609
67305119 833310976
67305119 302919904
67305119 692822971
67305119 298859882
67305119 328275483
56243852 56841110
56243852 52548370
205885406 52548370
205885406 692822971
205885406 205885112
205885406 57599505
205885406 37328289
205885406 54407354
205885406 635187542
205885406 299663618
205885406 54422236
17178258 52548370
17178258 833310976
67210877 52548370
67210877 54407354
67210877 635187542
67210877 833310976
56943931 52548370
56943931 54422236
56943931 54407354
56943931 57599505
56943931 205888224
56943931 635187542
56943931 677424609
56943931 58291843
56943931 298859882
56943931 205885369
56943931 298851098
56943931 127204050
58033669 52548370
328275483 52548370
328275483 56841110
302919904 52548370
302919904 54422236
302919904 54407354
302919904 67305119
501327051 56841110
677278059 52548370
129327983 56841110
129327983 52548370
129327983 54407354
129327983 37328289
210195629 65336728
142736430 56841110
142736430 52548370
142736430 833310976
132956400 52548370
298851098 52548370
298851098 58278996
298851098 56943931
298851098 82512855
298851098 37328289
516129813 56841110
692822971 52548370
58172366 52548370
82512855 56841110
82512855 52548370
82512855 635187542
82512855 833310976
82512855 298851098
298856387 52548370
298856387 205885112
298856387 54407354
298856387 58291843
22016863 52548370
22016863 54407354
22016863 57641523
58278996 56841110
58278996 52548370
58278996 61370761
58278996 205885112
58278996 18530295
58278996 37328289
58278996 298851098
298859882 54407354
46910344 215747282
46910344 212448435
15679623 56841110
15679623 52548370
58291843 52548370
58291843 57599505
58291843 56943931
58291843 635187542
58291843 298856387
601785875 56841110
97599517 52548370
205885369 52548370
205885369 54422236
205885369 54407354
205885369 56943931
205885369 833310976
205885369 58168453
205885369 205885163
205885369 677511909
54422236 56841110
54422236 65355062
54422236 52548370
54422236 40703631
54422236 58278996
54422236 56581219
54422236 61370761
54422236 205885112
54422236 54407354
54422236 57641523
54422236 298852801
54422236 205888224
54422236 56943931
54422236 82512855
54422236 152602332
54422236 58291843
54422236 298859882
54422236 205885369
54422236 299663618
54422236 537634717
54422236 302919904
54422236 58168453
54422236 205885406
635187542 56841110
635187542 642477312
635187542 56943931
635187542 82512855
635187542 37328289
635187542 833310976
635187542 58291843
635187542 67210877
635187542 205885406
4522625 52548370
4522625 67305119
65355062 52548370
65355062 54407354
65355062 37328289
56877371 52548370
56877371 499611397
152656171 65336728
57641523 52548370
57641523 692822971
541455439 52548370
541455439 692822971
677511909 56841110
677511909 65355062
677511909 52548370
677511909 58278996
677511909 833310976
677511909 205885369
205885163 52548370
205885163 57599505
205885163 205885369
434412070 52548370
499611397 56877371
54407354 65355062
54407354 54422236
54407354 56581219
54407354 61370761
54407354 205885112
54407354 22016863
54407354 57599505
54407354 56943931
54407354 205885369
152602332 52548370
152602332 54422236
152602332 833310976
52576560 52548370
52576560 692822971
212448435 46910344
98604497 52548370
18530295 56841110
18530295 52548370
541450860 52548370
138039657 52548370
167791304 127204050
298852801 52548370
298852801 54422236
298852801 57599505
103066650 833310976
541451566 52548370
205885112 54422236
205885112 58278996
205885112 54407354
205885112 298856387
205885112 37328289
205885112 60521826
205885112 67305119
205885112 205885406
65336728 152670429
65336728 215747282
65336728 299741412
65336728 210195629
65336728 152656171
65336728 582090024
37772218 52548370
299741412 65336728
84442604 52548370
833310976 56581219
833310976 205888224
833310976 635187542
833310976 82512855
833310976 17178258
833310976 142736430
833310976 205885369
833310976 677511909
833310976 299663618
833310976 67210877
833310976 67305119
833310976 103066650
677424609 56841110
677424609 52548370
677424609 56943931
537634717 54422236
538097046 9064022
127204050 692822971
127204050 56943931
127204050 52548370
58400066 52548370
634209531 52548370
