806257612 57645600
806257612 45227967
7530517 152627543
215749918 45227967
152687282 45227967
152687282 57647772
152687282 152836004
164374623 129615396
164374623 57645600
164374623 45542773
164374623 44758756
164374623 36871474
164374623 152933302
164374623 35613780
164374623 210208354
164374623 57650559
164374623 152880420
164374623 35586982
164374623 57647998
164374623 152907798
5733009 129615396
5733009 152953640
5733009 72810656
5733009 57645600
5733009 45227967
5733009 44758756
5733009 138296259
5733009 29379263
5733009 57647998
5733009 57646248
47689681 57645600
47689681 45227967
47689681 92081322
47689681 152933302
47689681 7828296
47689681 57647998
47689681 152435224
47689681 57646248
129615396 4806761
129615396 164374623
129615396 72810656
129615396 57645600
129615396 5733009
129615396 45227967
129615396 45542773
129615396 44758756
129615396 36871474
129615396 152571871
129615396 138296259
129615396 210208354
129615396 50615025
129615396 57646504
129615396 3323934
129615396 42113947
129615396 57647998
129615396 57646248
581744570 36871474
123996288 44758756
581212405 57645600
581212405 45227967
57647772 110951546
57647772 130523993
57647772 57645600
57647772 152687282
57647772 36871474
57647772 152571871
57647772 57647998
57647772 57646248
152817590 57645600
152817590 45227967
152817590 138296259
152817590 57647998
152953640 57645600
152953640 5733009
152953640 45227967
152953640 36871474
152953640 152878606
152953640 57646248
152953640 44759999
152448688 45227967
152448688 152435224
152448688 152816678
152929683 45227967
152929683 7828296
152856518 129615396
152856518 72810656
152856518 5733009
152856518 45227967
152856518 44758756
152856518 138296259
152856518 57646248
152726971 152808280
152726971 45227967
152726971 57645600
42014436 45227967
42014436 36871474
42014436 57645600
581681909 57648781
581681909 57645600
581681909 45227967
57645600 4806761
57645600 57648781
57645600 152891650
57645600 110951546
57645600 57643709
57645600 129615396
57645600 152953640
57645600 164374623
57645600 130523993
57645600 72810656
57645600 152879629
57645600 5733009
57645600 51039327
57645600 45227967
57645600 57647772
57645600 692966532
57645600 298850316
57645600 45542773
57645600 152836004
57645600 44758756
57645600 581601913
57645600 36871474
57645600 152571871
57645600 253965887
57645600 152817590
57645600 39231186
57645600 152602314
57645600 92081322
57645600 138296259
57645600 29379263
57645600 152933302
57645600 47689681
57645600 35613780
57645600 210208354
57645600 37555957
57645600 152929683
57645600 806257612
57645600 57646504
57645600 57650559
57645600 3323934
57645600 7828296
57645600 152880420
57645600 42113947
57645600 57647998
57645600 152630232
57645600 57646248
57645600 152816678
57645600 44759999
57645600 42014436
57645600 152726971
57645600 152815768
57645600 152907798
45542773 129615396
45542773 164374623
45542773 57645600
45542773 50615025
45542773 42113947
45542773 57647998
45542773 44759999
152836004 45227967
152836004 152687282
152836004 152816678
92081322 57648781
92081322 57645600
92081322 45227967
92081322 36871474
92081322 47689681
92081322 57646504
92081322 152815768
36871474 57648781
36871474 129615396
36871474 35336765
36871474 152953640
36871474 164374623
36871474 130523993
36871474 72810656
36871474 152879629
36871474 57645600
36871474 45227967
36871474 57647772
36871474 692966532
36871474 44758756
36871474 198437088
36871474 92081322
36871474 35613780
36871474 210208354
36871474 581744570
36871474 3323934
36871474 7828296
36871474 210221105
36871474 152880420
36871474 57647998
36871474 34154346
36871474 44759999
36871474 42014436
36871474 152907798
37555957 57643709
37555957 57645600
37555957 44758756
37555957 18425050
37555957 152808280
37555957 152931709
152435224 47689681
152435224 581142163
152435224 45227967
50615025 129615396
50615025 45542773
50615025 152931709
50615025 57646248
152907798 36871474
152907798 152880420
152907798 57645600
152907798 129615396
152907798 44758756
152907798 152879629
152907798 164374623
152907798 45227967
152907798 138296259
34154346 7530517
34154346 45227967
34154346 36871474
34154346 138296259
34154346 44758756
130523993 152627543
130523993 57645600
130523993 45227967
130523993 57647772
130523993 44758756
130523993 138296259
130523993 210221105
130523993 57646248
57646504 129615396
57646504 72810656
57646504 152879629
57646504 57645600
57646504 45227967
57646504 44758756
57646504 92081322
57646504 138296259
57646504 29379263
57646504 581744570
57646504 57647998
57646504 152630232
57646504 57646248
57646504 152726971
152571871 57643709
152571871 152879629
152571871 57645600
152571871 45227967
152571871 57647772
152571871 152880420
152571871 57646248
49363307 45227967
152808280 72810656
152808280 45227967
152808280 44758756
152808280 152933302
152808280 37555957
152808280 152726971
155843305 581681909
155843305 45227967
42113947 129615396
42113947 57645600
42113947 45227967
42113947 45542773
42113947 138296259
42113947 210208354
42113947 57647998
42113947 57646248
152630232 44758756
152630232 57646504
152630232 57645600
152630232 57647998
152630232 152816678
152601530 152816678
152891650 57645600
152891650 45227967
152933302 164374623
152933302 57645600
152933302 45227967
152933302 47689681
152879629 45227967
152879629 44758756
152879629 36871474
152879629 152571871
152879629 57646504
152879629 581681909
152879629 298850316
152879629 57646248
152879629 152907798
110951546 4806761
110951546 57645600
110951546 45227967
110951546 57647772
110951546 44758756
110951546 7828296
110951546 44759999
152816678 45227967
152816678 57645600
152816678 152836004
152816678 152601530
152816678 57647998
152816678 44759999
210208354 57648781
210208354 129615396
210208354 164374623
210208354 57645600
210208354 45227967
210208354 44758756
210208354 36871474
210208354 42113947
210208354 57647998
210208354 57646248
35613780 164374623
35613780 57645600
35613780 36871474
35613780 57647998
57643709 4806761
57643709 152571871
57643709 138296259
57643709 37555957
57643709 57647998
58163904 45227967
4806761 129615396
4806761 35336765
4806761 57645600
4806761 45227967
4806761 57650559
45227967 57648781
45227967 72810656
45227967 152879629
45227967 152856518
45227967 7530517
45227967 152631327
45227967 29379263
45227967 152933302
45227967 210208354
45227967 152929683
45227967 7828296
45227967 210221105
45227967 42113947
45227967 152931709
152602314 57645600
152602314 45227967
152631899 57645600
152631899 45227967
582018239 45227967
152499893 45227967
18425050 37555957
18425050 3323934
29379263 45227967
29379263 57646504
210223015 57647998
3323934 44758756
3323934 57647998
581601913 57645600
581601913 5733009
581601913 45227967
581601913 57646248
834362066 45227967
152627543 130523993
152627543 45227967
152627543 44758756
152627543 7530517
152878606 152953640
152878606 45227967
138296259 57643709
138296259 129615396
138296259 130523993
138296259 57645600
138296259 5733009
138296259 51039327
138296259 45227967
138296259 44758756
138296259 152856518
138296259 152817590
138296259 57646504
138296259 57650559
138296259 3323934
138296259 210221105
138296259 42113947
138296259 57647998
138296259 34154346
138296259 57646248
138296259 152907798
72810656 129615396
72810656 581681909
72810656 57645600
72810656 5733009
72810656 45227967
72810656 44758756
72810656 36871474
72810656 152808280
72810656 57646504
72810656 57646248
298858915 45227967
581142163 45227967
581142163 152435224
152815768 44758756
152815768 92081322
152815768 57645600
152815768 45227967
44758756 57648781
44758756 110951546
44758756 152627543
44758756 129615396
44758756 123996288
44758756 164374623
44758756 130523993
44758756 72810656
44758756 152879629
44758756 57645600
44758756 5733009
44758756 45227967
44758756 298850316
44758756 152856518
44758756 36871474
44758756 198437088
44758756 138296259
44758756 210208354
44758756 152808280
44758756 37555957
44758756 57646504
44758756 3323934
44758756 57647998
44758756 152630232
44758756 34154346
44758756 57646248
44758756 152815768
44758756 152907798
57650559 164374623
57650559 57645600
57650559 138296259
57650559 152816678
44759999 152953640
44759999 110951546
44759999 152880420
44759999 253965887
44759999 36871474
44759999 152816678
44759999 45227967
44759999 45542773
44759999 57645600
44759999 57647998
198437088 45227967
198437088 44758756
198437088 36871474
35557456 152631327
35557456 3323934
152631327 35557456
152631327 45227967
39231186 57645600
39231186 45227967
57646248 57645600
57646248 72810656
57646248 35336765
57646248 152880420
57646248 210208354
57646248 45227967
57646248 44758756
57646248 129615396
57646248 152953640
57646248 42113947
57646248 253965887
57646248 57646504
57646248 152879629
57646248 138296259
57646248 5733009
57646248 581681909
57646248 57647772
57646248 581601913
57646248 57647998
57646248 152856518
57646248 57648781
57646248 130523993
57646248 152571871
57646248 152907798
35586982 164374623
152839479 45227967
57647998 152880420
57647998 42113947
57647998 57645600
57647998 44758756
57647998 57646504
57647998 138296259
57647998 45227967
57647998 210223015
57647998 57643709
57647998 57648781
57647998 210208354
57647998 36871474
57647998 5733009
57647998 164374623
57647998 3323934
57647998 57647772
57647998 35613780
57647998 129615396
57647998 45542773
57647998 47689681
57647998 152817590
57647998 152630232
57647998 57646248
57647998 152816678
57647998 44759999
50954473 45227967
152880420 57648781
152880420 164374623
152880420 72810656
152880420 57645600
152880420 36871474
152880420 152571871
152880420 57650559
152880420 3323934
152880420 57647998
152880420 57646248
152880420 44759999
152880420 152907798
152931709 45227967
152931709 50615025
152931709 37555957
7828296 110951546
7828296 581681909
7828296 45227967
7828296 36871474
7828296 47689681
7828296 152929683
253965887 44759999
35336765 110951546
35336765 36871474
35336765 3323934
51039327 130523993
51039327 57645600
51039327 45227967
51039327 138296259
298850316 57645600
298850316 44758756
298850316 152879629
210221105 130523993
210221105 45227967
210221105 36871474
210221105 138296259
