112906672 60322436
137682129 833860228
142315394 60322436
41270292 60322436
41270292 211537607
41270292 84198879
253899006 60322436
253899006 137682129
57162052 60322436
521864372 60322436
240942977 60322436
240942977 164160986
240942977 835995382
240942977 211533030
689472790 60322436
274989609 60322436
60319025 60322436
54206983 60322436
211525818 60322436
687039647 60322436
243510139 60322436
60323275 60322436
177268738 60322436
521865856 60322436
200103854 60322436
60323133 60322436
149672193 60322436
472236924 60322436
149242047 60322436
835995382 60322436
833860228 137682129
45482670 60322436
350319633 60322436
836611573 60322436
605342862 60322436
836611460 60322436
123549735 60322436
154908322 60322436
211533030 89065688
211533030 60322436
521865680 60322436
836611683 60322436
164160986 60322436
147873129 60322436
89090386 60322436
257771540 60322436
31095409 60322436
176115315 211537175
836611627 517295562
836611627 60322436
801916223 60322436
151005150 60322436
95712579 60322436
24044654 60322436
41275879 60322436
295202731 60322436
128002085 60322436
128002085 137682129
58410751 253899006
58410751 60322436
58410751 211533030
12260741 60322436
530840709 60322436
199823218 60322436
8527064 60322436
833371494 60322436
319617031 60322436
497845492 60322436
421469120 60322436
156304711 60322436
163971465 60322436
34325871 60322436
89065688 60322436
89065688 211533030
211524710 60322436
241434557 60322436
211537175 176115315
211537175 64457458
211537175 137682129
211537175 60322436
521857816 60322436
211537607 60322436
517295562 836611627
517295562 60322436
224562969 60322436
179693141 60322436
72405730 60322436
64457458 60322436
246692205 60322436
815223821 60322436
834105982 60322436
310414491 60322436
509662129 60322436
121750858 60322436
84198879 211537607
173658132 60322436
694784915 60322436
233461841 60322436
97195906 60322436
37275794 60322436
37275794 54301482
54301482 60322436
