152809296 127598920
580904677 127598920
152956591 127598920
634006620 127598920
630814127 175485369
630814127 152930424
630814127 127598920
152688737 127598920
152688737 152696219
152688737 57644714
152688737 152678887
152485429 127598920
152485429 8757374
152485429 57644714
152485429 9555261
152485429 152622825
806259930 127598920
152678887 35915258
152678887 152928029
152678887 107496011
152678887 57589857
152678887 57644714
152678887 152580666
152678887 152688737
152678887 152696219
152678887 128892985
152678887 57643274
10285276 152928029
10285276 129051466
10285276 127598920
10285276 40177502
10285276 18405719
152921991 127598920
152906237 152928029
152906237 152921445
152906237 127598920
152906237 152858050
152906237 57589857
152906237 57643274
152580666 127598920
152580666 152603884
152580666 8757374
152580666 57589857
152580666 57643274
152580666 152678887
152580666 57651131
152622825 57589857
152622825 127598920
152622825 152485429
152622825 57643922
152622825 128892985
152622825 152816638
152839404 127598920
224315986 127598920
215756378 127598920
215756378 152603884
215756378 8757374
215756378 58448093
52575091 127598920
108990525 127598920
57483895 127598920
57483895 57589857
57483895 40177502
57483895 152954198
57483895 152930424
57483895 152816638
57483895 152619948
57483895 57644714
57483895 57651131
812549035 127598920
132722039 152928029
132722039 57644714
132722039 152954198
132722039 57589857
40177502 152921445
40177502 127598920
40177502 10285276
40177502 152930424
40177502 58285971
40177502 152619948
40177502 152797030
40177502 7556079
40177502 18405719
40177502 57483895
40177502 152941181
581524615 127598920
581524615 3708499
175485369 127598920
175485369 630814127
152858050 127598920
152858050 152906237
152858050 57643274
152890049 127598920
152954198 57643922
152954198 152816638
152954198 35915258
152954198 127598920
152954198 152733123
152954198 57644714
152954198 57589857
152954198 18405719
582131693 152928029
57643922 57645030
57643922 127598920
57643922 128892985
57643922 57644714
57643922 152954198
57643922 57589857
57643922 44759586
57643922 57643274
57643922 152622825
57643922 57651131
152907738 127598920
152907738 152932409
152907738 35332735
152907738 152857437
152907738 107496011
152921670 152928029
152921670 127598920
152921670 57644714
152921670 57589857
152921670 152733501
581909923 127598920
581909923 57589857
35915258 152928029
35915258 152921445
35915258 152954198
35915258 40177502
35915258 7556079
35915258 57644714
35915258 152678887
35915258 57651131
35915258 58448093
128892985 57643922
128892985 152816638
128892985 57645030
128892985 44755018
128892985 215756378
128892985 127598920
128892985 101696580
128892985 57644714
128892985 35332735
128892985 65272782
128892985 57589857
128892985 152857437
128892985 57643274
128892985 18405719
128892985 152678887
128892985 152622825
128892985 57651131
128892985 58448093
581239693 127598920
44755018 127598920
44755018 128892985
152733123 35915258
152733123 127598920
152733123 152954198
145456351 152928029
145456351 44759586
152941181 127598920
152734492 127598920
152816638 127598920
31829546 127598920
31829546 7556079
152619948 127598920
152619948 40177502
152619948 57483895
9555261 57644714
9555261 152701368
9555261 57589857
9555261 152684854
9555261 127598920
9555261 152485429
9555261 128501227
9555261 57651131
57589857 57643922
57589857 152928029
57589857 152674749
57589857 369230437
57589857 127598920
57589857 3708499
57589857 128892985
57589857 152603870
57589857 132722039
57589857 152906237
57589857 152890049
57589857 152580666
57589857 57644714
57589857 35332735
57589857 152954198
57589857 152921670
57589857 65272782
57589857 40177502
57589857 581909923
57589857 152545144
57589857 44759586
57589857 9555261
57589857 57643274
57589857 18405719
57589857 152678887
57589857 152622825
57589857 57483895
57589857 57651131
57589857 58448093
65272782 127598920
65272782 128892985
65272782 57589857
65272782 58448093
7556079 31829546
7556079 35915258
7556079 40177502
182091372 127598920
57645030 57643922
57645030 127598920
57645030 128892985
57645030 57644714
57645030 35332735
152857437 127598920
152857437 128892985
152857437 132722039
152857437 152907738
152857437 57589857
152817305 127598920
152817305 8757374
3708499 127598920
3708499 57589857
152928029 35915258
152928029 582131693
152928029 10285276
152928029 132722039
152928029 145456351
152928029 152809296
152928029 152906237
152928029 8757374
152928029 107496011
152928029 57644714
152928029 152921670
152928029 57643274
152928029 152678887
152928029 57651131
152682141 57589857
152682141 127598920
152682141 152603870
152701368 127598920
152701368 9555261
152701368 57643274
152701368 57651131
152687279 127598920
152932409 127598920
505460223 127598920
50885356 127598920
57643274 128501227
57643274 128892985
57643274 129051466
57643274 57644714
57643274 152858050
57643274 57589857
57643274 57643922
57643274 152928029
57643274 9555261
57643274 152906237
57643274 127598920
57643274 152701368
57643274 35332735
57643274 152580666
57643274 215756378
57643274 152678887
57643274 57651131
683987306 152816638
683987306 127598920
152684854 127598920
152684854 152603870
152684854 152809296
152684854 57644714
152684854 9555261
152684854 18405719
129051466 127598920
129051466 10285276
129051466 57643274
152797030 127598920
58448093 128892985
58448093 57589857
58448093 35915258
58448093 57644714
58448093 18405719
58448093 152674749
58448093 215756378
58448093 127598920
58448093 65272782
58448093 152816638
44759586 57643922
44759586 127598920
44759586 152930424
44759586 145456351
44759586 57589857
152545144 57644714
152545144 57589857
30099038 127598920
152733501 127598920
152733501 107496011
152733501 152921670
152733501 40177502
57651131 128892985
57651131 128501227
57651131 57644714
57651131 57589857
57651131 35915258
57651131 152928029
57651131 57643922
57651131 127598920
57651131 152580666
57651131 9555261
57651131 57643274
57651131 152701368
57651131 57483895
57651131 152816638
57651131 107496011
57651131 152696219
57651131 58448093
688969500 127598920
18405719 57589857
18405719 40177502
18405719 152930424
18405719 127598920
18405719 10285276
18405719 128892985
18405719 152684854
18405719 152797030
18405719 152816638
18405719 58448093
634139828 127598920
152674749 57589857
152603870 152816638
152603870 127598920
152603870 57589857
152930424 127598920
152930424 35332735
152930424 40177502
152930424 44759586
152930424 18405719
152930424 57483895
57644714 57643922
57644714 152928029
57644714 57645030
57644714 152485429
57644714 152688737
57644714 127598920
57644714 128892985
57644714 152696219
57644714 132722039
57644714 152954198
57644714 152921670
57644714 152684854
57644714 57589857
57644714 152545144
57644714 35915258
57644714 8757374
57644714 9555261
57644714 57643274
57644714 152678887
57644714 57483895
57644714 57651131
57644714 58448093
99558713 127598920
369230437 57643922
369230437 57589857
58285971 127598920
58285971 40177502
152696219 152688737
152696219 57644714
152696219 152678887
152696219 57651131
128475016 127598920
35332735 57645030
35332735 127598920
35332735 128892985
35332735 152930424
35332735 57643274
8757374 152485429
8757374 152817305
8757374 215756378
8757374 127598920
8757374 152580666
8757374 152684854
8757374 35915258
8757374 57644714
128501227 9555261
128501227 57643274
128501227 57651131
101696580 152816638
101696580 127598920
101696580 128892985
152603884 215756378
152603884 127598920
152603884 152580666
107496011 152928029
107496011 127598920
107496011 152907738
107496011 152678887
107496011 152733501
107496011 57651131
152921445 35915258
152921445 127598920
152921445 152906237
