695853777 57649144
695853777 58402632
695853777 534884289
695853777 152566538
695853777 298852070
695853777 833321058
695853777 717989545
695853777 152906268
695853777 57647440
695853777 152857738
695853777 152726388
695853777 139708760
695853777 59745727
695853777 39082640
695853777 57647869
695853777 534753509
695853777 152620305
695853777 152888886
695853777 591867546
695853777 152575842
695853777 177229603
695853777 52583175
695853777 534767238
788844479 298852070
788844479 57649144
788844479 591867546
788844479 139708760
788844479 177229603
152482330 57649144
5911938 64962084
44759339 152620305
52583175 298852070
52583175 152682121
52583175 152906268
52583175 58402632
52583175 57649144
52583175 833321058
52583175 224332830
52583175 39082640
52583175 152857738
52583175 788854047
52583175 534799019
52583175 57647440
52583175 152620305
52583175 144758518
298852070 788844479
298852070 152682121
298852070 152906268
298852070 58402632
298852070 57649144
298852070 58313942
298852070 52583175
298852070 581701828
298852070 57647869
298852070 152857738
298852070 591867546
298852070 788854047
298852070 152891112
298852070 534884289
298852070 534853119
298852070 57647440
298852070 177229603
298852070 695853777
152920937 57649144
152920937 152891112
152920937 64962084
152920937 152620305
152920937 128184179
581701828 57649144
50652048 152575842
50652048 57649144
50652048 58078361
50652048 731772248
50652048 39082640
50652048 152566538
50652048 139708760
50652048 130380043
50652048 152578600
50652048 57649323
50652048 58424256
50652048 534799019
50652048 152891112
50652048 61632009
50652048 52575639
50652048 177229603
50652048 129910796
58026523 57649144
152500687 152673412
224332830 152906268
224332830 58402632
224332830 52583175
224332830 152857738
129910796 534799019
129910796 50652048
129910796 57649144
58078361 57649144
58078361 50652048
152682121 298852070
152682121 152906268
152682121 58402632
152682121 57649144
152682121 52583175
152682121 57649323
152682121 39082640
152682121 152857738
152682121 591867546
152682121 788854047
152682121 152850790
152682121 177229603
52575639 39082640
52575639 534799019
52575639 57649323
52575639 57649144
52575639 152566538
52575639 50652048
52575639 152620305
52575639 177229603
52575639 128184179
57647440 298852070
57647440 58402632
57647440 57649144
57647440 58078361
57647440 731772248
57647440 39082640
57647440 57647869
57647440 788858379
57647440 788854047
57647440 52583175
57647440 57649323
57647440 58424256
57647440 50652048
57647440 534799019
57647440 61632009
57647440 52575639
57647440 177229603
57647440 171819482
152726388 152575842
152726388 57649144
152726388 591867546
152726388 177229603
57647869 152575842
57647869 298852070
57647869 57649144
57647869 731772248
57647869 57649323
57647869 39082640
57647869 534753509
57647869 58424256
57647869 788858379
57647869 152566538
57647869 534799019
57647869 57647440
57647869 177229603
57647869 138566629
57647869 695853777
57647869 128184179
25402315 57647440
25402315 177229603
152850790 152682121
152850790 152906268
152850790 57649144
152850790 177229603
152801139 57649144
152801139 152620305
152801139 601611529
171819482 139708760
171819482 177229603
152906268 152575842
152906268 298852070
152906268 152682121
152906268 58402632
152906268 152673412
152906268 57649144
152906268 52583175
152906268 224332830
152906268 57649323
152906268 39082640
152906268 534753509
152906268 152857738
152906268 591867546
152906268 788854047
152906268 152566538
152906268 152850790
152906268 152620305
152906268 177229603
152906268 695853777
128184179 210253444
128184179 152920937
128184179 177229603
128184179 57647869
128184179 58424256
128184179 413393096
128184179 52575639
128184179 534799019
128184179 39082640
128184179 298856633
128184179 32437679
128184179 187488789
130380043 57649144
130380043 39082640
130380043 139708760
130380043 50652048
130380043 177229603
130380043 128184179
64962084 152920937
64962084 5911938
138566629 57649144
138566629 152620305
138566629 57647869
138566629 5911938
152594633 57649144
152594633 177229603
152594633 152620305
833321058 58402632
833321058 57649144
833321058 52583175
833321058 591867546
833321058 717989545
833321058 695853777
58145356 152575842
58145356 57649144
58145356 534753509
58145356 144758518
601611529 152575842
601611529 152801139
39082640 152575842
39082640 152682121
39082640 167493409
39082640 130380043
39082640 57649144
39082640 58078361
39082640 731772248
39082640 57649323
39082640 57647869
39082640 8054928
39082640 534753509
39082640 58424256
39082640 591867546
39082640 50652048
39082640 25402315
39082640 152566538
39082640 534799019
39082640 57647440
39082640 61632009
39082640 52575639
39082640 152620305
39082640 67521732
39082640 59745727
39082640 695853777
39082640 128184179
39082640 534767238
32437679 128184179
152857738 298852070
152857738 152682121
152857738 152906268
152857738 57649144
152857738 224332830
152857738 591867546
152857738 177229603
58402632 152575842
58402632 298852070
58402632 152682121
58402632 152906268
58402632 534767238
58402632 57649144
58402632 52583175
58402632 833321058
58402632 58078361
58402632 224332830
58402632 57649323
58402632 39082640
58402632 534753509
58402632 152857738
58402632 788858379
58402632 223813312
58402632 591867546
58402632 50652048
58402632 788854047
58402632 152566538
58402632 534799019
58402632 152891112
58402632 57647440
58402632 717989545
58402632 61632009
58402632 152620305
58402632 67521732
58402632 59745727
58402632 177229603
58402632 152920653
58402632 695853777
58402632 171819482
152432403 177229603
152432403 152620305
152432403 152906268
152432403 152575842
152432403 788858379
534799019 152575842
534799019 56370281
534799019 57649144
534799019 39082640
534799019 534753509
534799019 25402315
534799019 152566538
534799019 139708760
534799019 57649323
534799019 58424256
534799019 50652048
534799019 52575639
534799019 59745727
534799019 129910796
40225903 57649144
57465044 57649144
80358460 57649144
534753509 152575842
534753509 152906268
534753509 152888886
534753509 534767238
534753509 57649144
534753509 39082640
534753509 57647869
534753509 58424256
534753509 788858379
534753509 223813312
534753509 591867546
534753509 152566538
534753509 534799019
534753509 58145356
534753509 139708760
534753509 152620305
534753509 177229603
298856633 57649144
298856633 128184179
239650985 57649144
187488789 128184179
57649323 152575842
57649323 152682121
57649323 152906268
57649323 58402632
57649323 167493409
57649323 731772248
57649323 39082640
57649323 57647869
57649323 788858379
57649323 58424256
57649323 50652048
57649323 534799019
57649323 152891112
57649323 57647440
57649323 61632009
57649323 52575639
57649323 152620305
57649323 59745727
67521732 39082640
67521732 139708760
67521732 61632009
67521732 58078361
67521732 152620305
67521732 152566538
67521732 57649144
67521732 58402632
67521732 534799019
67521732 59745727
67521732 177229603
601707086 57649144
601707086 177229603
601707086 591867546
152578600 57649144
152578600 50652048
152578600 534767238
210253444 128184179
52583548 57649144
58388776 57649144
731772248 152575842
731772248 57649144
731772248 57649323
731772248 39082640
731772248 57647869
731772248 58424256
731772248 788858379
731772248 50652048
731772248 57647440
731772248 61632009
731772248 177229603
152888886 57649144
152888886 695853777
56370281 57649144
56370281 152620305
56370281 534799019
152575842 152906268
152575842 58402632
152575842 57649144
152575842 731772248
152575842 57649323
152575842 39082640
152575842 57647869
152575842 152726388
152575842 601611529
152575842 534753509
152575842 58424256
152575842 50652048
152575842 152566538
152575842 534799019
152575842 152891112
152575842 58145356
152575842 152620305
152575842 59745727
152575842 177229603
152575842 152432403
152575842 152920653
152575842 695853777
534884289 298852070
534884289 57649144
534884289 591867546
534884289 534767238
717989545 58402632
717989545 57649144
717989545 833321058
717989545 177229603
717989545 695853777
33353041 57649144
33353041 177229603
33353041 171819482
152595734 57649144
152595734 177229603
139708760 788844479
139708760 57649144
139708760 534753509
139708760 50652048
139708760 534799019
139708760 695853777
139708760 534767238
139708760 171819482
167493409 58424256
167493409 39082640
167493409 57649144
591867546 298852070
591867546 788844479
591867546 57649144
591867546 833321058
591867546 152726388
591867546 58424256
591867546 152857738
591867546 152620305
591867546 177229603
788854047 298852070
788854047 152682121
788854047 152906268
788854047 58402632
788854047 57649144
788854047 52583175
788854047 788858379
788854047 152566538
788854047 57647440
788854047 177229603
58424256 152575842
58424256 167493409
58424256 57649144
58424256 731772248
58424256 39082640
58424256 57647869
58424256 534753509
58424256 788858379
58424256 591867546
58424256 152566538
58424256 58145356
58424256 57649323
58424256 50652048
58424256 534799019
58424256 57647440
58424256 61632009
58424256 152620305
58424256 59745727
58424256 177229603
58424256 128184179
833609332 57649144
788858379 58402632
788858379 57649144
788858379 58313942
788858379 731772248
788858379 57649323
788858379 57647869
788858379 534753509
788858379 58424256
788858379 788854047
788858379 152891112
788858379 57647440
788858379 152566538
788858379 61632009
788858379 152432403
61632009 39082640
61632009 50652048
61632009 57649323
61632009 58424256
61632009 57647440
61632009 788858379
61632009 731772248
61632009 58402632
61632009 152566538
61632009 67521732
534767238 534753509
534767238 57649144
534767238 39082640
833487772 152620305
144758518 58145356
152920653 57649144
152920653 177229603
152920653 152575842
8054928 57649144
8054928 52583175
8054928 39082640
8054928 50652048
8054928 139708760
8054928 152432403
152620305 58145356
152620305 57465044
152620305 152906268
152620305 64962084
152620305 152566538
152620305 788854047
152620305 52575639
152620305 58078361
152620305 152891112
152620305 50652048
152620305 58402632
152620305 39082640
152620305 58424256
152620305 57649144
152620305 152575842
152620305 224332830
152620305 52583175
152620305 591867546
152620305 152857738
152620305 57649323
152620305 130380043
152620305 152673412
152620305 534753509
152620305 56370281
152620305 152920937
152620305 152594633
152620305 223813312
152620305 833487772
152620305 44759339
152620305 534884289
152620305 67521732
152620305 59745727
152620305 177229603
152620305 152594786
152620305 152801139
152620305 138566629
152620305 129910796
152620305 152920653
152620305 695853777
152620305 534767238
57649144 152575842
57649144 298852070
57649144 788844479
57649144 152906268
57649144 587728700
57649144 152888886
57649144 56370281
57649144 58402632
57649144 167493409
57649144 130380043
57649144 152482330
57649144 152673412
57649144 152578600
57649144 58313942
57649144 52583175
57649144 833321058
57649144 58078361
57649144 581701828
57649144 731772248
57649144 57649323
57649144 39082640
57649144 57647869
57649144 152920937
57649144 52583548
57649144 152726388
57649144 50846476
57649144 8054928
57649144 534753509
57649144 58424256
57649144 152857738
57649144 58026523
57649144 788858379
57649144 223813312
57649144 591867546
57649144 50652048
57649144 152819940
57649144 601707086
57649144 788854047
57649144 152566538
57649144 534799019
57649144 152891112
57649144 58145356
57649144 33353041
57649144 152850790
57649144 534884289
57649144 139708760
57649144 534853119
57649144 57647440
57649144 717989545
57649144 40225903
57649144 57465044
57649144 61632009
57649144 298856633
57649144 52575639
57649144 152620305
57649144 67521732
57649144 59745727
57649144 177229603
57649144 80358460
57649144 152801139
57649144 138566629
57649144 129910796
57649144 152920653
57649144 695853777
57649144 152595734
57649144 239650985
57649144 534767238
534853119 57649144
58313942 298852070
58313942 57649144
58313942 534799019
58313942 788858379
587728700 57649144
50846476 57649144
59745727 152575842
59745727 57649144
59745727 152620305
152566538 152575842
152566538 152906268
152566538 58402632
152566538 57649144
152566538 58313942
152566538 58078361
152566538 39082640
152566538 57647869
152566538 152920937
152566538 534753509
152566538 58424256
152566538 152857738
152566538 591867546
152566538 50652048
152566538 788854047
152566538 534799019
152566538 58145356
152566538 52583175
152566538 788858379
152566538 61632009
152566538 52575639
152566538 152620305
152566538 67521732
152566538 59745727
152566538 177229603
152566538 695853777
152566538 534767238
152673412 57649144
152673412 152500687
152594786 177229603
152594786 591867546
152594786 152620305
223813312 57649144
223813312 534753509
223813312 591867546
223813312 152620305
152891112 152575842
152891112 298852070
152891112 58402632
152891112 57649144
152891112 152920937
152891112 788858379
152891112 591867546
152891112 57649323
152891112 50652048
152891112 152620305
152891112 59745727
152891112 177229603
177229603 152432403
177229603 731772248
177229603 298852070
177229603 57649144
177229603 152906268
177229603 58424256
177229603 50652048
177229603 788844479
177229603 33353041
177229603 57647440
177229603 152566538
177229603 591867546
177229603 58402632
177229603 52575639
177229603 152891112
177229603 152682121
177229603 788854047
177229603 601707086
177229603 717989545
177229603 57647869
177229603 152857738
177229603 152819940
177229603 57649323
177229603 25402315
177229603 130380043
177229603 152575842
177229603 534753509
177229603 67521732
177229603 152726388
177229603 152594633
177229603 152594786
177229603 152920653
177229603 695853777
177229603 152595734
177229603 171819482
177229603 128184179
152819940 57649144
152819940 177229603
