154975978 58049591
376516365 81474013
376516365 231761471
142525140 692127343
142525140 528906190
142525140 210989177
142525140 785135745
92199097 130514389
92199097 800063722
92199097 81474013
92199097 58049591
92199097 232446347
58049591 231761471
58049591 81474013
833390119 81474013
800063722 785135745
833390063 692127343
833390063 81474013
833390063 232446347
692127343 604337973
692127343 210989177
692127343 833390063
692127343 581048239
692127343 833963283
692127343 528906190
692127343 232446347
692127343 142525140
528906190 692127343
528906190 81474013
528906190 142525140
604337973 210989177
604337973 81474013
604337973 232446347
604337973 692127343
581048239 81474013
785135745 800063722
785135745 142525140
833963283 692127343
833963283 232446347
128033431 210989177
52574527 210989177
52574527 81474013
231761471 376516365
231761471 58049591
130514389 210989177
130514389 81474013
163956815 232446347
163956815 210989177
232446347 604337973
232446347 210989177
232446347 692127343
232446347 833963283
232446347 92199097
232446347 833390063
232446347 163956815
232446347 81474013
210989177 604337973
210989177 52574527
210989177 692127343
210989177 638095369
210989177 128033431
210989177 232446347
210989177 130514389
210989177 163956815
210989177 81474013
210989177 142525140
638095369 376516365
638095369 210989177
638095369 81474013
638095369 58049591
638095369 231761471
