646075678 57646749
646075678 121909973
646075678 4410785
646075678 57648587
10013848 57648483
10013848 84452277
10013848 57646749
10013848 128095354
10013848 175151715
10013848 121909973
10013848 152712338
10013848 57643396
10013848 152881097
10013848 14746313
10013848 4410785
10013848 57649263
10013848 139708540
10013848 152577517
10013848 57648937
10013848 152934419
580890788 4410785
57648937 57646749
57648937 58325346
57648937 58297914
57648937 57649263
57648937 4410785
57648937 57654224
57648937 152688143
57648937 57647488
57648937 152701761
57648937 57648483
57648937 152907591
57648937 14746313
57648937 152712338
57648937 152905591
57648937 21898490
57648937 57643396
57648937 57649841
57648937 38141213
57648937 152574753
57648937 44754991
57648937 152897197
57648937 152677071
57648937 175151715
57648937 54912254
57648937 4732758
57648937 152934091
57648937 152934419
57648937 152577893
57648937 57648587
58297964 57646749
58297964 4410785
58297914 57646749
58297914 40725439
58297914 4410785
58297914 57648937
58297914 57648587
139708540 152933905
139708540 4410785
139708540 57647488
139708540 152593244
44754991 4410785
44754991 57649841
44754991 152593244
44754991 57648937
57648483 54912254
57648483 57646749
57648483 175151715
57648483 581149127
57648483 152712338
57648483 152933905
57648483 58297914
57648483 14746313
57648483 4410785
57648483 4732758
57648483 58325346
57648483 10013848
57648483 57649263
57648483 141643342
57648483 152577517
57648483 57648937
57335592 38141213
57335592 4410785
152797207 57654224
152797207 57646749
152797207 4410785
152797207 57649263
152712338 57648483
152712338 152897197
152712338 54912254
152712338 175151715
152712338 4410785
152712338 57647488
152712338 10013848
152712338 57648937
44786013 4410785
44786013 152811792
152931036 4410785
152931036 93058235
152931036 152593244
152931036 152811792
152928787 21898490
152928787 4410785
215756289 57646749
215756289 4410785
215756289 57647488
215756289 152811792
21898490 84452277
21898490 4410785
21898490 152928787
21898490 57648937
152478465 4410785
57643396 54912254
57643396 57646749
57643396 152703440
57643396 152919588
57643396 4732758
57643396 57647488
57643396 10013848
57643396 57649263
57643396 57648937
57643396 57648587
128095354 40725439
128095354 4410785
128095354 121909973
57646749 57648483
57646749 152897197
57646749 152687569
57646749 152905591
57646749 54912254
57646749 152574753
57646749 57654224
57646749 175151715
57646749 85143825
57646749 581149127
57646749 152851084
57646749 121909973
57646749 56623361
57646749 152912366
57646749 40725439
57646749 152658095
57646749 152619221
57646749 58297914
57646749 57643396
57646749 152797207
57646749 152881097
57646749 14746313
57646749 149064253
57646749 130229134
57646749 57649841
57646749 136618904
57646749 57647488
57646749 10013848
57646749 57649263
57646749 215756289
57646749 152701761
57646749 646075678
57646749 152593244
57646749 93076028
57646749 57648937
57646749 152811792
57646749 152934419
57646749 152577893
57646749 57648587
152912366 57646749
152912366 152881097
152912366 4410785
54912254 57648483
54912254 57654224
54912254 57646749
54912254 152712338
54912254 40725439
54912254 57643396
54912254 14746313
54912254 4410785
54912254 130229134
54912254 57649263
54912254 57648937
152577517 57648483
152577517 57654224
152577517 4410785
152577517 10013848
152577517 57649263
152619221 57646749
152619221 4410785
152619221 58325346
175151715 57648483
175151715 152574753
175151715 57654224
175151715 57646749
175151715 152712338
175151715 40725439
175151715 4410785
175151715 57649263
175151715 152701761
175151715 57648937
152851084 57646749
152851084 14746313
152851084 4410785
152851084 152811792
4410785 152688143
4410785 152687569
4410785 38141213
4410785 152927636
4410785 54912254
4410785 84452277
4410785 152931036
4410785 57654224
4410785 128095354
4410785 58297964
4410785 175151715
4410785 152851084
4410785 21898490
4410785 152712338
4410785 152703440
4410785 152933905
4410785 152928139
4410785 56623361
4410785 103060176
4410785 58297914
4410785 152919588
4410785 152797207
4410785 14746313
4410785 152928569
4410785 4732758
4410785 152600875
4410785 130229134
4410785 58325346
4410785 57649841
4410785 136618904
4410785 44786013
4410785 152578488
4410785 10013848
4410785 57649263
4410785 152808992
4410785 152928787
4410785 141643342
4410785 152701761
4410785 646075678
4410785 152955709
4410785 139708540
4410785 152934091
4410785 44754991
4410785 152932611
4410785 152593244
4410785 152577517
4410785 93076028
4410785 152934419
4410785 152956833
4410785 57648587
152687569 57654224
152687569 57646749
152687569 4410785
152687569 58325346
152687569 10013848
152927636 4410785
85143825 57646749
56623361 152897197
56623361 57646749
56623361 152919588
56623361 4410785
56623361 152811792
152703440 152928139
152703440 57643396
152703440 14746313
152703440 4410785
152703440 152593244
152703440 152956833
210261455 14746313
210261455 152956833
152529780 4410785
152529780 152577893
152808992 14746313
152808992 4410785
152621738 152897197
152621738 54912254
152621738 4410785
152621738 152701761
121909973 57654224
121909973 57646749
121909973 14746313
121909973 4410785
121909973 57647488
121909973 10013848
121909973 646075678
121909973 128095354
121909973 57649263
121909973 152934419
121909973 57648587
152955709 4410785
4732758 57643396
4732758 4410785
4732758 57647488
4732758 57649263
4732758 141643342
4732758 57648937
152934419 4410785
152934419 152593244
152934419 57647488
152934419 57649263
152934419 57646749
152934419 14746313
152934419 57648937
152934419 57654224
152934419 10013848
152934419 139708540
152934419 121909973
152934419 581149127
152934419 149064253
152593244 152931036
152593244 57646749
152593244 152703440
152593244 4410785
152593244 57647488
152593244 57649263
152593244 44754991
152593244 152934419
57647488 38141213
57647488 57646749
57647488 121909973
57647488 152712338
57647488 58173580
57647488 152933905
57647488 152928139
57647488 57643396
57647488 14746313
57647488 152928569
57647488 4410785
57647488 4732758
57647488 130229134
57647488 57649841
57647488 57649263
57647488 215756289
57647488 139708540
57647488 152934091
57647488 152932611
57647488 152593244
57647488 93076028
57647488 57648937
57647488 152934419
57647488 57648587
149064253 54912254
149064253 57646749
149064253 4410785
149064253 152934419
141643342 152688143
141643342 57648483
141643342 152897197
141643342 152933905
141643342 152907591
141643342 152881097
141643342 14746313
141643342 4410785
141643342 4732758
141643342 93058235
141643342 57649263
141643342 152932611
152658095 152897197
152658095 57646749
152658095 4410785
152658095 57649841
152658095 57648587
58173580 84452277
58173580 57647488
93058235 152931036
93058235 57654224
93058235 4410785
93058235 152932611
57649841 152574753
57649841 57646749
57649841 152907591
57649841 152658095
57649841 14746313
57649841 4410785
57649841 57647488
57649841 44754991
57649841 57648937
152446435 4410785
152907591 152688143
152907591 57654224
152907591 4410785
152907591 57649841
152907591 152593244
152907591 57648937
152907591 57648587
152931961 4410785
152931961 57649263
130229134 54912254
130229134 57654224
130229134 57646749
130229134 14746313
130229134 4410785
130229134 57647488
130229134 152956833
152928569 4410785
152928569 57647488
152928569 57648587
136618904 152688143
136618904 152905591
136618904 57646749
136618904 14746313
136618904 4410785
136618904 57649263
136618904 152932611
152688143 14746313
152688143 4410785
152688143 136618904
152688143 57649263
152688143 215756289
152688143 141643342
152688143 57648937
152932611 152919588
152932611 4410785
152932611 93058235
152932611 136618904
152932611 57647488
152932611 141643342
152932611 139708540
152881097 152897197
152881097 57654224
152881097 57646749
152881097 152912366
152881097 4410785
152881097 58325346
152881097 141643342
152881097 152956833
38141213 57654224
38141213 103060176
38141213 57335592
38141213 4410785
38141213 57647488
38141213 139708540
38141213 57648937
38141213 152577893
152956833 130229134
152956833 152703440
581149127 57648483
581149127 57646749
581149127 152934419
58325346 57648483
58325346 57654224
58325346 152928139
58325346 40725439
58325346 152619221
58325346 152919588
58325346 14746313
58325346 4410785
58325346 57648937
93076028 84452277
93076028 57646749
93076028 4410785
93076028 57647488
152933905 4410785
152933905 57647488
152933905 139708540
152933905 152593244
57654224 152687569
57654224 38141213
57654224 54912254
57654224 152574753
57654224 57646749
57654224 175151715
57654224 121909973
57654224 152907591
57654224 152912366
57654224 152797207
57654224 152881097
57654224 14746313
57654224 4410785
57654224 130229134
57654224 58325346
57654224 93058235
57654224 57649263
57654224 152701761
57654224 646075678
57654224 152577517
57654224 57648937
57654224 152934419
57654224 57648587
152475152 4410785
57648587 57649263
57648587 57647488
57648587 4410785
57648587 152928569
57648587 152905591
57648587 58297914
57648587 646075678
57648587 57648937
57648587 57646749
57648587 57654224
57648587 152907591
57648587 57643396
57648587 152574753
57648587 152658095
57648587 40725439
57648587 121909973
152905591 57646749
152905591 4410785
152905591 58325346
152905591 136618904
152905591 58108993
152905591 57648937
152905591 57648587
14746313 152688143
14746313 57648483
14746313 54912254
14746313 57654224
14746313 57646749
14746313 152851084
14746313 121909973
14746313 152703440
14746313 210261455
14746313 4410785
14746313 130229134
14746313 58325346
14746313 57649841
14746313 136618904
14746313 57647488
14746313 10013848
14746313 57649263
14746313 152808992
14746313 141643342
14746313 57648937
14746313 152934419
58108993 152905591
58108993 4410785
57649263 152688143
57649263 57648483
57649263 152574753
57649263 57654224
57649263 57646749
57649263 175151715
57649263 57643396
57649263 14746313
57649263 4410785
57649263 4732758
57649263 136618904
57649263 57647488
57649263 10013848
57649263 141643342
57649263 152931961
57649263 152593244
57649263 152577517
57649263 54912254
57649263 121909973
57649263 152797207
57649263 57648937
57649263 152811792
57649263 152934419
57649263 57648587
152578488 4410785
812495913 4410785
152582032 152919588
152582032 4410785
152582032 152577893
152919426 4410785
152574753 57654224
152574753 57646749
152574753 175151715
152574753 57649841
152574753 57649263
152574753 152701761
152574753 57648937
152574753 57648587
152677071 4410785
152677071 57648937
152577893 152811792
152577893 57648937
152577893 4410785
152577893 152932611
152577893 152582032
152577893 57646749
152577893 38141213
152577893 152529780
152701761 152574753
152701761 57654224
152701761 57646749
152701761 175151715
152701761 4410785
152701761 128095354
152701761 57648937
152934091 152928139
152934091 152919588
152934091 4410785
152934091 57647488
152934091 57648937
152928139 152703440
152928139 152919588
152928139 4410785
152928139 58325346
152928139 57647488
152928139 152934091
152897197 57646749
152897197 152712338
152897197 56623361
152897197 152658095
152897197 4410785
152897197 152621738
152897197 141643342
152897197 57648937
84452277 21898490
84452277 58173580
84452277 4410785
84452277 10013848
103060176 38141213
103060176 4410785
152811792 44786013
152811792 152851084
152811792 56623361
152811792 57649263
152811792 4410785
152811792 215756289
152811792 152931036
152919588 4410785
152919588 58325346
40725439 57646749
40725439 175151715
40725439 58297914
40725439 4410785
40725439 58325346
40725439 57648587
77223286 4410785
152600875 4410785
