25535514 32224445
151390396 32224445
227520083 813394767
57652553 298829899
57652553 32224445
9172827 32224445
152688321 32224445
813394767 227520083
58102075 58406008
58102075 152730853
58102075 152725928
58102075 32224445
58168672 152784816
58168672 32224445
47654140 32224445
177095307 32224445
57647062 152784816
57647062 152928449
57647062 152730853
57647062 57644999
57647062 58406008
57647062 152729540
57647062 32224445
58406008 57644999
58406008 152928449
58406008 152920293
58406008 152730853
58406008 57647062
58406008 57647560
58406008 152696029
58406008 152660562
58406008 58102075
58406008 32224445
127944763 32224445
152856028 152938828
152856028 152670771
152856028 32224445
57652145 756498434
57652145 36243233
57652145 152730853
57652145 57644999
57652145 32224445
57647560 152928449
57647560 756498434
57647560 152730853
57647560 58406008
57647560 152696029
57647560 32224445
57647560 6780216
44837832 45059477
152695674 32224445
298829899 57652553
218422696 152937932
152725928 151390396
152725928 32224445
152931543 152784816
152931543 152730853
152931543 32224445
152677831 32224445
113653838 32224445
34659802 32224445
65295157 32224445
152696029 152729540
152696029 152784816
152696029 57652513
152696029 58406008
152696029 57647560
834027776 32224445
834027644 32224445
152937932 218422696
152937932 32224445
152938739 152920293
152938739 32224445
26863063 32224445
152662420 32224445
32224445 34659802
32224445 25535514
32224445 31744812
32224445 26863063
32224445 152937932
32224445 97088603
32224445 152725928
32224445 36243233
32224445 152938457
32224445 152730853
32224445 58406008
32224445 65295157
32224445 58168672
32224445 152633914
32224445 152928449
32224445 57644999
32224445 57647560
32224445 581165876
32224445 58102075
32224445 152931543
32224445 152938739
32224445 152660562
32224445 57647062
32224445 152784816
32224445 107669676
32224445 57652513
32224445 24493946
32224445 152695674
32224445 152729540
32224445 152856028
32224445 152695787
32224445 152604033
32224445 152662420
32224445 152911923
32224445 152545359
32224445 6780216
32224445 298858707
32224445 47654140
32224445 163553282
107669676 32224445
103462528 32224445
132798289 32224445
152660562 58406008
152660562 32224445
57412710 32224445
57412710 298858707
152633914 32224445
232264118 32224445
721868799 152728588
152729540 57647062
152729540 152784816
152729540 57652513
152729540 152730853
152729540 152696029
152729540 32224445
32847165 32224445
152545359 32224445
152938457 32224445
6183504 32224445
58156226 32224445
19790640 32224445
57652513 152784816
57652513 152928449
57652513 152730853
57652513 36243233
57652513 152729540
57652513 152696029
57652513 32224445
45059477 32224445
756498434 57647560
756498434 152784816
756498434 57652145
36243233 57652145
36243233 152938828
36243233 152928449
36243233 152447534
36243233 32224445
57644999 152784816
57644999 57647062
57644999 152928449
57644999 210223320
57644999 152920293
57644999 57652318
57644999 57652145
57644999 152730853
57644999 152447534
57644999 58406008
57644999 32224445
758007264 32224445
797986522 32224445
581165876 32224445
97088603 32224445
49260951 32224445
152447534 36243233
152447534 152729540
152730853 152784816
152730853 152931543
152730853 57647062
152730853 152920293
152730853 57647560
152730853 57652145
152730853 57644999
152730853 58406008
152730853 152729540
152730853 58102075
152730853 32224445
45813454 32224445
152920293 152928449
152920293 152730853
152920293 57644999
152920293 152938739
152920293 58406008
152695787 32224445
163553282 32224445
163553282 24493946
210223320 152784816
210223320 57644999
210223320 32224445
184716329 32224445
24493946 163553282
6780216 32224445
6780216 57647560
152938828 36243233
152728588 721868799
152728588 32224445
152928449 57647560
152928449 57647062
152928449 36243233
152928449 57644999
152928449 152920293
152928449 58406008
152928449 32224445
152544883 32224445
152784816 152931543
152784816 57647062
152784816 58168672
152784816 210223320
152784816 152730853
152784816 756498434
152784816 57644999
152784816 57652318
152784816 152729540
152784816 152696029
152784816 32224445
31744812 32224445
152911923 32224445
57652318 152784816
57652318 57644999
581791565 32224445
217149277 152938828
217149277 32224445
