61795325 73577836
151780243 73577836
73577836 161096000
73577836 667114129
73577836 216094100
73577836 24175885
73577836 159805884
73577836 59967803
73577836 648525400
73577836 167868069
73577836 5917829
73577836 453801195
73577836 44752178
73577836 166585742
73577836 434663278
73577836 689362238
73577836 151780243
73577836 61795325
73577836 57377325
73577836 311600033
73577836 578914333
453801195 73577836
5917829 73577836
59967803 73577836
26630201 57377325
159805884 73577836
311600033 73577836
667114129 216094100
667114129 73577836
689362238 73577836
434663278 73577836
28039280 73577836
24175885 73577836
57377325 26630201
57377325 73577836
578914333 73577836
167868069 73577836
216094100 667114129
216094100 73577836
166585742 73577836
166585742 167868069
648525400 73577836
161096000 73577836
44752178 73577836
449062466 73577836
