39316651 59204525
39316651 29715716
39316651 16523641
39316651 65499074
40003836 16523641
75811333 27319986
58265740 27319986
58265740 59204525
357564176 152731637
357564176 814687453
357564176 730495945
357564176 155308939
357564176 254993545
357564176 772327954
180547126 155308939
24679236 828447843
24679236 58419968
24679236 16523641
61565689 59204525
58063179 16523641
58419968 152731637
58419968 27319986
58419968 59204525
58419968 16523641
58419968 254993545
58419968 58424244
99787058 152731637
99787058 363245578
99787058 59204525
99787058 16523641
99787058 65499074
29715716 58414448
29715716 58717420
29715716 59204525
29715716 39316651
29715716 16523641
29715716 254993545
29715716 45822167
363245578 99787058
363245578 59204525
363245578 16523641
59204525 24679236
59204525 58063179
59204525 828447843
59204525 99787058
59204525 75811333
59204525 58265740
59204525 58419968
59204525 58717420
59204525 363245578
59204525 74595690
59204525 61565689
59204525 27319986
59204525 58414448
59204525 54320796
59204525 39316651
59204525 167823402
59204525 29715716
59204525 33180203
59204525 421536777
59204525 730495945
59204525 16523641
59204525 254993545
59204525 142780090
59204525 65499074
59204525 58424244
59204525 45822167
59204525 772327954
51963736 155308939
51963736 16523641
421476912 155308939
814687453 65499074
814687453 155308939
814687453 730495945
814687453 357564176
55886481 58419968
155308939 421476912
155308939 357564176
155308939 814687453
155308939 180547126
155308939 167823402
155308939 16523641
155308939 254993545
155308939 51963736
155308939 45822167
142780090 363245578
142780090 16523641
142780090 65499074
33180203 59204525
33180203 16523641
58717420 58414448
58717420 59204525
58717420 29715716
421536777 16523641
730495945 357564176
730495945 814687453
730495945 155308939
730495945 16523641
730495945 65499074
772327954 16523641
65499074 39316651
65499074 16523641
65499074 254993545
65499074 730495945
65499074 59204525
65499074 99787058
65499074 814687453
65499074 142780090
65499074 58414448
65499074 45822167
300002367 58419968
27319986 58419968
27319986 58265740
27319986 75811333
27319986 59204525
27319986 16523641
58414448 65499074
58414448 29715716
58414448 59204525
58414448 24679236
828447843 24679236
828447843 59204525
828447843 254993545
167823402 155308939
167823402 16523641
152731637 58419968
152731637 99787058
152731637 357564176
152731637 16523641
54320796 59204525
54320796 58419968
16523641 27319986
16523641 152731637
16523641 155308939
16523641 40003836
16523641 58063179
16523641 357564176
16523641 33180203
16523641 58419968
16523641 730495945
16523641 363245578
16523641 24679236
16523641 167823402
16523641 29715716
16523641 39316651
16523641 58265740
16523641 421536777
16523641 59204525
16523641 254993545
16523641 142780090
16523641 65499074
16523641 51963736
16523641 45822167
16523641 772327954
254993545 59204525
254993545 357564176
254993545 29715716
254993545 16523641
254993545 58419968
254993545 155308939
254993545 65499074
254993545 58424244
254993545 45822167
45822167 58419968
45822167 363245578
45822167 29715716
45822167 65499074
45822167 16523641
45822167 254993545
45822167 155308939
45822167 357564176
45822167 58265740
