212624893 828447778
212624893 210230496
152727187 210230496
152727187 124087500
152727187 252043380
152727187 129985323
9724224 210230496
9724224 124087500
21597238 24206108
21597238 128501305
21597238 39186492
27342981 210230496
27342981 24206108
27342981 124087500
5871219 753894340
5871219 33228208
5871219 58156103
5871219 210230496
5871219 130228776
5871219 152856794
5871219 152848135
5871219 44979472
5871219 26285018
5871219 152677870
5871219 581417704
5871219 252043380
152820097 210230496
128501305 16697713
128501305 33228208
128501305 57645074
128501305 57644365
128501305 57647423
128501305 152881097
128501305 44135635
128501305 101698806
128501305 57646405
128501305 210230496
128501305 24206108
128501305 21597238
33803464 16697713
33803464 39186492
33803464 33228208
33803464 128768743
33803464 210230496
33803464 124087500
33803464 10849707
33803464 29388955
10849707 210230496
10849707 254993545
10849707 124087500
152885640 210230496
39186492 33803464
39186492 33228208
39186492 44135635
39186492 210230496
39186492 130228776
39186492 24206108
39186492 21597238
39186492 12353228
57607529 124087500
57607529 210230496
99771765 39186492
99771765 210230496
252043380 210230496
252043380 44135635
252043380 152677870
252043380 581417704
252043380 24206108
252043380 298840513
252043380 58156103
252043380 152622715
252043380 30076337
252043380 50634850
252043380 5871219
252043380 12353228
252043380 833308779
252043380 124087500
252043380 152596656
252043380 6147606
252043380 26285018
252043380 152727187
252043380 421475393
252043380 33228208
252043380 29388955
252043380 152848135
252043380 44979472
252043380 421496821
252043380 149526857
252043380 129985323
252043380 711290822
152848135 5871219
152848135 210230496
152848135 57647423
152848135 24206108
152848135 252043380
32519581 33228208
32519581 210230496
32519581 9501017
32519581 124087500
101698806 128501305
101698806 130228776
101698806 24206108
152726881 210230496
711290822 210230496
711290822 252043380
16697713 33803464
16697713 128501305
16697713 12353228
128768743 33803464
152596656 421455832
152596656 33228208
152596656 561165303
152596656 124087500
152596656 252043380
24206108 39186492
24206108 57644365
24206108 101698806
24206108 128501305
24206108 210230496
24206108 57647423
24206108 27342981
24206108 152848135
24206108 33228208
24206108 44979472
24206108 21597238
24206108 152730815
24206108 581417704
24206108 252043380
152941922 210230496
152941922 124087500
178763644 124087500
178763644 210230496
12353228 44135635
12353228 9501017
12353228 254993545
12353228 39186492
12353228 33228208
12353228 210230496
12353228 16697713
12353228 252043380
50634850 753894340
50634850 210230496
50634850 6147606
50634850 252043380
298840513 33228208
298840513 252043380
298848686 124087500
298848686 210230496
298848686 27860136
298848686 39186492
298848686 33228208
298848686 149526857
152622715 33228208
152622715 210230496
152622715 6147606
152622715 252043380
152929934 210230496
57645074 33228208
57645074 152883695
57645074 57647423
57645074 128501305
57645074 57646405
57645074 210230496
27860136 210230496
27860136 33228208
27860136 21597238
27860136 149526857
27860136 29388955
39198961 210230496
44135635 39186492
44135635 33228208
44135635 57644365
44135635 57647423
44135635 128501305
44135635 210230496
44135635 12353228
44135635 252043380
581417704 210230496
581417704 124087500
581417704 24206108
581417704 5871219
581417704 33228208
581417704 252043380
210230496 33228208
210230496 44135635
210230496 57645074
210230496 39186492
210230496 39198961
210230496 33332834
210230496 152622715
210230496 99771765
210230496 152881097
210230496 152883695
210230496 58156103
210230496 152892783
210230496 421455832
210230496 5871219
210230496 369830848
210230496 152726881
210230496 753894340
210230496 152941922
210230496 128501305
210230496 50634850
210230496 152856794
210230496 44979472
210230496 26285018
210230496 24206108
210230496 9501017
210230496 32519581
210230496 124087500
210230496 711290822
210230496 254993545
210230496 152730815
210230496 185277448
210230496 32898294
210230496 12353228
210230496 129985323
210230496 27860136
210230496 30076337
210230496 29388955
210230496 252043380
152572333 124087500
57647423 57645074
57647423 44135635
57647423 128501305
57647423 57646405
57647423 210230496
57647423 152848135
57647423 44979472
57647423 24206108
33228208 753894340
33228208 39186492
33228208 33803464
33228208 57645074
33228208 58156103
33228208 152883695
33228208 44135635
33228208 8820683
33228208 128501305
33228208 421455832
33228208 298840513
33228208 152622715
33228208 5871219
33228208 33332834
33228208 210230496
33228208 152856794
33228208 24206108
33228208 32519581
33228208 152677870
33228208 6147606
33228208 581417704
33228208 152596656
33228208 12353228
33228208 27860136
33228208 298848686
33228208 252043380
29388955 33803464
29388955 210230496
29388955 21597238
29388955 124087500
29388955 32898294
29388955 6147606
29388955 152677870
29388955 33332834
29388955 9724224
29388955 129985323
29388955 27860136
29388955 252043380
421475393 252043380
421475393 124087500
833308779 252043380
57646405 57645074
57646405 57644365
57646405 57647423
57646405 128501305
57646405 210230496
561165303 152596656
561165303 152730815
561165303 210230496
753894340 33228208
753894340 33332834
753894340 210230496
753894340 24206108
58156103 33228208
58156103 210230496
58156103 152839422
58156103 252043380
152892783 210230496
152892783 129985323
369830848 210230496
152723896 210230496
44979472 152848135
44979472 57647423
44979472 5871219
44979472 210230496
44979472 24206108
44979472 252043380
152730815 210230496
152730815 561165303
152730815 24206108
152714446 9501017
152881097 128501305
152881097 210230496
152677870 124087500
152677870 5871219
152677870 33228208
152677870 254993545
152677870 252043380
828447778 212624893
6147606 50634850
6147606 33228208
6147606 124087500
6147606 254993545
6147606 152622715
6147606 129985323
6147606 29388955
6147606 252043380
152839422 9724224
152839422 27342981
152839422 58156103
152839422 210230496
152839422 124087500
33332834 33228208
33332834 210230496
421496821 252043380
124087500 210230496
124087500 24206108
124087500 9724224
124087500 9501017
124087500 152727187
124087500 421475393
124087500 33803464
124087500 27342981
124087500 32519581
124087500 152677870
124087500 254993545
124087500 6147606
124087500 581417704
124087500 152596656
124087500 32898294
124087500 57607529
124087500 129985323
124087500 178763644
124087500 149526857
124087500 10849707
124087500 298848686
124087500 29388955
124087500 252043380
130228776 210230496
129985323 210230496
129985323 152727187
129985323 152892783
129985323 6147606
129985323 124087500
129985323 30076337
129985323 29388955
129985323 252043380
9501017 210230496
9501017 21597238
9501017 32519581
9501017 124087500
9501017 12353228
9501017 27860136
152856794 33228208
152856794 210230496
152925341 609430659
30076337 210230496
30076337 129985323
30076337 252043380
8820683 33228208
8820683 33332834
8820683 210230496
8820683 24206108
26285018 210230496
26285018 252043380
421455832 33228208
421455832 210230496
421455832 152596656
254993545 124087500
254993545 152677870
254993545 210230496
254993545 6147606
254993545 12353228
254993545 10849707
152883695 33228208
152883695 57645074
152883695 210230496
149526857 210230496
149526857 27860136
149526857 124087500
149526857 252043380
149526857 298848686
32898294 210230496
32898294 124087500
32898294 152596656
32898294 29388955
57644365 44135635
57644365 128501305
57644365 57646405
57644365 24206108
