54289834 57643496
54289834 57648470
152788454 107496264
152788454 152686809
169277788 581445405
169277788 13276280
169277788 57643496
169277788 57648470
57651972 28718807
57651972 35484115
57651972 65454606
57651972 228956023
57651972 44761382
57651972 50855802
57651972 132448665
57651972 425300711
57651972 31383610
57651972 91809237
57651972 582787632
57651972 13276280
57651972 152906916
57651972 57643496
57651972 152686809
57651972 152524203
57651972 44757840
57651972 57648470
57651972 113654288
57648470 57643496
57648470 57651972
57648470 44757840
57648470 57646611
57648470 35484115
57648470 152681669
57648470 28718807
57648470 13276280
57648470 152686809
57648470 228956023
57648470 152725978
57648470 152896620
57648470 210195697
57648470 169277788
57648470 152855274
57648470 91809237
57648470 582342013
57648470 31383610
57648470 131102791
57648470 58075369
57648470 210195750
57648470 581445405
57648470 60693465
57648470 93736712
57648470 65477297
57648470 175151539
57648470 65454606
57648470 582392829
57648470 563292516
57648470 58151382
57648470 152655615
57648470 175164003
57648470 152713772
57648470 152914240
57648470 152620915
57648470 152571680
57648470 45542901
57648470 162434349
57648470 54289834
57648470 806274867
57648470 298866263
57648470 581431329
57648470 152505371
57648470 44761382
57648470 152524203
57648470 50855802
57648470 154888718
57648470 581209155
57648470 421466194
57648470 15929391
57648470 152913599
57648470 152571871
57648470 425300711
57648470 634000988
57648470 581020870
57648470 582787632
57648470 659078959
57648470 152448491
57648470 152907798
57648470 57649509
581020870 57648470
45542901 44761382
45542901 57648470
425300711 57651972
425300711 57643496
425300711 57648470
152855274 57643496
152855274 57648470
57643496 57646611
57643496 582342013
57643496 563292516
57643496 152855274
57643496 35484115
57643496 65454606
57643496 152725978
57643496 44761382
57643496 54289834
57643496 132448665
57643496 425300711
57643496 210195697
57643496 169277788
57643496 57651972
57643496 175151539
57643496 13276280
57643496 65477297
57643496 152686809
57643496 152571455
57643496 93736712
57643496 57648470
152655615 152571871
152655615 152505371
152655615 659078959
152655615 13276280
152655615 152620915
152655615 57648470
581445405 563292516
581445405 169277788
581445405 13276280
581445405 60693465
581445405 152681669
581445405 152524203
581445405 57648470
58075369 57648470
58151382 13276280
58151382 57648470
185844661 175151539
185844661 152686809
48719538 65454606
48719538 13276280
48719538 57648470
582392829 57648470
13276280 57646611
13276280 582342013
13276280 563292516
13276280 152855274
13276280 581445405
13276280 15929391
13276280 65454606
13276280 228956023
13276280 131102791
13276280 152725978
13276280 581209155
13276280 44761382
13276280 210195750
13276280 132448665
13276280 210195697
13276280 31383610
13276280 91809237
13276280 169277788
13276280 57651972
13276280 175151539
13276280 152906916
13276280 162434349
13276280 58151382
13276280 60693465
13276280 65477297
13276280 57643496
13276280 152686809
13276280 152681669
13276280 152571455
13276280 48719538
13276280 152524203
13276280 44757840
13276280 154888718
13276280 152505371
13276280 175164003
13276280 58277340
13276280 93736712
13276280 152655615
13276280 152913599
13276280 152620915
13276280 57648470
13276280 152566608
13276280 152907798
13276280 57649509
152686809 582342013
152686809 185844661
152686809 57651972
152686809 175151539
152686809 13276280
152686809 57643496
152686809 57648470
93736712 35484115
93736712 131102791
93736712 44761382
93736712 175151539
93736712 13276280
93736712 57643496
93736712 581020870
93736712 57648470
65477297 57646611
65477297 13276280
65477297 57643496
65477297 152505371
65477297 65454606
65477297 57648470
50855802 57648470
152907798 13276280
152907798 44761382
152907798 57648470
152524203 152914240
152524203 57651972
152524203 175151539
152524203 13276280
152524203 57648470
152524203 113654288
15929391 13276280
15929391 57648470
298866263 57648470
152571871 57646611
152571871 152655615
152571871 60693465
152571871 298866263
152571871 57648470
152876617 57643496
581431329 563292516
581431329 57648470
57646611 35484115
57646611 152571871
57646611 31383610
57646611 91809237
57646611 13276280
57646611 65477297
57646611 57643496
57646611 57648470
57646611 57649509
152448491 57648470
582787632 57651972
582787632 57648470
210195750 210195697
210195750 13276280
210195750 57648470
210195750 57649509
659078959 57648470
659078959 57649509
152566608 13276280
152725978 44761382
152725978 13276280
152725978 57643496
152725978 57648470
44757840 57651972
44757840 13276280
44757840 57648470
152914240 152524203
152914240 57648470
152906916 57651972
152906916 13276280
152906916 113654288
634000988 57648470
58277340 13276280
58277340 57648470
421466194 57648470
228956023 57651972
228956023 13276280
228956023 57648470
228956023 113654288
35484115 57646611
35484115 44761382
35484115 57651972
35484115 60693465
35484115 57643496
35484115 93736712
35484115 57648470
65454606 152855274
65454606 15929391
65454606 131102791
65454606 44761382
65454606 91809237
65454606 57651972
65454606 13276280
65454606 60693465
65454606 57643496
65454606 48719538
65454606 581789152
65454606 65477297
65454606 57648470
581209155 57648470
581209155 13276280
152571455 582342013
152571455 210195750
152571455 13276280
152571455 57643496
152571455 57648470
132448665 57651972
132448665 13276280
132448665 57643496
28718807 44761382
28718807 57651972
28718807 152913599
28718807 57648470
152713772 57648470
60693465 35484115
60693465 65454606
60693465 44761382
60693465 31383610
60693465 13276280
60693465 152505371
60693465 57648470
152913599 28718807
152913599 13276280
152913599 138188584
152913599 57648470
107496264 113654288
44761382 28718807
44761382 35484115
44761382 65454606
44761382 152725978
44761382 57651972
44761382 13276280
44761382 60693465
44761382 57643496
44761382 45542901
44761382 93736712
44761382 57648470
44761382 113654288
44761382 152907798
113654288 131102791
113654288 57651972
113654288 44761382
113654288 57648470
113654288 152906916
113654288 107496264
113654288 152524203
113654288 582342013
113654288 228956023
162434349 13276280
162434349 57648470
91809237 57646611
91809237 65454606
91809237 57651972
91809237 13276280
91809237 57648470
149534054 60693465
210195697 210195750
210195697 13276280
210195697 57643496
210195697 152896620
210195697 57648470
152681669 581445405
152681669 35484115
152681669 13276280
152681669 154888718
152505371 175151539
152505371 13276280
152505371 60693465
152505371 65477297
152505371 57643496
152505371 57648470
152571680 57648470
175151539 152725978
175151539 185844661
175151539 13276280
175151539 57643496
175151539 152686809
175151539 152524203
175151539 152505371
175151539 93736712
175151539 57648470
175151539 113654288
175151539 57649509
57649509 57648470
57649509 13276280
57649509 57646611
57649509 582342013
57649509 31383610
57649509 152896620
57649509 175151539
57649509 210195750
57649509 659078959
154888718 13276280
154888718 152681669
154888718 57648470
152896620 210195697
152896620 57648470
131102791 35484115
131102791 65454606
131102791 13276280
131102791 93736712
131102791 57648470
131102791 113654288
581789152 65454606
582342013 28718807
582342013 31383610
582342013 13276280
582342013 57643496
582342013 152686809
582342013 57648470
582342013 113654288
582342013 57649509
31383610 57646611
31383610 582342013
31383610 13276280
31383610 60693465
31383610 57648470
31383610 113654288
31383610 57649509
152620915 13276280
152620915 57648470
563292516 13276280
563292516 57643496
563292516 57648470
175164003 13276280
175164003 57648470
806274867 57648470
