152732152 44757760
152732152 530154744
139708540 530154744
83255061 57651219
83255061 152565687
83255061 152955809
83255061 152921376
83255061 58374255
83255061 152725750
83255061 13755359
83255061 110964338
57590717 137968781
57590717 34064152
57590717 152906827
57590717 152897154
57590717 152731057
57590717 152816678
57590717 152733252
57590717 530154744
15938128 530154744
61870536 137968781
61870536 34648832
61870536 806243321
61870536 34064152
61870536 152816678
61870536 152733252
61870536 530154744
806243321 530154744
806243321 152816678
57768910 152897154
57768910 34064152
57768910 152733252
57768910 530154744
152723219 530154744
152892552 82021256
152892552 61870536
152892552 152816678
152892552 530154744
152576732 530154744
58428443 58445059
152921376 530154744
152885640 530154744
27139267 530154744
152954742 530154744
152731503 57590717
152731503 152725750
152731503 152816678
152731503 530154744
58164123 530154744
152783949 530154744
152919584 57651219
152919584 152435614
44757760 152732152
44757760 152727118
44757760 21290792
44757760 139708540
44757760 152816678
44757760 18899563
44757760 530154744
530154744 152656521
152701932 530154744
152798136 110964338
152798136 530154744
34648832 137968781
34648832 61870536
34648832 34064152
34648832 152816678
34648832 530154744
152816678 18899563
152816678 152723219
152816678 57590717
152816678 152796764
152816678 137968781
152816678 149528759
152816678 61870536
152816678 152725750
152816678 152731503
152816678 34648832
152816678 530154744
152796764 137968781
152796764 152816678
152796764 530154744
152897154 57653228
152897154 57768910
152897154 57590717
152897154 152725750
152897154 149528759
152897154 530154744
149528759 152897154
149528759 152816678
152731057 57590717
152731057 530154744
152620293 152565687
152620293 152783949
152620293 530154744
30415365 530154744
152594967 530154744
57646344 57653228
57646344 530154744
152686491 82122789
152686491 530154744
13755359 83255061
13755359 82021256
13755359 21290792
13755359 530154744
13755359 110964338
57651219 83255061
57651219 152919584
57651219 57650050
57651219 530154744
152713999 152891112
152713999 18899563
152713999 57590717
152713999 137968781
152713999 152834768
152713999 30415365
152713999 34648832
152713999 58374255
152713999 152733252
152713999 530154744
152727118 82021256
152727118 44757760
152727118 530154744
58374255 83255061
58374255 34064152
58374255 530154744
152656521 139708540
152656521 530154744
152656521 110964338
152601563 530154744
152435614 152919584
152435614 57590717
152906827 57590717
152906827 530154744
21290792 152834768
21290792 57650050
21290792 152731057
21290792 152723219
21290792 13755359
21290792 44757760
21290792 530154744
152591659 152725750
152591659 530154744
152726394 530154744
152834768 21290792
152834768 152713999
152834768 530154744
152955809 83255061
152955809 530154744
152725750 137968781
152725750 57650050
152725750 152897154
152725750 149528759
152725750 530154744
57650050 152701932
57650050 34064152
57650050 57651219
57650050 21290792
57650050 152725750
57650050 530154744
57650050 110964338
69236940 57590717
69236940 530154744
152733252 530154744
58445059 58428443
58445059 530154744
110964338 13755359
110964338 83255061
110964338 137968781
110964338 530154744
110964338 152656521
806243497 530154744
57653228 152897154
57653228 57646344
82122789 152686491
82122789 530154744
22080676 530154744
581622062 57650050
581622062 139708540
581622062 152816678
581622062 530154744
18899563 152816678
18899563 44757760
57441352 137968781
57441352 152816678
57441352 530154744
152891112 137968781
152891112 152725750
152891112 152713999
152891112 530154744
152565687 137968781
152565687 83255061
152565687 15938128
152565687 152620293
152565687 530154744
137968781 82021256
137968781 34648832
137968781 34064152
137968781 152816678
137968781 530154744
