384279569 32496933
60912518 32496933
289186048 668041547
289186048 144545224
29800044 298808414
1509156 144539295
32496933 60912518
32496933 296557345
32496933 711721452
32496933 22501045
32496933 369023955
32496933 108573981
32496933 308545359
375888263 32496933
289180086 32496933
296557345 32496933
30535121 32496933
263065729 32496933
39721991 144545224
39721991 32496933
149244630 44174590
149244630 144545224
149244630 269157945
108573981 75372836
108573981 32496933
269157945 38870209
269157945 144545224
269157945 149244630
269157945 292105398
269157945 144532725
38870209 298808534
38870209 144539295
38870209 182965717
38870209 144545224
38870209 144532725
38870209 32496933
547342692 161110817
547342692 144532725
350212666 32496933
364822999 668041547
364822999 144545224
364822999 383452715
668041547 32496933
668041547 144545224
668041547 364822999
668041547 44174590
4936820 224906737
4936820 155779289
144545224 38870209
144545224 668041547
144545224 547342692
144545224 49293397
144545224 83466788
144545224 39721991
144545224 289186048
144545224 144532725
144545224 269157945
298808414 233595831
298808414 369023955
298808414 29800044
298808414 159842302
298808414 32496933
298808414 144539295
49293397 322781841
49293397 144545224
289168728 149244630
161110817 547342692
161110817 114400346
57466113 32496933
112990074 32496933
112990074 144539295
83466788 144545224
83466788 144532725
75372836 108573981
27935814 32496933
224906737 44174590
224906737 4936820
680338838 289174956
182965717 38870209
182965717 4936820
52724197 32496933
369023955 32496933
369023955 144532725
369023955 298808414
44174590 149244630
44174590 224906737
44174590 668041547
292105398 269157945
50729694 54312897
50729694 144532725
50729694 32496933
308545359 32496933
77570524 144532725
77570524 32496933
322781841 49293397
83505715 155779289
298808534 38870209
114400346 161110817
114400346 32496933
383452715 364822999
12710265 243688015
12710265 32496933
159842302 298808414
711721452 32496933
106948549 32496933
54312897 159909219
54312897 50729694
54312897 144532725
160305503 32496933
757648304 32496933
22501045 32496933
155779289 83505715
155779289 4936820
233595831 298808414
144539295 1509156
144539295 38870209
144539295 4936820
144539295 112990074
144539295 298808414
144532725 38870209
144532725 369023955
144532725 547342692
144532725 54312897
144532725 44174590
144532725 77570524
144532725 144545224
144532725 269157945
159909219 54312897
62195588 32496933
166787853 32496933
