823769687 127396945
823769687 833297606
823769687 25373951
449454201 127396945
809443499 127396945
58308840 105768279
58308840 127396945
58308840 152513732
58308840 219750146
58308840 83559724
154942971 127396945
154942971 578726056
833297606 823769687
451105578 127396945
578828359 127396945
83255181 806260163
57645847 210199816
578952534 127396945
836611635 127396945
836611629 833313836
462071956 127396945
571777762 127396945
166128491 217178738
834521246 806260163
119712256 105768279
128501562 129267663
814940801 127396945
836611509 127396945
316242082 806260163
316242082 823769687
316242082 690107141
316242082 105768279
123279386 127396945
302057359 127396945
55665383 129267663
55665383 127396945
19300291 217178738
642589906 127396945
129267663 127396945
129267663 128501562
695388293 127396945
578724006 127396945
578971582 127396945
459542017 127396945
210199816 57645847
501461862 127396945
579042244 127396945
300423276 127396945
55001768 129267663
55001768 128501562
55001768 127396945
578873079 127396945
578866356 127396945
302799836 127396945
103213573 127396945
72052518 1422270
72052518 127396945
14805784 217178738
217178738 19300291
217178738 166128491
228006054 127396945
147953070 823769687
147953070 127396945
797488047 127396945
105768279 58308840
105768279 127396945
105768279 119712256
105768279 152513732
105768279 83559724
421460327 127396945
833313833 833313836
833313833 127396945
14179330 127396945
2255032 129267663
2255032 129366494
25373951 823769687
25373951 83559724
129366494 129267663
129366494 127396945
129366494 128501562
449602531 129267663
449602531 128501562
449602531 127396945
578726056 154942971
578726056 127396945
681119556 127396945
177049455 127396945
1422270 72052518
1422270 127396945
745844085 127396945
152513732 58308840
152513732 105768279
152513732 127396945
152513732 83559724
152513732 673771635
232778984 127396945
579056654 127396945
745783629 127396945
350149104 127396945
83559724 105768279
83559724 58308840
83559724 152513732
83559724 25373951
529458228 127396945
836018929 127396945
4801210 806260163
299691362 127396945
833313836 833313833
833313836 836611629
833313836 127396945
690107141 316242082
690107141 4801210
690107141 127396945
129629592 127396945
