421465041 127503182
209981122 833319096
209981122 127503182
209981122 833374647
209981122 89070050
209981122 833374564
209981122 694783049
209981122 293390418
209981122 823382850
209981122 833967436
209981122 89086200
209981122 129679129
209981122 363402352
209981122 211534128
209981122 694784081
209981122 476585597
209981122 57367531
209981122 100608403
209981122 217228585
209981122 211533952
209981122 833374038
209981122 149125802
833813653 127503182
37613444 127503182
223684822 127503182
217228585 833813653
217228585 49909390
217228585 293586550
217228585 833398193
217228585 130372006
217228585 833861529
217228585 127503182
217228585 833374647
217228585 89070050
217228585 128094678
217228585 694783049
217228585 833967436
217228585 89086200
217228585 129679129
217228585 694784081
217228585 694774783
217228585 100608403
114984848 127503182
114984848 100608403
114984848 217228585
114984848 797989850
834061076 834061075
834061076 127503182
823382850 100608403
823382850 129679129
823382850 209981122
823382850 293390418
823382850 833374647
823382850 127503182
833374647 129679129
833374647 833398193
833374647 127503182
834094565 127503182
45336041 127503182
581400588 127503182
231723005 127503182
130372000 127503182
833374038 833967436
833374038 476585597
833374038 49909390
833374038 828444578
833374038 209981122
833374038 231446206
833374038 217228585
833374038 694784081
833374038 694783049
833374038 833374564
833374038 833374647
833374038 127503182
833374038 833398193
834097713 127503182
128098337 127503182
211533952 100608403
211533952 223684822
211533952 476585597
211533952 834068464
211533952 363402352
211533952 828444578
211533952 33929635
211533952 217228585
211533952 144757435
211533952 127503182
211533952 833374647
211533952 833374564
211533952 37613444
211533952 45336041
211533952 129679129
211533952 694784081
834061075 127503182
834061075 834061076
54155714 476585597
54155714 363402352
54155714 694783049
54155714 127503182
452372264 127503182
834080783 127503182
509992467 127503182
833861557 127503182
757333447 127503182
421468777 694783049
421468777 127503182
72415557 127503182
694774783 129679129
694774783 694783049
694774783 797989850
694774783 127503182
144757435 694784081
144757435 127503182
540777447 100608403
540777447 127503182
89070050 89086200
89070050 100608403
89070050 217228585
89070050 476585597
89070050 694784081
89070050 129679129
89070050 694783049
89070050 833861529
89070050 127503182
89070050 833374647
217223123 127503182
834086899 127503182
111459040 833319096
111459040 293586550
111459040 127503182
111459040 694783049
833967436 694784081
833967436 129679129
833967436 694783049
833967436 89070050
833967436 127503182
833967436 833861529
488721919 299512255
488721919 363402352
488721919 833374552
488721919 127503182
211534128 49909390
211534128 694784081
211534128 694783049
211534128 421468777
211534128 127503182
177131774 127503182
177131774 694784081
795101632 127503182
833374550 127503182
149125802 209981122
149125802 127503182
211533030 476585597
211533030 833967436
211533030 130372000
211533030 833398193
211533030 127503182
211533030 833374647
211533030 797989850
211533030 421468777
833374664 127503182
387404248 127503182
293390418 797989850
293390418 217228585
293390418 89086200
293390418 694784081
293390418 476585597
293390418 129679129
293390418 833967436
293390418 209981122
293390418 130372006
293390418 833319096
293390418 127503182
293390418 833374647
293390418 694783049
57367531 127503182
49201041 127503182
834067789 127503182
694781848 127503182
834089067 127503182
299512255 89086200
299512255 127503182
299512255 177131774
833861529 89070050
833861529 694784081
833861529 833967436
833861529 127503182
833861529 217228585
363402352 54155714
363402352 44902601
363402352 127503182
363402352 488721919
363402352 476585597
363402352 211533952
833371494 127503182
834085097 127503182
128094678 217228585
128094678 694783049
128094678 127503182
82612171 127503182
100608403 293586550
100608403 540777447
100608403 217228585
100608403 114984848
100608403 177131774
100608403 833861529
100608403 127503182
100608403 833374647
100608403 89070050
100608403 797989850
100608403 128094678
100608403 694783049
100608403 293390418
100608403 823382850
100608403 833967436
100608403 209981122
100608403 89086200
100608403 129679129
100608403 694784081
476931145 797989850
476931145 127503182
833374564 217228585
833374564 49909390
833374564 476585597
833374564 293586550
833374564 127503182
833374564 833374647
240346527 127503182
833398193 217228585
833398193 694784081
833398193 127503182
833398193 833374647
833398193 211533030
797989850 127503182
49909390 100608403
49909390 833967436
49909390 476585597
49909390 211534128
49909390 217228585
49909390 694783049
49909390 833374564
49909390 127503182
833319096 833861557
833319096 129679129
833319096 833374550
833319096 833861528
833319096 833861529
833319096 209981122
833319096 421458285
833319096 293390418
833319096 833374664
833319096 54155714
833319096 694784081
833319096 149125802
833319096 421468777
833319096 231723005
833319096 833813653
833319096 833374552
833319096 797989850
833319096 211534128
833319096 828444578
833319096 127503182
833319096 350603989
833319096 823382850
833319096 833861533
833319096 833374038
833319096 111459040
833319096 82612171
694783049 54155714
694783049 833967436
694783049 694784081
694783049 833374038
694783049 217228585
694783049 211534128
694783049 694774783
694783049 49909390
694783049 476585597
694783049 129679129
694783049 111459040
694783049 127503182
694783049 89070050
694783049 128094678
293586550 127503182
421458285 127503182
689446012 127503182
211523967 127503182
44902601 833967436
44902601 476585597
44902601 363402352
44902601 89086200
44902601 694784081
44902601 797989850
44902601 127503182
711993591 127503182
89086200 833813653
89086200 217228585
89086200 100608403
89086200 833861529
89086200 127503182
89086200 833374647
89086200 89070050
89086200 129679129
89086200 299512255
89086200 694784081
89086200 476585597
476585597 54155714
476585597 49909390
476585597 127503182
476585597 833374647
476585597 89070050
476585597 833374564
476585597 694783049
476585597 293390418
476585597 209981122
476585597 89086200
476585597 363402352
834061073 834087044
834061073 834061076
834061073 127503182
834068464 127503182
129679129 833861529
129679129 127503182
129679129 833374647
129679129 89070050
129679129 694783049
129679129 293390418
129679129 823382850
129679129 833967436
129679129 209981122
129679129 89086200
129679129 694784081
129679129 100608403
129679129 217228585
833374552 694784081
833374552 127503182
833374552 833374647
686774524 127503182
833861533 127503182
833861528 127503182
350603989 127503182
834099850 127503182
828444578 127503182
130372006 127503182
834087044 127503182
834087044 834061075
834091792 127503182
694784081 44902601
694784081 833398193
694784081 833319096
694784081 177131774
694784081 833861529
694784081 127503182
694784081 89070050
694784081 833374552
694784081 694783049
694784081 833967436
694784081 129679129
694784081 694774783
