58123074 8690203
58123074 833523050
58123074 27843814
58123074 14906081
58123074 57959458
58123074 252043380
58123074 97137345
58123074 58381306
58091576 27843814
61899869 99560233
302460449 497058087
302460449 27843814
302460449 152595875
302460449 210256990
302460449 57646483
210247190 152603201
210247190 27843814
210247190 421537603
210247190 833319352
210247190 16523641
210247190 58381306
210247190 57959458
226606856 79050150
226606856 833354656
152668917 57959458
83255129 57959458
152581164 8690203
152581164 27843814
152581164 152595875
152581164 252043380
152581164 58381306
152581164 57959458
12992899 27843814
12992899 57959458
12992899 16523641
12992899 833298038
152713317 27843814
152713317 16523641
152713317 138452810
152713317 152545808
152713317 67910216
12415559 16523641
12415559 27843814
12415559 97137345
349481775 252043380
349481775 210256990
349481775 27843814
421546745 65320985
421546745 27843814
421546745 16523641
421546745 58381306
421546745 51963736
421546745 65499074
833312034 27843814
833354656 82062824
185277448 67910216
185277448 350131839
185277448 57959458
152595875 15583925
152595875 24580198
152595875 152581164
152595875 8690203
152595875 149538922
152595875 302460449
152595875 421537603
152595875 497058087
152595875 833303368
152595875 152668917
152595875 217177359
152595875 357564177
152595875 16523641
152595875 65499074
152595875 149526857
152595875 57959458
152595875 12415559
152595875 58381306
152595875 252043380
61800836 27843814
61800836 152595875
34426584 58381306
34426584 57646483
34426584 27843814
34426584 57959458
34426584 9917729
252043380 8690203
252043380 27843814
252043380 57646483
252043380 65320985
252043380 210256990
252043380 97137345
252043380 65499074
252043380 350131839
252043380 349481775
252043380 57959458
252043380 58123074
252043380 152595875
252043380 15583925
252043380 152581164
252043380 16523641
252043380 67910216
252043380 58381306
252043380 497058087
252043380 149526857
252043380 6852339
152919901 27843814
152919901 8690203
152919901 65499074
782901847 456487758
357564177 65320985
357564177 152595875
357564177 833298038
357564177 58381306
357564177 65499074
357564177 185277448
67910216 8690203
67910216 65320985
67910216 185277448
67910216 152713317
67910216 252043380
67910216 97137345
67910216 58381306
67910216 57959458
82062824 833354656
82062824 27843814
149538922 24580198
149538922 27843814
149538922 152595875
149538922 57959458
84760726 27843814
15583925 8690203
15583925 497058087
15583925 65320985
15583925 27843814
15583925 152595875
15583925 350131839
15583925 14906081
15583925 16523641
15583925 665819383
15583925 65499074
15583925 57959458
15583925 58381306
15583925 97137345
15583925 252043380
152545808 152713317
64664580 582038209
64664580 152595875
64664580 27843814
64664580 16523641
64664580 129107633
64664580 65499074
64664580 149526857
64664580 34426584
64664580 58381306
130008419 27843814
497058087 58295891
497058087 15583925
497058087 16635593
497058087 302460449
497058087 65320985
497058087 27843814
497058087 152595875
497058087 16523641
497058087 665819383
497058087 65499074
497058087 252043380
497058087 58381306
833303368 152595875
129107633 27843814
129107633 8690203
129107633 57959458
210256990 69197808
210256990 27843814
210256990 349481775
210256990 58295891
210256990 497058087
210256990 8690203
210256990 302460449
210256990 57646483
210256990 65499074
210256990 252043380
210256990 57959458
51963736 16523641
51963736 421546745
6852339 8690203
6852339 16523641
6852339 18127918
6852339 97137345
6852339 27843814
6852339 252043380
6852339 58381306
6852339 57959458
69197808 58295891
69197808 27843814
69197808 210256990
69197808 57959458
57959458 65320985
57959458 149538922
57959458 8690203
57959458 65499074
57959458 58123074
57959458 27843814
57959458 497058087
57959458 15583925
57959458 582038209
57959458 67910216
57959458 152668917
57959458 210247190
57959458 12992899
57959458 152595875
57959458 14906081
57959458 129107633
57959458 350131839
57959458 16523641
57959458 185277448
57959458 210256990
57959458 665819383
57959458 83255129
57959458 58295891
57959458 69197808
57959458 349481775
57959458 152545808
57959458 73570932
57959458 34426584
57959458 24645258
57959458 58381306
57959458 97137345
57959458 252043380
57959458 6852339
582038209 64664580
582038209 57959458
582038209 16523641
152796906 302460449
152796906 27843814
833298038 12992899
833298038 27843814
833298038 65320985
833298038 357564177
224321715 58295891
8690203 58295891
8690203 15583925
8690203 833523050
8690203 152581164
8690203 421537603
8690203 497058087
8690203 65320985
8690203 27843814
8690203 152595875
8690203 350131839
8690203 138452810
8690203 210256990
8690203 58123074
8690203 67910216
8690203 14906081
8690203 16523641
8690203 152919901
8690203 185277448
8690203 129107633
8690203 65499074
8690203 149526857
8690203 57959458
8690203 99560233
8690203 58381306
8690203 97137345
8690203 252043380
8690203 6852339
228474609 67792701
24580198 149538922
24580198 27843814
24580198 152595875
24580198 58381306
318211532 27843814
318211532 12992899
65499074 18127918
65499074 16635593
65499074 210256990
65499074 27843814
65499074 15583925
65499074 16523641
65499074 58295891
65499074 833319352
65499074 497058087
65499074 421546745
65499074 152595875
65499074 357564177
65499074 152919901
65499074 8690203
65499074 65320985
65499074 64664580
65499074 210247190
65499074 149526857
65499074 57959458
65499074 58381306
65499074 252043380
207736637 65320985
207736637 99560233
207736637 16523641
207736637 64664580
65320985 207736637
65320985 18127918
65320985 58295891
65320985 15583925
65320985 833523050
65320985 8690203
65320985 833319352
65320985 497058087
65320985 27843814
65320985 152603500
65320985 138452810
65320985 67910216
65320985 833298038
65320985 152668917
65320985 357564177
65320985 16523641
65320985 185277448
65320985 833312034
65320985 65499074
65320985 73570932
65320985 149526857
65320985 57959458
65320985 99560233
65320985 58381306
65320985 97137345
65320985 252043380
528299031 99560233
833342941 99560233
152603500 27843814
61609437 16635593
152603201 210247190
152603201 58381306
152603201 149526857
57646483 210256990
57646483 302460449
57646483 27843814
57646483 58123074
57646483 34426584
57646483 58381306
57646483 252043380
24645258 27843814
24645258 57959458
24645258 99560233
24645258 58381306
350131839 15583925
350131839 8690203
350131839 27843814
350131839 152668917
350131839 185277448
350131839 57959458
350131839 252043380
421489505 27843814
97137345 15583925
97137345 833298038
97137345 58123074
97137345 57959458
97137345 8690203
97137345 152668917
97137345 252043380
665819383 27843814
665819383 15583925
665819383 14906081
665819383 497058087
665819383 97137345
665819383 57959458
421537603 8690203
421537603 58381306
27843814 421489505
27843814 18127918
27843814 69197808
27843814 58295891
27843814 15583925
27843814 833523050
27843814 24580198
27843814 442168252
27843814 84760726
27843814 12992899
27843814 152581164
27843814 8690203
27843814 82062824
27843814 318211532
27843814 149538922
27843814 302460449
27843814 349481775
27843814 497058087
27843814 65320985
27843814 210247190
27843814 210256990
27843814 218106210
27843814 833298038
27843814 16523641
27843814 152919901
27843814 129107633
27843814 665819383
27843814 833312034
27843814 65499074
27843814 73570932
27843814 57959458
27843814 34426584
27843814 9917729
27843814 99560233
27843814 58381306
27843814 97137345
27843814 252043380
27843814 6852339
27843814 152713317
16635593 497058087
16635593 27843814
16635593 138452810
16635593 16523641
16635593 65499074
16635593 58381306
16635593 61609437
210186086 152448775
210186086 27843814
210186086 58381306
138452810 16523641
442168252 16523641
442168252 27843814
172817130 27843814
172817130 58381306
79050150 226606856
79050150 833354656
14906081 15583925
14906081 8690203
14906081 58123074
14906081 350131839
14906081 665819383
14906081 57959458
14906081 58381306
18127918 833523050
18127918 65320985
18127918 27843814
18127918 65499074
18127918 58381306
18127918 6852339
833523050 65320985
58381306 15583925
58381306 65499074
58381306 497058087
58381306 8690203
58381306 99560233
58381306 27843814
58381306 833298038
58381306 357564177
58381306 67792701
58381306 421537603
58381306 152595875
58381306 24580198
58381306 65320985
58381306 64664580
58381306 57646483
58381306 57959458
58381306 58295891
58381306 14906081
58381306 16523641
58381306 24645258
58381306 149526857
58381306 152603201
58381306 18127918
58381306 152668917
58381306 138452810
58381306 252043380
58381306 6852339
58295891 8690203
58295891 302460449
58295891 497058087
58295891 27843814
58295891 224321715
58295891 210256990
58295891 64664580
58295891 65499074
58295891 57959458
58295891 97137345
58295891 58381306
58079359 27843814
16523641 210247190
16523641 12992899
16523641 27843814
16523641 15583925
16523641 833319352
16523641 497058087
16523641 442168252
16523641 8690203
16523641 138452810
16523641 421546745
16523641 349481775
16523641 152595875
16523641 64664580
16523641 207736637
16523641 18127918
16523641 65320985
16523641 65499074
16523641 51963736
16523641 57959458
16523641 12415559
16523641 58381306
16523641 252043380
16523641 6852339
16523641 152713317
9917729 27843814
9917729 34426584
9917729 58381306
99560233 833342941
99560233 27843814
99560233 65320985
99560233 58123074
99560233 61899869
833319352 58381306
833319352 65499074
833319352 16523641
833319352 357564177
833319352 210247190
833319352 27843814
833319352 65320985
42176593 217177359
73570932 27843814
73570932 57959458
218106210 27843814
67792701 27843814
67792701 228474609
67792701 58381306
149526857 152595875
149526857 217177359
149526857 8690203
149526857 64664580
149526857 152603201
149526857 65499074
149526857 65320985
149526857 252043380
149526857 97137345
149526857 58381306
149526857 57959458
456487758 782901847
456487758 99560233
