210246377 50598350
210246377 175152165
226091738 540832324
226091738 73793912
226091738 210277933
226091738 175152165
226091738 57652628
226091738 57648272
226091738 57651797
226091738 57652355
226091738 57847161
226091738 580945695
226091738 50598350
226091738 44759999
226091738 145456442
226091738 9493076
31121729 67498783
31121729 580981445
152582332 152582025
152582332 67521701
152582332 152622194
152582332 73793912
152582332 152786975
152582332 785447594
152582332 210277933
152582332 131894915
152582332 175152165
152582332 57652628
152582332 57649142
152582332 47895394
152582332 57648272
152582332 210223584
152582332 85959024
152582332 44885630
152582332 210196159
152582332 58424262
152582332 88587511
152582332 57652355
152582332 152889376
152582332 57847161
152582332 57647793
152582332 44759999
152582332 145456442
152582332 9493076
152582332 129617917
152582332 50530578
65466999 93768135
65466999 175152165
65466999 57649142
65466999 23799498
65466999 44885630
65466999 580981445
302408074 93768135
302408074 67521701
302408074 127547468
302408074 44760048
302408074 67498783
88587511 152582332
88587511 131894915
88587511 30934530
88587511 57649142
88587511 57648272
88587511 49520675
88587511 44885630
88587511 58424262
88587511 127547468
42123321 57649142
42123321 88587511
42123321 580945695
42123321 50598350
42123321 145456442
67521701 152582332
67521701 73793912
67521701 93768135
67521701 131894915
67521701 175152165
67521701 57652628
67521701 57649142
67521701 67498783
67521701 57847161
67521701 127547468
67521701 302408074
67521701 57609942
175152165 67521701
175152165 152582332
175152165 152897197
175152165 226091738
175152165 540832324
175152165 93768135
175152165 210277933
175152165 131894915
175152165 57652628
175152165 57649142
175152165 57764445
175152165 57648272
175152165 44760048
175152165 65466999
175152165 44755149
175152165 57651797
175152165 57483938
175152165 210196922
175152165 210196159
175152165 58424262
175152165 57847161
175152165 580945695
175152165 78338171
175152165 57647793
175152165 152619309
175152165 44759999
175152165 145456442
175152165 9493076
175152165 210246377
175152165 7810177
30934530 57649142
12437431 58424262
12437431 57649142
12437431 152897197
12437431 580981445
12437431 57609942
73793912 67521701
73793912 152582332
73793912 226091738
73793912 131894915
73793912 57649142
73793912 57648272
73793912 44760048
73793912 44755149
73793912 127547468
73793912 50598350
73793912 44759999
73793912 129617917
47895394 152582332
47895394 210277933
47895394 57649142
47895394 44755149
47895394 19023783
47895394 129617917
78338171 175152165
78338171 50598350
96755123 50598350
96755123 145456442
96755123 57609942
580945695 226091738
580945695 175152165
580945695 57649142
580945695 44755149
57652355 152582332
57652355 226091738
57652355 131894915
57652355 57652628
57652355 57649142
57652355 19023783
58424262 152582332
58424262 175152165
58424262 152892061
58424262 57648272
58424262 88587511
58424262 12437431
58424262 145456442
58424262 7810177
129617917 93768135
129617917 127547468
129617917 31169199
129617917 131894915
129617917 44567940
129617917 50598350
129617917 73959579
129617917 73793912
129617917 152889376
129617917 44755149
129617917 152582332
129617917 57649142
129617917 57609942
144738403 145456442
144738403 57649142
44755149 73793912
44755149 93768135
44755149 131894915
44755149 175152165
44755149 57652628
44755149 57649142
44755149 47895394
44755149 57647793
44755149 127547468
44755149 129617917
73959579 31121729
73959579 57649142
73959579 127547468
57847161 67521701
57847161 152582332
57847161 161274855
57847161 226091738
57847161 93768135
57847161 131894915
57847161 175152165
57847161 57652628
57847161 57649142
57847161 57648272
57847161 44760048
57847161 210223584
57847161 152889376
57847161 78837399
57847161 127547468
57847161 152619309
57847161 50598350
57847161 44759999
57847161 9493076
57847161 129617917
57847161 57609942
57652628 67521701
57652628 152582332
57652628 152897197
57652628 152622194
57652628 226091738
57652628 152817660
57652628 131894915
57652628 175152165
57652628 57649142
57652628 57648272
57652628 44755149
57652628 57651797
57652628 210196922
57652628 57652355
57652628 57847161
57652628 57647793
57652628 127547468
57652628 50598350
57652628 9493076
152619309 175152165
152619309 57847161
540832324 226091738
540832324 175152165
540832324 57648272
57651797 226091738
57651797 175152165
57651797 57652628
57651797 57648272
57651797 210223584
57651797 210196922
57651797 145456442
57647793 152582332
57647793 175152165
57647793 57652628
57647793 57649142
57647793 44760048
57647793 210223584
57647793 44755149
57647793 582261086
57647793 50598350
57647793 145456442
111435730 67521701
111435730 65364569
111435730 210196716
111435730 57649142
111435730 127547468
57648272 152582332
57648272 226091738
57648272 540832324
57648272 73793912
57648272 131894915
57648272 175152165
57648272 57652628
57648272 57649142
57648272 210223584
57648272 57651797
57648272 57483938
57648272 210196159
57648272 58424262
57648272 88587511
57648272 57847161
57648272 127547468
57648272 145456442
57648272 9493076
57648272 57609942
210196716 111435730
210196716 57649142
210196716 582261086
152622194 152582332
152622194 57652628
152622194 127547468
148421385 57649142
148421385 210223584
148421385 752581793
148421385 127547468
481631940 57649142
40547947 57649142
31169199 50598350
31169199 44759999
31169199 145456442
31169199 9493076
31169199 129617917
31169199 57609942
152926570 57649142
85959024 152582332
85959024 93768135
85959024 57649142
85959024 9493076
44567940 129617917
44567940 57609942
152516867 57649142
152516867 210196922
152516867 50598350
152516867 145456442
210196159 152582332
210196159 175152165
210196159 57649142
210196159 57648272
210196159 29368329
210196159 127547468
210196159 9493076
7810177 131894915
7810177 127547468
7810177 44759999
7810177 50598350
7810177 57649142
7810177 175152165
7810177 58424262
7810177 50530578
582261086 57649142
580981445 31121729
580981445 57649142
580981445 12437431
152582025 152582332
152582025 210223584
152786975 152582332
152786975 127441882
152786975 57649142
131894915 67521701
131894915 152582332
131894915 73793912
131894915 93768135
131894915 65364569
131894915 210277933
131894915 135272291
131894915 175152165
131894915 57652628
131894915 57649142
131894915 57764445
131894915 57648272
131894915 49520675
131894915 44755149
131894915 210196922
131894915 44885630
131894915 88587511
131894915 57652355
131894915 29368329
131894915 57847161
131894915 127547468
131894915 50598350
131894915 44759999
131894915 145456442
131894915 9493076
131894915 210246377
131894915 129617917
131894915 7810177
131894915 57609942
581761141 57649142
152941810 127547468
152941810 145456442
152941810 57609942
152889376 152582332
152889376 57649142
152889376 57847161
152889376 129617917
7310296 50598350
7310296 9493076
65364569 57649142
65364569 127547468
152930524 152541390
152930524 93768135
152930524 57649142
152930524 57764445
152797385 57649142
152797385 44760048
9493076 57652628
9493076 175152165
9493076 127547468
9493076 57847161
9493076 57649142
9493076 57648272
9493076 44885630
9493076 85959024
9493076 152582332
9493076 152897197
9493076 7310296
9493076 210196159
9493076 226091738
9493076 31169199
9493076 161274855
9493076 131894915
9493076 67498783
57609942 127547468
57609942 302408074
57609942 152941810
57609942 50598350
57609942 131894915
57609942 44759999
57609942 67521701
57609942 96755123
57609942 57847161
57609942 31169199
57609942 129617917
57609942 57648272
57609942 57649142
57609942 12437431
57483938 785447594
57483938 175152165
57483938 57649142
57483938 57648272
29368329 93768135
29368329 131894915
29368329 57649142
29368329 210196159
29368329 127547468
752581793 148421385
752581793 57649142
752581793 580945695
752581793 145456442
161274855 152897197
161274855 210196922
161274855 57847161
161274855 9493076
8636948 57649142
210196922 161274855
210196922 131894915
210196922 175152165
210196922 57652628
210196922 57649142
210196922 57651797
210196922 152516867
67498783 67521701
67498783 31121729
67498783 65364569
67498783 127547468
67498783 302408074
67498783 9493076
152919140 57649142
145456442 131894915
145456442 31169199
145456442 152582332
145456442 96755123
145456442 57647793
145456442 57649142
145456442 57648272
145456442 58424262
145456442 50598350
145456442 152941810
145456442 226091738
145456442 175152165
145456442 57651797
145456442 152516867
145456442 93768135
145456442 19023783
145456442 44885630
145456442 752581793
145456442 785447594
145456442 42123321
145456442 210277933
145456442 144738403
145456442 152692454
135272291 131894915
135272291 19023783
49520675 131894915
49520675 88587511
49520675 127547468
19023783 135272291
19023783 57649142
19023783 47895394
19023783 57652355
19023783 145456442
152892061 31121729
152892061 12437431
152892061 145456442
44885630 152541390
44885630 152582332
44885630 131894915
44885630 57649142
44885630 23799498
44885630 65466999
44885630 88587511
44885630 145456442
44885630 9493076
78837399 57649142
806335857 57649142
57764445 93768135
57764445 152817660
57764445 131894915
57764445 175152165
57764445 57649142
57764445 152930524
57764445 127547468
57764445 50598350
785447594 152582332
785447594 57649142
785447594 57483938
785447594 145456442
44759999 127547468
44759999 31169199
44759999 50598350
44759999 73793912
44759999 57847161
44759999 44760048
44759999 152582332
44759999 152897197
44759999 226091738
44759999 175152165
44759999 57649142
44759999 131894915
44759999 7810177
44759999 57609942
152817660 111435730
152817660 57652628
152817660 57649142
152817660 57764445
152817660 57609942
210277933 152582332
210277933 226091738
210277933 131894915
210277933 175152165
210277933 57649142
210277933 47895394
210277933 50598350
210277933 145456442
57649142 67521701
57649142 152541390
57649142 152582332
57649142 152897197
57649142 152926570
57649142 127441882
57649142 111435730
57649142 73793912
57649142 93768135
57649142 481631940
57649142 152786975
57649142 42123321
57649142 152817660
57649142 65364569
57649142 210277933
57649142 8636948
57649142 131894915
57649142 210196716
57649142 175152165
57649142 30934530
57649142 40547947
57649142 57652628
57649142 148421385
57649142 57764445
57649142 47895394
57649142 23799498
57649142 57648272
57649142 44760048
57649142 152797385
57649142 73959579
57649142 210223584
57649142 65466999
57649142 44755149
57649142 57483938
57649142 210196922
57649142 85959024
57649142 581761141
57649142 44885630
57649142 210196159
57649142 152930524
57649142 88587511
57649142 57652355
57649142 152516867
57649142 29368329
57649142 152889376
57649142 57847161
57649142 580945695
57649142 19023783
57649142 752581793
57649142 152919140
57649142 78338171
57649142 806335857
57649142 78837399
57649142 582261086
57649142 57647793
57649142 127547468
57649142 12437431
57649142 302408074
57649142 50598350
57649142 44759999
57649142 145456442
57649142 9493076
57649142 580981445
57649142 129617917
57649142 7810177
57649142 57609942
57649142 144738403
57649142 50530578
57649142 152692454
23799498 57649142
23799498 65466999
152541390 44885630
152541390 57649142
210223584 152582025
210223584 152582332
210223584 148421385
210223584 57649142
210223584 57648272
210223584 57651797
210223584 57847161
210223584 57647793
127441882 152786975
127441882 57649142
127441882 129617917
44760048 31121729
44760048 73793912
44760048 175152165
44760048 57649142
44760048 152797385
44760048 57847161
44760048 57647793
44760048 302408074
44760048 44759999
152692454 57649142
152692454 145456442
93768135 67521701
93768135 131894915
93768135 175152165
93768135 57649142
93768135 57764445
93768135 65466999
93768135 44755149
93768135 85959024
93768135 152930524
93768135 88587511
93768135 29368329
93768135 57847161
93768135 127547468
93768135 302408074
93768135 50598350
93768135 145456442
93768135 129617917
93768135 57609942
152897197 161274855
152897197 175152165
152897197 57652628
152897197 57649142
152897197 12437431
152897197 50598350
152897197 44759999
152897197 9493076
50530578 57649142
50530578 7810177
50530578 152582332
127547468 93768135
127547468 210277933
127547468 65364569
127547468 152941810
127547468 131894915
127547468 67498783
127547468 57652628
127547468 111435730
127547468 57847161
127547468 44755149
127547468 67521701
127547468 57648272
127547468 73793912
127547468 57764445
127547468 73959579
127547468 302408074
127547468 50598350
127547468 44759999
127547468 9493076
127547468 129617917
127547468 7810177
127547468 57609942
50598350 127547468
50598350 93768135
50598350 31169199
50598350 73793912
50598350 78338171
50598350 7310296
50598350 131894915
50598350 96755123
50598350 57847161
50598350 57652628
50598350 42123321
50598350 57649142
50598350 57647793
50598350 152897197
50598350 57764445
50598350 226091738
50598350 152516867
50598350 210277933
50598350 44759999
50598350 145456442
50598350 210246377
50598350 129617917
50598350 7810177
50598350 57609942
