152812799 32224445
152726671 152731240
152726671 152720160
152726671 32224445
581237225 32224445
152810971 152818953
152810971 152701515
152810971 32224445
152904556 32224445
152904556 101697945
83640019 32224445
192260562 32224445
192260562 56967761
145456317 175151704
145456317 152655757
152731240 145456317
152731240 152726671
152731240 32224445
152731240 57644609
528271521 82514245
528271521 32224445
44758759 32224445
15236060 32224445
29204380 101697945
29204380 82514245
29204380 32224445
29204380 152695818
317807796 32224445
152633660 32224445
152601042 32224445
680311224 32224445
54313065 32224445
306143693 32224445
389364774 32224445
57651979 152890833
57651979 152695543
57651979 152720160
57651979 32224445
57651979 57643529
57651979 152674141
57651979 57644609
152631236 152480829
152631236 32224445
57591164 175151704
57591164 57649897
57591164 57644609
152672929 32224445
152672929 57644609
175151704 57591164
175151704 145456317
175151704 152701515
175151704 57649897
175151704 32224445
175151704 57643529
175151704 152695818
175151704 57644609
152564578 152655757
152564578 830482152
581473404 32224445
216087807 32224445
152906250 32224445
120182217 32224445
152674141 32224445
152674141 57651979
152674141 175151704
152545808 32224445
30602800 32224445
152674842 32224445
146137429 32224445
101697945 29204380
101697945 32224445
101697945 152904556
101697945 57643529
50634850 32224445
152725427 32224445
152818953 152810971
152818953 32224445
58151264 32224445
56967761 32224445
82514245 29204380
82514245 528271521
82514245 32224445
122477519 32224445
30340414 32224445
32224445 33934410
32224445 101697945
32224445 29204380
32224445 18419139
32224445 152726483
32224445 97088603
32224445 175151704
32224445 343847060
32224445 58151264
32224445 152928348
32224445 30340414
32224445 152810971
32224445 152477748
32224445 54313065
32224445 210200121
32224445 216087807
32224445 306143693
32224445 25195573
32224445 44758759
32224445 57649894
32224445 50634850
32224445 152890833
32224445 148036852
32224445 152906250
32224445 152883636
32224445 152818953
32224445 152897379
32224445 528271521
32224445 317807796
32224445 27112270
32224445 30602800
32224445 152817096
32224445 152701515
32224445 152731240
32224445 152811042
32224445 152833789
32224445 179880075
32224445 58488044
32224445 581473404
32224445 152674842
32224445 152720160
32224445 152631236
32224445 152726671
32224445 57649897
32224445 152725427
32224445 57651979
32224445 152670717
32224445 152445748
32224445 56967761
32224445 152695543
32224445 152567120
32224445 122477519
32224445 633944196
32224445 152502628
32224445 192260562
32224445 152812799
32224445 830482152
32224445 152623510
32224445 152655757
32224445 165260799
32224445 152904556
32224445 57643529
32224445 58081360
32224445 35765849
32224445 152545808
32224445 152695818
32224445 211323923
32224445 57644609
152695818 175151704
152695818 32224445
152695818 152701515
152695818 152480829
152695818 29204380
152695818 57644609
152734492 32224445
165260799 32224445
152928348 32224445
152890833 57651979
57643529 32224445
57643529 101697945
57643529 175151704
57643529 57651979
33934410 32224445
830482152 152564578
830482152 32224445
152817096 32224445
152670717 152480829
152670717 152817096
152670717 32224445
152695543 57651979
152695543 32224445
57649897 57591164
57649897 175151704
57649897 32224445
633944196 32224445
57644609 32224445
57644609 152672929
57644609 152695818
57644609 57651979
57644609 152731240
57644609 175151704
57644609 152445748
57644609 57591164
97088603 32224445
140765620 32224445
343847060 32224445
152811042 32224445
58488044 32224445
148036852 32224445
448011399 32224445
152445748 57644609
152445748 32224445
152897379 32224445
179880075 32224445
179880075 211323923
58081360 32224445
58081360 97088603
58081360 152480829
58081360 29204380
58081360 211323923
18419139 32224445
152726483 32224445
152623510 32224445
152883636 32224445
152477748 32224445
152720160 152480829
152720160 152726671
152720160 57651979
152720160 32224445
210200121 32224445
152567120 32224445
152480829 152670717
152480829 152720160
152480829 152695818
152480829 58081360
152480829 32224445
152502628 32224445
25195573 32224445
211323923 32224445
152833789 32224445
152701515 175151704
152701515 152810971
152701515 32224445
152701515 152695818
57649894 32224445
152655757 32224445
152655757 152564578
580880078 32224445
27112270 32224445
