155814718 15270142
155814718 210228165
155814718 23518497
58183272 421529183
58183272 210228165
58183272 127785477
58183272 152812681
58183272 198437088
58183272 58363399
58183272 421480506
58183272 152482771
58183272 23518497
58183272 215757790
152695063 58411463
152695063 23518497
16749624 23518497
152797914 15270142
152565431 215757790
58493004 215757790
58493004 23518497
152713317 57644385
152713317 215757790
152713317 83997737
152713317 23518497
152713317 58363399
152482771 421480506
152482771 833314152
152482771 152574699
152482771 58363399
152482771 228994170
152482771 127785477
152482771 756499470
152482771 58183272
152482771 215757790
152482771 23518497
754780355 421480506
754780355 215757790
152686445 23518497
228949069 23518497
57644385 15270142
57644385 107496214
57644385 210228165
57644385 152928628
57644385 167809200
57644385 298849558
57644385 421515320
57644385 152655496
57644385 152797696
57644385 29149856
57644385 23518497
57644385 152713317
57607529 49062449
57607529 318090882
57607529 65334236
57607529 58363399
57607529 215757790
57607529 127785477
57607529 23518497
34619056 78282737
34619056 114837233
34619056 152596361
34619056 23518497
34619056 215757790
14172329 23518497
215757790 114837233
215757790 58183272
215757790 152482771
215757790 76711898
215757790 23518497
215757790 83997737
76711898 83997737
76711898 127785477
76711898 215757790
76711898 23518497
834116893 198437088
834116893 215757790
152928628 83551904
152928628 152474257
152928628 57644385
14593792 23518497
61609760 127785477
61609760 541515622
61609760 228994170
61609760 114837233
61609760 23518497
61609760 215757790
167809200 57644385
167809200 36689158
167809200 23518497
447694860 127785477
447694860 215757790
447694860 23518497
167800292 23518497
83551904 152928628
152688511 23518497
152797696 57644385
152797696 23518497
541515622 756499470
541515622 114837233
541515622 228994170
541515622 833314152
541515622 215757790
541515622 23518497
541515622 61609760
541515622 127785477
128569862 23518497
128569862 215757790
152623433 57847320
152623433 23518497
318090882 215757790
318090882 23518497
152474257 152928628
152474257 152892510
152474257 198437088
152474257 57847320
58411463 23518497
58411463 83997737
58411463 15270142
58411463 152695063
58411463 540778896
36689158 127785477
36689158 58363399
36689158 23518497
36689158 215757790
756499470 228994170
152626907 215757790
421515320 540778896
421515320 57644385
421515320 23518497
65334236 114837233
65334236 833314152
65334236 127785477
65334236 58363399
65334236 23518497
65334236 215757790
152812681 114837233
152812681 58363399
152812681 58183272
152812681 29149856
152812681 23518497
421529183 82512084
152574699 541515622
152574699 756499470
152574699 16749624
152574699 228994170
152574699 97830869
152574699 833314152
152574699 421480506
152574699 114837233
152574699 127785477
152574699 58363399
152574699 152482771
152574699 61609760
152574699 29149856
152574699 23518497
152574699 215757790
607349018 833314152
607349018 127785477
607349018 58363399
607349018 23518497
607349018 215757790
581155926 127785477
58363399 127785477
58363399 114837233
58363399 228994170
58363399 58085231
58363399 152812681
58363399 351002770
58363399 421480506
58363399 152482771
58363399 34619056
58363399 58183272
58363399 61609760
58363399 29149856
58363399 23518497
58363399 215757790
484134241 127785477
484134241 61609760
484134241 23518497
484134241 215757790
364086768 215757790
58085231 228994170
58085231 127785477
58085231 58363399
58085231 215757790
58085231 23518497
82512084 421529183
58373834 15270142
58373834 210228165
58373834 23518497
228994170 541515622
228994170 756499470
228994170 152574699
228994170 65334236
228994170 58085231
228994170 833314152
228994170 127785477
228994170 421480506
228994170 58363399
228994170 152482771
228994170 215757790
228994170 23518497
152834051 23518497
833315602 83997737
78282737 127785477
78282737 23518497
31272527 215757790
298849558 23518497
298849558 57644385
97830869 152574699
97830869 114837233
97830869 447694860
97830869 127785477
97830869 58363399
97830869 152695063
97830869 61609760
97830869 29149856
97830869 23518497
97830869 215757790
244101635 58363399
244101635 23518497
244101635 215757790
83997737 76711898
83997737 833315602
83997737 23518497
127785477 541515622
127785477 16749624
127785477 65334236
127785477 228994170
127785477 607349018
127785477 58085231
127785477 97830869
127785477 833314152
127785477 114837233
127785477 76711898
127785477 447694860
127785477 58363399
127785477 152482771
127785477 78282737
127785477 36689158
127785477 34619056
127785477 58183272
127785477 61609760
127785477 23518497
127785477 215757790
127785477 57607529
421480506 754780355
421480506 114837233
421480506 756498096
421480506 228994170
421480506 58363399
421480506 152482771
421480506 58183272
421480506 61609760
421480506 215757790
421480506 23518497
15270142 58373834
15270142 152797914
15270142 155814718
15270142 57644385
15270142 23518497
15270142 58411463
49062449 57607529
49062449 23518497
49062449 215757790
29149856 127785477
29149856 97830869
29149856 57644385
29149856 152574699
29149856 58363399
29149856 152812681
29149856 23518497
29149856 215757790
505569612 215757790
210228165 58373834
210228165 155814718
210228165 57644385
210228165 58183272
210228165 23518497
19258330 83997737
114837233 541515622
114837233 152812681
114837233 318090882
114837233 58085231
114837233 97830869
114837233 421480506
114837233 152574699
114837233 127785477
114837233 58363399
114837233 152482771
114837233 78282737
114837233 36689158
114837233 61609760
114837233 23518497
114837233 215757790
198437088 16749624
198437088 834116893
198437088 58085231
198437088 581155926
198437088 167800292
198437088 58363399
198437088 152474257
198437088 58183272
198437088 23518497
198437088 215757790
122416111 215757790
152906993 57847320
152906993 23518497
152655496 57644385
152892510 23518497
107496214 57644385
107496214 23518497
351002770 58363399
57847320 152623433
57847320 152688511
57847320 152906993
57847320 152474257
57847320 61609760
23518497 61609760
23518497 36689158
23518497 127785477
23518497 15270142
23518497 14172329
23518497 65334236
23518497 34619056
23518497 78282737
23518497 29149856
23518497 210228165
23518497 58183272
23518497 58085231
23518497 114837233
23518497 421480506
23518497 318090882
23518497 58493004
23518497 152688511
23518497 76711898
23518497 49062449
23518497 484134241
23518497 83997737
23518497 152834051
23518497 16749624
23518497 152695063
23518497 58373834
23518497 152574699
23518497 57644385
23518497 97830869
23518497 298849558
23518497 447694860
23518497 107496214
23518497 152482771
23518497 152906993
23518497 541515622
23518497 540778896
23518497 244101635
23518497 607349018
23518497 152623433
23518497 14593792
23518497 228949069
23518497 58363399
23518497 152812681
23518497 167809200
23518497 198437088
23518497 581155926
23518497 73878036
23518497 31272527
23518497 152797696
23518497 167800292
23518497 152686445
23518497 228994170
23518497 58445282
23518497 754780355
23518497 128569862
23518497 155814718
23518497 505569612
23518497 834116893
23518497 833315602
23518497 58373356
23518497 152626907
23518497 152730487
23518497 833333170
23518497 421515320
23518497 215757790
23518497 58411463
23518497 57607529
23518497 152713317
540778896 421515320
540778896 58411463
540778896 23518497
73878036 23518497
756498096 58363399
756498096 215757790
756498096 23518497
98022407 215757790
582628882 215757790
