18752665 31867340
697803169 130217439
36228796 130217439
582713948 130217439
91255523 130217439
581315308 130217439
152914139 130217439
137369080 31867340
595140541 130217439
836093865 130217439
19806087 16869500
601672369 130217439
15283521 21374288
15283521 21340513
15283521 105297887
15283521 685181519
15283521 31867340
15283521 130217439
152906263 130217439
152578082 152819261
152578082 57848967
21340513 105297887
21340513 15283521
694735600 561355516
694735600 130217439
785032049 130217439
673776249 130217439
498190410 130217439
498190410 582117236
685181519 31867340
685181519 15283521
38562999 130217439
5292194 130217439
79247796 105297887
79247796 15283521
79247796 130217439
152725702 130217439
152725702 57848967
210253291 581053625
210253291 57848967
210253291 130217439
210253291 6852339
16869500 130217439
82153108 21374288
82153108 15283521
582729135 130217439
758010402 130217439
795686884 130217439
152819261 152578082
152819261 57848967
152819261 130217439
836100850 836093865
836100850 130217439
534753025 582117236
534753025 130217439
581238111 130217439
25965763 130217439
561355516 31867340
33030342 130217439
581071152 130217439
152729212 130217439
152729212 65397580
152729212 69241743
44973455 130217439
6852339 210253291
581037826 582117236
581037826 31867340
581037826 130217439
804954594 130217439
21374288 82153108
21374288 15283521
57848967 210253291
57848967 152819261
57848967 152725457
57848967 152578082
57848967 152725702
581757230 130217439
582117236 534753025
582117236 105297887
582117236 31867340
582117236 581037826
582117236 130217439
299833682 130217439
436783752 130217439
539240110 130217439
599320674 130217439
836104446 130217439
581797849 130217439
581687662 130217439
41826576 130217439
497198986 130217439
16501182 130217439
175130438 130217439
498201749 130217439
69241743 105297887
69241743 152729212
69241743 127700960
69241743 130217439
836097392 130217439
152580215 130217439
152580215 60284531
112854094 130217439
582764415 130217439
105297887 79247796
105297887 582117236
105297887 21340513
105297887 31867340
105297887 69241743
105297887 15283521
105297887 130217439
105297887 694735600
599304263 130217439
152725457 57848967
152725457 130217439
581053625 44786013
581053625 210253291
251849172 130217439
65397580 130217439
152911923 130217439
31867340 582117236
31867340 105297887
31867340 685181519
31867340 18752665
31867340 581037826
31867340 137369080
31867340 561355516
31867340 15283521
31867340 130217439
164549110 130217439
