93776227 44757815
93776227 13108759
93776227 210195547
42053808 44757815
42053808 67638965
13108759 44757815
13108759 552059205
13108759 67638965
13108759 135200791
13108759 152784706
13108759 152893068
13108759 111008325
135200791 13108759
135200791 67638965
20186280 67638965
331904881 67638965
152893068 44757815
152893068 13108759
152893068 57651131
581367820 67638965
581381607 67638965
152581958 67638965
147913256 67638965
57645905 44757815
57645905 57589780
152833623 67638965
138145338 67638965
44757815 42053808
44757815 57589780
44757815 93776227
44757815 13108759
44757815 152941697
44757815 69024331
44757815 57645905
44757815 152520609
44757815 57649556
44757815 152893068
44757815 107257337
44757815 210282163
44757815 111008325
44757815 57651131
65270903 67638965
65270903 69024331
65270903 152520609
65270903 111008325
65270903 57651131
4469008 67638965
231487150 7320490
231487150 47419350
57649556 44757815
57649556 57589780
57649556 210187161
57649556 57651131
20834492 67638965
552059205 13108759
107257337 44757815
107257337 67638965
107257337 57651131
581761947 67638965
148115046 67638965
148115046 69024331
152854916 57651131
210187161 57589780
210187161 67638965
210187161 57649556
210187161 111008325
581590406 67638965
152784706 13108759
152784706 67638965
152784706 57651131
81968494 303024110
81968494 58441146
210282163 44757815
210282163 67638965
7320490 67638965
7320490 231487150
303024110 81968494
356527579 67638965
58441146 81968494
58441146 67638965
58441146 57651131
67638965 107257337
57651131 20834492
57651131 57649556
57651131 111008325
57651131 152893068
57651131 152854916
57651131 82641858
57651131 65270903
57651131 57589780
57651131 107257337
57651131 58441146
57651131 44757815
834597940 67638965
57589780 44757815
57589780 131706621
57589780 67638965
57589780 301961786
57589780 152941697
57589780 57645905
57589780 152520609
57589780 210195547
57589780 57649556
57589780 210187161
57589780 57651131
111008325 44757815
111008325 13108759
111008325 65270903
111008325 152520609
111008325 210187161
111008325 57651131
581908345 67638965
47419350 231487150
69024331 44757815
69024331 7320490
69024331 65270903
69024331 67638965
69024331 152833623
69024331 148115046
301961786 57589780
301961786 67638965
580988477 67638965
82641858 152520609
82641858 57651131
210195547 57589780
210195547 93776227
210195547 67638965
152941697 44757815
152941697 57589780
152941697 67638965
131706621 57589780
131706621 67638965
152520609 44757815
152520609 57589780
152520609 65270903
152520609 67638965
152520609 82641858
152520609 111008325
