376385454 136433409
376385454 132283643
797888984 166695228
797888984 132283643
747580883 132283643
162797420 178554862
162797420 695586825
162797420 132283643
132283643 166695228
132283643 835832762
132283643 747580883
132283643 756679105
132283643 178554862
132283643 1645234
132283643 165096664
95081479 178554862
548781427 132283643
165085686 132283643
317892560 132283643
689823004 132283643
136433409 376385454
152688091 132283643
78349187 132283643
166695228 132283643
166695228 797888984
506300154 756679105
442179889 132283643
218571234 166695228
218571234 132283643
178554862 95081479
178554862 166695228
178554862 695586825
178554862 132283643
512505541 166695228
512505541 132283643
512505541 442179889
695586825 162797420
695586825 178554862
134235759 756679105
134235759 132283643
165096664 132283643
178899749 132283643
49579181 132283643
756679105 506300154
756679105 134235759
756679105 132283643
64432897 136433409
64432897 132283643
1645234 132283643
835832762 132283643
