38514851 127190453
687406096 127190453
16176793 127190453
457885316 127190453
59785751 127190453
59785751 58375435
69883487 127190453
124686786 127190453
836611423 127190453
132405581 127190453
65497629 127190453
65497629 501148984
31955106 127190453
320568782 127190453
45139699 127190453
38079601 127190453
501148984 65497629
501148984 127190453
90851840 127190453
691096959 127190453
40313261 127190453
469202836 127190453
58375435 127190453
58375435 59785751
204153639 127190453
32632953 127190453
58011937 127190453
100207900 127190453
131599604 127190453
127190453 90851840
299224181 127190453
2218755 127190453
56386757 127190453
122609232 127190453
457431289 127190453
642117809 127190453
49837329 127190453
549176768 127190453
36094871 127190453
56073973 127190453
743306027 127190453
135642632 127190453
115028018 127190453
350603262 127190453
156982804 127190453
