155862065 38636995
155862065 98719901
155862065 124087500
155862065 27843814
155862065 58052129
57608974 58164675
57608974 58144312
57608974 98719901
57608974 27843814
57608974 58052129
57608974 9023080
57608974 130388857
99560360 27843814
302460449 142741966
302460449 99560360
302460449 27843814
302460449 210256990
302460449 124087500
130388857 81823501
130388857 58052129
130388857 124087500
130388857 13789716
3710046 124087500
9596966 21926415
9596966 98719901
9596966 27843814
9596966 7674409
9596966 124087500
9596966 9099624
9596966 20192103
9596966 58069605
9596966 357564101
9596966 58052129
9596966 13789716
659987596 98719901
659987596 58052129
659987596 124087500
659987596 27843814
830406303 27843814
34174832 142741966
114738959 27843814
114738959 58052129
58106889 27843814
20192103 8690203
20192103 27843814
20192103 38636995
20192103 124087500
20192103 130388857
20192103 9596966
20192103 13789716
20192103 9023080
58052129 98719901
58052129 58164675
58052129 27843814
58052129 124087500
58052129 9023080
49179643 178034675
49179643 58164675
49179643 99560360
49179643 27843814
49179643 220518041
49179643 38636995
49179643 124087500
49179643 58052129
49179643 9023080
82647512 27843814
82647512 220518041
82647512 38636995
637051915 27843814
217137369 442168252
9023080 27843814
9023080 421581436
9023080 8690203
9023080 92755083
9023080 30581666
9023080 152913801
9023080 34190360
9023080 124087500
9023080 20192103
9023080 58052129
9023080 58164675
9023080 7674409
9023080 38636995
421581436 27843814
421581436 124087500
178034675 142741966
178034675 58164675
178034675 49179643
178034675 8690203
178034675 30581666
178034675 27843814
178034675 21926415
178034675 124087500
178034675 9023080
533395415 27843814
533395415 58052129
38636995 26406050
38636995 82647512
38636995 98719901
38636995 210256990
38636995 49179643
38636995 9099624
38636995 8690203
38636995 675875725
38636995 20192103
38636995 27843814
38636995 58164675
38636995 142741966
38636995 138452810
38636995 124087500
38636995 7674409
38636995 58052129
38636995 155862065
38636995 13789716
38636995 129985323
38636995 9023080
802186014 58164675
802186014 99560360
802186014 27843814
802186014 58052129
802186014 124087500
833325031 58052129
7674409 27843814
7674409 8690203
7674409 38636995
7674409 124087500
7674409 58052129
7674409 9596966
7674409 152481665
7674409 9023080
137833831 27843814
98767486 27843814
98767486 9023080
178763644 124087500
128854474 27843814
142741966 178034675
142741966 27843814
142741966 34174832
142741966 122856655
142741966 220518041
142741966 210256990
142741966 38636995
142741966 58052129
69748230 152603500
69748230 421472088
69748230 58052129
69748230 9023080
210256990 27843814
210256990 142741966
210256990 8690203
210256990 30581666
210256990 302460449
210256990 38636995
210256990 124087500
152956160 8690203
57334945 58052129
57334945 27843814
58144312 30581666
58144312 23145778
58144312 27843814
58144312 124087500
8690203 753894340
8690203 58164675
8690203 144926221
8690203 20192103
8690203 178034675
8690203 27843814
8690203 138452810
8690203 210256990
8690203 152956160
8690203 60897006
8690203 38636995
8690203 124087500
8690203 421581436
8690203 7674409
8690203 155862065
8690203 687775465
8690203 129985323
8690203 9023080
26406050 98719901
26406050 122856655
26406050 38636995
421472088 69748230
192294995 27843814
98719901 57607250
98719901 23145778
98719901 30581666
98719901 27843814
98719901 57608974
98719901 16638443
98719901 60897006
98719901 38636995
98719901 124087500
98719901 58052129
98719901 155862065
98719901 659987596
98719901 9596966
98719901 13789716
98719901 687775465
98719901 152481665
758007620 58164675
81823501 58164675
81823501 27843814
81823501 130388857
154895873 675875725
154895873 58164675
154895873 27843814
154895873 124087500
154895873 58052129
152603500 27843814
753894340 8690203
210920708 58164675
210920708 27843814
58069605 357564101
58069605 9596966
220518041 98719901
220518041 27843814
220518041 142741966
220518041 58164675
220518041 82647512
357564101 124087500
357564101 13789716
357564101 9596966
58164675 178034675
58164675 8690203
58164675 27843814
58164675 58052129
58164675 687775465
58164675 9917729
58164675 9023080
152913801 9023080
152913801 58052129
152913801 124087500
152913801 27843814
152481972 58164675
9099624 27843814
9099624 38636995
9099624 124087500
9099624 130388857
9099624 9596966
9099624 13789716
9099624 9023080
92755083 58271879
92755083 98719901
92755083 27843814
92755083 9023080
23145778 98719901
23145778 58164675
23145778 27843814
23145778 58144312
23145778 58052129
675875725 27843814
675875725 124087500
34190360 38636995
34190360 27843814
34190360 58052129
34190360 9023080
124087500 98719901
124087500 49179643
124087500 27843814
124087500 210256990
124087500 675875725
124087500 154895873
124087500 178034675
124087500 152913801
124087500 302460449
124087500 38636995
124087500 30581666
124087500 357564101
124087500 8690203
124087500 60897006
124087500 7674409
124087500 33560451
124087500 58052129
124087500 155862065
124087500 9596966
124087500 13789716
124087500 3710046
124087500 687775465
124087500 25447833
124087500 129985323
124087500 178763644
124087500 9023080
124087500 152481665
734666952 27843814
734666952 58052129
27843814 142741966
27843814 58164675
27843814 152913801
27843814 192294995
27843814 154895873
27843814 533395415
27843814 23145778
27843814 442168252
27843814 19080997
27843814 58144312
27843814 802186014
27843814 20192103
27843814 211466623
27843814 178034675
27843814 8690203
27843814 675875725
27843814 98719901
27843814 99560360
27843814 30581666
27843814 302460449
27843814 129985323
27843814 16638443
27843814 82647512
27843814 210256990
27843814 128854474
27843814 38636995
27843814 34190360
27843814 124087500
27843814 421581436
27843814 7674409
27843814 58052129
27843814 9596966
27843814 13789716
27843814 9917729
27843814 9023080
30581666 142741966
30581666 58144312
30581666 178034675
30581666 98719901
30581666 27843814
30581666 210256990
30581666 124087500
30581666 58052129
30581666 13789716
30581666 687775465
30581666 9023080
129985323 58164675
129985323 13789716
129985323 38636995
129985323 27843814
129985323 8690203
129985323 58052129
129985323 130388857
129985323 124087500
60897006 98719901
60897006 27843814
60897006 58164675
60897006 210920708
60897006 124087500
60897006 58052129
128410067 58052129
138452810 58164675
138452810 99560360
138452810 58052129
138452810 13789716
138452810 687775465
442168252 217137369
442168252 27843814
680437532 58164675
13789716 21926415
13789716 30581666
13789716 9099624
13789716 124087500
13789716 58052129
13789716 38636995
13789716 27843814
13789716 98719901
13789716 138452810
13789716 357564101
13789716 9596966
13789716 19080997
13789716 20192103
13789716 129985323
13789716 9917729
13789716 9023080
144926221 8690203
122856655 27843814
122856655 142741966
122856655 26406050
122856655 58052129
122856655 58271879
57607250 98719901
58271879 58052129
16638443 27843814
25447833 58052129
25447833 124087500
25447833 27843814
211466623 27843814
211466623 9917729
687775465 58052129
687775465 8690203
687775465 124087500
687775465 58164675
687775465 98719901
687775465 30581666
152481665 98719901
152481665 25447833
152481665 20192103
152481665 124087500
152481665 58164675
152481665 58052129
152481665 178034675
152481665 7674409
152481665 27843814
9917729 13789716
9917729 27843814
9917729 211466623
9917729 58164675
9917729 130388857
19080997 27843814
19080997 13789716
21926415 27843814
21926415 178034675
21926415 58052129
21926415 130388857
21926415 9596966
21926415 13789716
27992331 27843814
27992331 58164675
27992331 58052129
