96667299 490443164
96667299 581097900
96667299 57653243
33142952 57996161
581097900 490443164
581097900 96667299
581097900 57653243
33929655 152694874
33929655 152888961
33929655 65454606
33929655 152504507
57650435 57650124
57650435 57646668
57650435 57653243
10361006 152735275
10361006 57653243
152571309 57650124
152571309 152504507
152565655 57653243
57653243 40247944
57653243 57608056
57653243 581097900
57653243 152593833
57653243 57770797
57653243 152686644
57653243 36895440
57653243 490443164
57653243 152819220
57653243 152565655
57653243 152500733
57653243 152565878
57653243 152580351
57653243 30771031
57653243 131954467
57653243 152898491
57653243 152797864
57653243 152576136
57653243 57989566
57653243 59997477
57653243 96667299
57653243 54180416
57653243 58371877
57653243 668979222
57653243 60095099
57653243 18658915
57653243 152680940
57653243 152434911
57653243 143084994
57653243 45812118
57653243 75286263
57653243 152565639
125525767 54180416
125525767 110695521
125525767 65454606
125525767 57646668
125525767 57650124
125525767 152888961
26751926 57996161
152816698 36895440
152816698 33741427
152816698 65454606
57608056 57646668
57608056 57653243
57608056 45812118
57770797 604070498
57770797 45812118
57770797 6924180
57770797 65454606
57770797 57646668
57770797 152593833
57770797 152914051
57770797 152622864
57770797 152434911
57770797 57996161
57770797 152565639
57770797 57653243
152680940 65454606
152680940 31861434
152702868 152957428
152702868 57650124
152819220 501147869
152819220 152694874
152819220 57653243
501147869 65454606
501147869 152919349
501147869 152819220
152694874 57646668
152694874 33929655
152694874 152819220
152694874 152504507
152694874 152594384
152694874 57653243
57989566 57653243
604070498 57770797
152576136 152434911
152576136 57653243
152857266 57646668
152888961 152680940
152888961 33929655
152888961 125525767
152735275 36895440
152735275 65454606
152735275 152919349
152735275 110695521
152735275 10361006
152735275 152713178
58419646 36895440
58419646 152819220
54180416 65454606
54180416 6924180
54180416 57650124
54180416 75286263
54180416 45812118
54180416 125525767
54180416 57653243
36895440 152565878
36895440 57646668
36895440 490443164
36895440 152702868
36895440 57653243
152500733 57653243
152565639 57653243
152565639 57770797
152504507 33929655
152504507 152694874
152504507 152919349
152504507 152571309
18658915 139708347
18658915 152565639
18658915 143084994
18658915 152580351
18658915 57653243
18658915 40247944
45812118 54180416
45812118 60095099
45812118 57608056
45812118 36895440
45812118 152919349
45812118 57770797
45812118 57653243
152622864 57770797
52452238 33741427
490443164 36895440
490443164 581097900
490443164 152797864
490443164 57653243
152520370 457426829
152520370 57653243
516587347 33741427
152593833 152434911
152593833 57653243
152593833 57770797
152565878 36895440
152565878 57653243
40247944 57653243
152914051 490443164
152914051 57770797
65454606 54180416
65454606 152816698
65454606 110695521
65454606 152735275
65454606 57646668
65454606 152680940
65454606 33929655
65454606 152797864
65454606 125525767
65454606 57770797
58371877 36895440
58371877 57653243
31861434 152919349
31861434 152680940
57646668 36895440
57646668 152694874
57646668 33741427
57646668 65454606
57646668 152919349
57646668 57650435
57646668 152819220
57646668 152857266
57646668 57996161
57646668 57608056
57646668 125525767
57646668 57770797
30771031 57653243
57650124 152919349
57650124 57650435
57650124 54180416
57650124 152571309
57650124 125525767
60095099 45812118
60095099 57653243
6924180 54180416
6924180 57770797
457426829 152520370
152686644 57653243
143084994 57653243
668979222 57653243
110695521 65454606
110695521 152735275
110695521 125525767
57996161 26751926
57996161 57646668
57996161 57770797
57996161 57653243
75286263 54180416
75286263 57653243
152594384 152694874
152898491 57653243
152808050 57646668
59997477 57653243
152434911 152593833
152434911 152576136
152434911 57653243
152434911 57770797
152797864 152898491
152797864 490443164
152797864 57653243
152957428 33741427
131954467 57653243
33741427 152816698
33741427 57646668
33741427 52452238
33741427 516587347
33741427 152957428
33741427 152580351
152919349 31861434
152919349 57650124
152919349 152735275
152919349 57646668
152919349 501147869
152919349 152504507
152919349 45812118
139708347 18658915
152580351 57646668
152580351 490443164
152580351 33741427
152580351 57653243
