152684298 57601996
7078986 57601996
152938866 57601996
152714209 57601996
52579371 155874211
52579371 42153787
52579371 58334182
207070018 210249174
207070018 57601996
152816248 57601996
61609760 57601996
55119069 57601996
52446935 57601996
152893066 57601996
152622123 57601996
34376236 152726431
3559936 57601996
3559936 94297561
95004502 57601996
58318243 57601996
152504033 57601996
581910846 57601996
152620498 57601996
152815885 57601996
24103420 57601996
152725427 57601996
210249174 57601996
210249174 207070018
57648706 57601996
56623361 57601996
56623361 42153787
152621435 57601996
152621435 152619770
152621435 3559936
152621435 42153787
582354647 57601996
215739487 456022896
152735052 152633954
152735052 152809126
42153787 57601996
152663236 57601996
83619907 57601996
152619770 152621435
57601996 95004502
57601996 42153787
58104202 57601996
401160190 57601996
34155338 152622123
152733032 152921076
152733032 132395661
152733032 42153787
60730375 57601996
152911846 57601996
582140289 57601996
519073561 57601996
676797317 152879446
152932083 57601996
152809126 152735052
152809126 57601996
152809126 152633954
152809126 42153787
132395661 57601996
152835158 152893066
152801577 57601996
152633954 152735052
152633954 57601996
152633954 152809126
836610466 57601996
559475872 57601996
152499419 57601996
152937590 57601996
155322087 95004502
155322087 57601996
152879446 57601996
152879446 152622123
152879446 676797317
152726431 57601996
152726431 34376236
152921076 57601996
43968217 57601996
43968217 61609760
601635413 57601996
198437088 57601996
198437088 95004502
58334182 57601996
152815257 57601996
456022896 57601996
152573275 57601996
152678402 57601996
152513385 57601996
152621523 57601996
152850433 42153787
472323198 57601996
21575599 152937590
21575599 57601996
