152542880 152564722
28662954 130236600
28662954 57648704
28662954 152797864
28662954 152729614
28662954 152891835
28662954 57648758
28662954 57847265
28662954 152932086
28662954 152732494
28662954 57653178
28662954 152934518
28662954 152839401
28662954 57847320
28662954 123004332
28662954 50618661
28662954 57653243
21562432 35076515
21562432 123004332
97516723 57646087
97516723 57847320
97516723 58488373
97516723 57588335
97516723 152797864
97516723 152732494
97516723 50618661
97516723 152733149
97516723 57653243
152577892 57847265
152577892 152564722
152577892 152564789
152577892 50618661
152577892 152733149
581130965 152565527
581130965 152732494
581130965 57653243
152728716 152839401
152728716 57847320
152728716 152934518
152728716 57648758
152728716 123004332
152728716 50618661
152728716 49336025
152728716 57653243
60401540 56647395
60401540 57653243
57653243 152566188
57653243 152602641
57653243 57648758
57653243 152788940
57653243 152575492
57653243 152564722
57653243 101698145
57653243 152933290
57653243 28662954
57653243 152725750
57653243 152693562
57653243 152934518
57653243 50618661
57653243 97516723
57653243 57847320
57653243 313388743
57653243 7253308
57653243 56647395
57653243 44759735
57653243 58310239
57653243 123004332
57653243 152580351
57653243 60401540
57653243 57646087
57653243 152797864
57653243 152620522
57653243 58407923
57653243 152898960
57653243 58488373
57653243 210238972
57653243 152503603
57653243 57648704
57653243 152733149
57653243 152724799
57653243 152544250
57653243 152729614
57653243 152720160
57653243 152896967
57653243 155841287
57653243 581130965
57653243 152728139
57653243 152670152
57653243 152839401
57653243 152565527
57653243 152891835
57653243 152732494
57653243 152877795
57653243 152933932
152544250 57653243
152877795 152564789
152877795 152564722
152877795 57653243
58333454 152620522
58333454 31859694
58333454 152929330
58333454 152725750
58333454 123004332
58333454 50618661
58333454 60401540
58333454 152733149
50618661 57588335
50618661 101695430
50618661 152564722
50618661 57648758
50618661 123004332
50618661 152896967
50618661 152688511
50618661 152933290
50618661 152797864
50618661 57653178
50618661 152729614
50618661 152934518
50618661 28662954
50618661 152720160
50618661 57646087
50618661 97516723
50618661 57847320
50618661 152732494
50618661 152788940
50618661 152839401
50618661 57847265
50618661 3660075
50618661 152728716
50618661 152564789
50618661 155841287
50618661 31859694
50618661 152724799
50618661 152728139
50618661 21562432
50618661 152733149
50618661 152580351
50618661 57653243
50618661 152577892
130236600 57648704
130236600 152564722
130236600 28662954
3660075 57847265
3660075 28662954
3660075 50618661
44759735 152564722
44759735 57847265
44759735 50618661
44759735 152733149
44759735 57653243
57588335 57646087
57588335 152575492
57588335 152503603
57588335 152933290
57588335 101698145
57588335 152566568
57588335 57651083
57588335 97516723
57588335 57648704
57588335 58488373
57588335 152929330
57588335 57653243
57588335 57648758
57588335 152564722
57588335 57847265
57588335 50618661
57648758 57646087
57648758 57847320
57648758 152503603
57648758 101698145
57648758 57648704
57648758 152720160
57648758 57588335
57648758 57847265
57648758 152728716
57648758 152732494
57648758 28662954
57648758 50618661
57648758 57653243
152729614 152564789
152729614 31859694
152729614 57847265
152729614 28662954
152729614 50618661
152729614 57653243
152575492 152933290
152575492 152788940
152575492 57588335
152575492 152725750
152575492 152797864
152575492 57653243
7253308 50618661
7253308 57653243
152733149 57646087
152733149 31859694
152733149 58333454
152733149 57653243
152566568 152503603
152566568 57588335
152688511 50618661
152896967 57653243
35076515 152580351
35076515 57653243
152932086 28662954
152724799 57653243
152724799 152566188
152724799 50618661
152898960 57653243
152715189 57653243
57847265 101698145
57847265 152934518
57847265 101695430
57847265 57588335
57847265 57648758
57847265 31859694
57847265 57646087
57847265 152797864
57847265 152720160
57847265 152564722
57847265 152564789
57847265 3660075
57847265 28662954
57847265 123004332
57847265 50618661
57847265 57653243
57847265 152577892
152565527 58333454
152565527 57653243
152565527 581130965
210238972 163554478
210238972 152564722
210238972 152934518
210238972 57653243
152670152 57653243
101695430 101698145
101695430 57651083
101695430 152729614
101695430 57847265
101695430 50618661
101698145 152934518
101698145 57648704
101698145 101695430
101698145 57648758
101698145 152564722
101698145 57588335
101698145 152797864
101698145 57847265
101698145 57653243
152728139 57651083
152728139 50618661
152728139 57653243
581564355 49336025
152933932 57653243
152566188 57653243
57651083 152728139
57651083 101695430
57651083 152891835
57651083 57588335
57651083 152732494
57651083 50618661
57651083 57653243
155841287 50618661
155841287 57653243
57647742 152898960
57647742 152564722
57648704 130236600
57648704 101698145
57648704 57648758
57648704 57588335
57648704 57646087
57648704 28662954
57648704 57653243
152788940 152933290
152788940 57653243
29425464 31859694
29425464 58488373
29425464 57653243
152732494 97516723
152732494 57646087
152732494 152564722
152732494 152564789
152732494 57653178
152732494 581130965
152732494 57648758
152732494 57847265
152732494 50618661
152732494 152566188
152732494 57653243
152934518 101698145
152934518 210238972
152934518 57646087
152934518 152720160
152934518 57847265
152934518 152728716
152934518 28662954
152934518 50618661
152934518 152566188
152934518 57653243
152933290 152575492
152933290 152688511
152933290 152720160
152933290 152788940
152933290 57588335
152933290 50618661
152933290 57653243
313388743 57653243
49336025 152724799
49336025 152891835
49336025 50618661
49336025 152732494
49336025 581564355
49336025 152688511
49336025 152728716
49336025 57653243
152503603 152564789
152503603 152729614
152503603 57648758
152503603 57588335
152503603 57653243
152725750 57653178
152725750 152564722
152725750 152575492
152725750 57653243
31859694 57847265
152620522 58333454
152620522 57653243
58488373 97516723
58488373 57588335
58488373 57653243
56647395 152564722
56647395 60401540
56647395 57653243
152891835 57653243
152891835 28662954
152720160 152564789
152720160 57847320
152720160 152933290
152720160 57648758
152720160 152934518
152720160 57847265
152720160 50618661
152720160 57653243
57653178 57646087
57653178 152564722
57653178 152725750
57653178 152732494
57653178 50618661
58407923 57653243
152839401 152728716
152839401 28662954
152839401 50618661
152839401 57653243
152602641 152564789
152602641 97516723
152602641 57653243
152797864 101698145
152797864 97516723
152797864 152575492
152797864 152896967
152797864 57847265
152797864 28662954
152797864 50618661
152797864 57653243
152693562 152564789
152693562 21562432
152693562 152724799
152693562 152929330
152693562 57653243
58310239 57653243
67498681 152932086
67498681 152564722
152929330 57646087
152929330 152715189
152929330 152693562
152929330 58333454
152929330 57588335
152564789 101695430
152564789 152729614
152564789 152720160
152564789 57847265
152564789 50618661
152564789 57653243
57847320 57653178
57847320 163554478
57847320 97516723
57847320 3660075
57847320 152688511
57847320 57648758
57847320 152720160
57847320 57847265
57847320 152728716
57847320 28662954
57847320 50618661
57847320 57653243
123004332 57847265
123004332 152728716
123004332 28662954
123004332 152896967
123004332 50618661
123004332 57653243
57646087 57653178
57646087 97516723
57646087 152839401
57646087 152929330
57646087 57648758
57646087 57588335
57646087 152934518
57646087 57648704
57646087 57847265
57646087 152732494
57646087 50618661
57646087 152733149
57646087 57653243
152580351 60401540
152580351 50618661
152580351 152724799
152580351 152564722
152580351 35076515
152580351 57653243
