152934697 152891269
152934697 57643426
152934697 27554757
152934697 57648621
152934697 152622195
152934697 52231953
152566666 152891269
152566666 24335262
152619307 152891269
152619307 57648621
152619307 152622195
133767389 772020365
133767389 758018833
133767389 60068827
133767389 152941742
133767389 57648621
133767389 8505406
133767389 18614681
133767389 113445298
133767389 152622195
133767389 57643426
133767389 29149856
152677311 152891269
152677311 57648897
54234104 27554757
54234104 152941742
54234104 152933228
54234104 57643426
8505406 772020365
8505406 758018833
8505406 152941742
8505406 152812411
8505406 152797763
8505406 57648621
8505406 82112231
8505406 152728598
8505406 133767389
8505406 18614681
8505406 229034862
8505406 113445298
8505406 152622195
8505406 57643426
8505406 29149856
634008194 152891269
523564360 95828211
523564360 152891269
152475986 152891269
52231953 152891269
58445282 152891269
58445282 152622195
57647163 152891269
57648897 57648621
9172827 152891269
152928533 152891269
152928533 57648621
152928533 57643426
57643426 113445298
57643426 57648621
57643426 133767389
57643426 18614681
57643426 27554757
57643426 8505406
57643426 54234104
57643426 152728598
57643426 152797763
57643426 152622195
57643426 152941742
57643426 152928533
57643426 152934697
152688477 57648621
152688477 24335262
152688477 152891269
19149523 152891269
498989548 152473772
152621045 152941742
758018833 8505406
758018833 152891269
758018833 152661291
758018833 133767389
758018833 57648621
758018833 152622195
593400106 152891269
833363122 152891269
833363122 834145044
772020365 8505406
772020365 57648621
772020365 133767389
27554757 152891269
27554757 152928533
27554757 152953576
27554757 54234104
27554757 152941742
27554757 152797763
27554757 57648621
27554757 82112231
27554757 18614681
27554757 113445298
27554757 57643426
27554757 152934697
806236330 152891269
152941742 152621045
152941742 8505406
152941742 152891269
152941742 27554757
152941742 152478555
152941742 133767389
152941742 67749344
152941742 57648621
152941742 57643426
600992913 152891269
600992913 57648621
18614681 152891269
18614681 27554757
18614681 582376491
18614681 152511982
18614681 82112231
18614681 8505406
18614681 133767389
18614681 57643426
113653838 152891269
113653838 113445298
152523408 152891269
834145044 152891269
834145044 833363122
137240356 152891269
812485272 152891269
812485272 113445298
152833859 152891269
225137539 152891269
225137539 152941742
38166915 152891269
113445298 812485272
113445298 57648621
113445298 8505406
113445298 133767389
113445298 152797763
113445298 27554757
113445298 152473772
113445298 113653838
113445298 582376491
113445298 152622195
113445298 57643426
113445298 57647163
152797763 8505406
152797763 27554757
152797763 152511982
152797763 57648621
152797763 113445298
152797763 152622195
152797763 57643426
152511982 152891269
152511982 152797763
152511982 18614681
152511982 152576503
410256388 812456903
152661291 758018833
152661291 152891269
60068827 152891269
60068827 133767389
22171992 81577454
836611542 152891269
58469455 152891269
152725316 152891269
152566581 152891269
57648621 8505406
57648621 772020365
57648621 758018833
57648621 152891269
57648621 152928533
57648621 27554757
57648621 152953576
57648621 152728598
57648621 152941742
57648621 57648897
57648621 152797763
57648621 133767389
57648621 67749344
57648621 82112231
57648621 113445298
57648621 152622195
57648621 57643426
57648621 29149856
57648621 57647163
57648621 152934697
82112231 8505406
82112231 152891269
82112231 27554757
82112231 152941742
82112231 57648621
82112231 18614681
299223403 57648621
299223403 582376491
152622195 57648621
152622195 113445298
152622195 133767389
152622195 58445282
152622195 152619307
152622195 152797763
152622195 8505406
152622195 772020365
152622195 758018833
152622195 57643426
67749344 152891269
67749344 152941742
67749344 57648621
67749344 82112231
24335262 152891269
24335262 18614681
24335262 152688477
24335262 152566666
152728598 57648621
152728598 8505406
152728598 18614681
152728598 57643426
152891269 27554757
152891269 82112231
152891269 18614681
806290580 152891269
152812411 8505406
152812411 152891269
74917512 152891269
95828211 152891269
229034862 8505406
29149856 57648621
29149856 8505406
29149856 133767389
152566762 152891269
758047932 152891269
582376491 152891269
582376491 299223403
582376491 113445298
152473772 498989548
152473772 152891269
152473772 152566666
152473772 225137539
152473772 113445298
812452191 152891269
812452191 152592209
152953576 152891269
152953576 27554757
152953576 57648621
836611776 152891269
152576503 152891269
152576503 152511982
833347292 152891269
833347292 57648621
152933228 152891269
152478555 152941742
