85841237 19916072
85841237 152734966
85841237 58187973
80642092 103765752
80642092 152953553
80642092 210273968
80642092 601840694
80642092 152711470
80642092 17707485
152858763 152695365
152858763 582231655
152858763 99951092
152858763 57652054
152858763 152940776
152858763 45214617
152858763 60691502
152858763 54239558
152858763 101695601
152858763 152953553
152858763 210261853
152858763 16698690
152858763 57647314
152858763 58046899
152858763 17707485
17707485 65385180
17707485 19173047
17707485 107496310
17707485 60691502
17707485 80642092
17707485 99951092
17707485 58187973
17707485 28055701
17707485 152953553
17707485 152858763
17707485 16698690
17707485 101697151
17707485 152940776
17707485 54239558
17707485 15270142
17707485 152954551
17707485 97088872
17707485 107495981
17707485 57652054
17707485 152898792
17707485 30741417
17707485 57647314
17707485 12130696
17707485 92112711
99951092 46911433
99951092 57334300
99951092 107495981
99951092 15270142
99951092 57652054
99951092 152940776
99951092 152931317
99951092 210243812
99951092 60691511
99951092 152898792
99951092 152579847
99951092 42147890
99951092 97088872
99951092 20096808
99951092 60691502
99951092 54239558
99951092 101695601
99951092 152953553
99951092 101697151
99951092 210261853
99951092 16698690
99951092 128781620
99951092 57647314
99951092 58046899
99951092 210273968
99951092 152858763
99951092 25972805
99951092 82642888
99951092 97086856
99951092 17707485
57647314 152695365
57647314 582231655
57647314 99951092
57647314 30741417
57647314 45214617
57647314 152953553
57647314 210261853
57647314 58187973
57647314 152858763
57647314 16698690
57647314 47329470
57647314 17707485
57647314 92112711
111485583 215762447
111485583 152940776
111485583 54239558
111485583 58187973
111485583 92112711
152953553 46911433
152953553 80642092
152953553 107495981
152953553 582231655
152953553 99951092
152953553 152940776
152953553 28055701
152953553 210243812
152953553 30741417
152953553 58039797
152953553 54239558
152953553 210216051
152953553 210261853
152953553 16698690
152953553 57647314
152953553 58187973
152953553 152627040
152953553 19173047
152953553 152858763
152953553 97086856
152953553 17707485
152953553 92112711
107496310 80642092
107496310 38912871
107496310 17707485
107496310 92112711
601840694 80642092
601840694 27448198
601840694 107495981
601840694 60691511
601840694 47329470
601840694 92112711
101697151 15270142
101697151 99951092
101697151 16698690
101697151 152627040
101697151 17707485
12130696 27448198
12130696 19916072
12130696 152940776
12130696 58046899
12130696 58187973
12130696 91888857
12130696 28055701
12130696 16698690
12130696 17707485
12130696 92112711
20096808 99951092
152907045 152940776
152907045 42147890
101695601 152695365
101695601 107495981
101695601 582231655
101695601 99951092
101695601 73273327
101695601 16698690
101695601 57647314
101695601 58187973
101695601 19173047
101695601 152858763
103765752 19173047
73273327 152940776
73273327 97088872
73273327 101695601
73273327 3229333
73273327 210216051
73273327 16698690
73273327 92112711
25972805 99951092
25972805 57652054
25972805 60691502
25972805 58187973
25972805 76410418
25972805 92112711
152931317 99951092
152931317 210257572
152931317 54239558
152931317 16698690
54239558 46911433
54239558 57334300
54239558 15270142
54239558 111485583
54239558 99951092
54239558 57652054
54239558 152931317
54239558 210243812
54239558 210216051
54239558 152953553
54239558 210261853
54239558 16698690
54239558 58187973
54239558 152627040
54239558 152858763
54239558 17707485
54239558 92112711
57652054 46911433
57652054 107495981
57652054 15270142
57652054 99951092
57652054 152940776
57652054 30741417
57652054 152898792
57652054 54239558
57652054 210216051
57652054 210261853
57652054 16698690
57652054 58046899
57652054 58187973
57652054 152627040
57652054 152858763
57652054 25972805
57652054 152711470
57652054 17707485
210216051 57652054
210216051 73273327
210216051 97088872
210216051 54239558
210216051 152953553
210216051 210261853
210216051 16698690
152898792 46911433
152898792 99951092
152898792 57652054
152898792 16698690
152898792 58187973
152898792 17707485
152898792 92112711
65385180 17707485
152627040 107495981
152627040 57652054
152627040 152940776
152627040 30741417
152627040 60691511
152627040 42147890
152627040 54239558
152627040 152953553
152627040 101697151
152627040 58046899
152627040 58187973
152627040 92112711
210257572 107495981
210257572 152931317
834494776 16698690
582231655 57647314
582231655 58187973
582231655 19173047
582231655 152858763
107495981 46911433
107495981 99951092
107495981 57652054
107495981 18994522
107495981 210257572
107495981 152953553
107495981 210261853
107495981 58187973
107495981 601840694
107495981 152627040
107495981 17707485
47329470 152695365
47329470 107495981
47329470 582231655
47329470 152940776
47329470 58187973
47329470 601840694
47329470 16698690
47329470 57647314
58187973 46911433
58187973 152695365
58187973 12130696
58187973 57334300
58187973 107495981
58187973 111485583
58187973 582231655
58187973 19916072
58187973 57652054
58187973 152940776
58187973 30741417
58187973 60691511
58187973 18994522
58187973 152898792
58187973 97088872
58187973 60691502
58187973 54239558
58187973 85841237
58187973 152953553
58187973 16698690
58187973 57647314
58187973 58046899
58187973 47329470
58187973 152627040
58187973 97086856
58187973 17707485
58187973 92112711
18994522 107495981
18994522 152940776
18994522 210261853
18994522 16698690
18994522 58187973
18994522 19173047
215762447 111485583
60691502 57334300
60691502 15270142
60691502 99951092
60691502 210243812
60691502 58187973
60691502 152858763
60691502 25972805
60691502 17707485
58039797 152953553
58039797 19173047
19173047 27448198
19173047 57769419
102113955 58001289
76410418 25972805
210243812 46911433
210243812 99951092
210243812 45214617
210243812 60691502
210243812 54239558
210243812 152953553
210243812 210261853
210243812 16698690
210243812 97086856
57334300 99951092
57334300 60691502
57334300 54239558
57334300 210261853
57334300 58046899
57334300 58187973
46911433 107495981
46911433 99951092
46911433 57652054
46911433 152940776
46911433 210243812
46911433 152898792
46911433 54239558
46911433 152953553
46911433 16698690
46911433 58187973
46911433 97086856
46911433 92112711
92112711 25972805
92112711 12130696
92112711 16698690
92112711 27448198
92112711 58187973
92112711 152627040
92112711 46911433
92112711 57647314
92112711 601840694
92112711 73273327
92112711 152953553
92112711 210261853
92112711 152940776
92112711 80642092
92112711 15270142
92112711 58046899
92112711 152898792
92112711 54239558
92112711 19173047
92112711 111485583
92112711 107496310
92112711 57769419
92112711 17707485
45214617 107495981
45214617 210243812
45214617 57647314
45214617 58187973
45214617 152858763
57769419 27448198
57769419 37386509
57769419 19173047
57769419 92112711
57607083 152695365
57607083 72125114
57607083 58001289
152711470 57652054
37386509 57769419
210261853 57334300
210261853 107495981
210261853 19916072
210261853 99951092
210261853 57652054
210261853 152940776
210261853 210243812
210261853 60691511
210261853 18994522
210261853 97088872
210261853 54239558
210261853 3229333
210261853 210216051
210261853 152953553
210261853 16698690
210261853 57647314
210261853 58046899
210261853 37386509
210261853 152858763
210261853 92112711
644106045 19173047
97086856 19916072
97086856 58187973
97086856 46911433
97086856 27448198
97086856 19173047
97086856 15270142
97086856 37386509
97086856 210243812
97086856 99951092
97086856 107496310
97086856 101697151
97086856 57652054
97086856 152627040
15270142 27448198
15270142 99951092
15270142 57652054
15270142 60691502
15270142 54239558
15270142 101697151
152734966 85841237
42147890 99951092
42147890 152907045
42147890 152627040
3229333 152940776
3229333 73273327
3229333 210261853
210273968 80642092
210273968 99951092
97088872 28055701
97088872 73273327
97088872 210216051
97088872 210261853
97088872 58187973
97088872 19173047
58046899 12130696
58046899 57334300
58046899 99951092
58046899 57652054
58046899 210261853
58046899 58187973
58046899 91888857
58046899 152627040
58046899 152858763
58046899 92112711
128781620 27448198
19916072 12130696
19916072 85841237
19916072 210261853
19916072 58187973
19916072 97086856
28055701 99951092
28055701 97088872
28055701 58187973
28055701 12130696
28055701 17707485
72125114 57607083
152695365 57607083
152695365 152579847
152695365 101695601
152695365 16698690
152695365 57647314
152695365 58187973
152695365 152858763
38130461 17707485
27448198 12130696
27448198 15270142
27448198 19916072
27448198 215762447
27448198 57769419
27448198 152940776
27448198 152953553
27448198 128781620
27448198 58187973
27448198 601840694
27448198 37386509
27448198 19173047
27448198 97086856
60691511 99951092
60691511 210261853
60691511 58187973
60691511 601840694
60691511 152627040
16698690 71400065
16698690 46911433
16698690 152695365
16698690 99951092
16698690 57652054
16698690 152940776
16698690 73273327
16698690 210243812
16698690 152898792
16698690 54239558
16698690 101695601
16698690 210216051
16698690 101697151
16698690 210261853
16698690 38912871
16698690 58187973
16698690 152858763
16698690 152931317
16698690 57647314
16698690 47329470
16698690 12130696
16698690 17707485
16698690 92112711
152940776 46911433
152940776 12130696
152940776 27448198
152940776 111485583
152940776 99951092
152940776 57652054
152940776 73273327
152940776 152907045
152940776 18994522
152940776 3229333
152940776 152953553
152940776 210261853
152940776 38912871
152940776 16698690
152940776 58187973
152940776 47329470
152940776 152627040
152940776 152858763
152940776 17707485
152940776 92112711
91888857 12130696
91888857 16698690
91888857 58046899
30741417 57652054
30741417 152953553
30741417 57647314
30741417 58187973
30741417 152627040
30741417 17707485
58001289 57607083
58001289 102113955
38912871 298859323
38912871 298834571
38912871 152940776
38912871 16698690
38912871 107496310
38912871 17707485
38912871 92112711
71400065 16698690
