152818359 57588633
152818359 26179196
152818359 57602016
152818359 152954086
152818359 65336728
152818359 3878831
103060361 30845742
103060361 58140276
103060361 37652988
103060361 79437509
103060361 57602016
103060361 10669117
103060361 54156779
103060361 7191564
97848215 271974536
97848215 37652988
298833715 57602016
210251626 30845742
210251626 155862013
210251626 26179196
210251626 11981644
210251626 57645573
210251626 83439477
210251626 57602016
210251626 32020974
210251626 3878831
155852670 57602016
39674749 30845742
39674749 26179196
39674749 83437385
39674749 57647062
39674749 57602016
39674749 65336728
39674749 3878831
58370148 58140276
58370148 58035007
58370148 57602016
152931270 152907691
152931270 113500668
152931270 83437385
152931270 6308785
152931270 11981644
152931270 57602016
152931270 65336728
152931270 152953493
152931270 27461472
152931270 3878831
152931270 57644609
155815434 57602016
152941850 6308785
152941850 38742253
152941850 57602016
601691967 57602016
47236449 58140276
47236449 37652988
47236449 57602016
54156779 37652988
54156779 57602016
57647062 58153537
57647062 30845742
57647062 54181590
57647062 57430761
57647062 57588633
57647062 26179196
57647062 152919448
57647062 83437385
57647062 6308785
57647062 37652988
57647062 39674749
57647062 152968504
57647062 57602016
57647062 65336728
57647062 152953493
57647062 152921173
57647062 57644609
152955610 30845742
152955610 2234739
152955610 83437385
152955610 152913194
152955610 152968504
152955610 57602016
152955610 152954086
2234739 26179196
2234739 6308785
2234739 18875682
2234739 57602016
2234739 10669117
2234739 32020974
2234739 3878831
2234739 27552079
2234739 67498694
2234739 107496168
152954988 57602016
152954086 123735423
152954086 30845742
152954086 152818359
152954086 57588633
152954086 26179196
152954086 58147194
152954086 6308785
152954086 152955610
152954086 57645573
152954086 38742253
152954086 57602016
152954086 7824865
152954086 3878831
152954086 107496168
30845742 50606648
30845742 2234739
30845742 54181590
30845742 57588633
30845742 155862013
30845742 26179196
30845742 152919448
30845742 83437385
30845742 58147194
30845742 103060361
30845742 152913194
30845742 6308785
30845742 152955610
30845742 57647062
30845742 11981644
30845742 99810425
30845742 152117105
30845742 93736567
30845742 37652988
30845742 38742253
30845742 79437509
30845742 39674749
30845742 152968504
30845742 57602016
30845742 34648832
30845742 152954086
30845742 10669117
30845742 152808050
30845742 65336728
30845742 152953493
30845742 9134503
30845742 32020974
30845742 7824865
30845742 210251626
30845742 27461472
30845742 57651282
30845742 3878831
30845742 27552079
30845742 67498694
30845742 57643578
30845742 7191564
30845742 58155898
30845742 57644609
152934163 113500668
152934163 57602016
152934163 7191564
58155898 57602016
58155898 83437385
58155898 11981644
58155898 113500668
58155898 30845742
58155898 57643578
27552079 30845742
27552079 2234739
27552079 57430761
27552079 83437385
27552079 58140276
27552079 6308785
27552079 58035007
27552079 37652988
27552079 57602016
27552079 65336728
27552079 152953493
27552079 9134503
27552079 3878831
57643578 30845742
57643578 26179196
57643578 113500668
57643578 57602016
57643578 65336728
57643578 58155898
57645573 58153537
57645573 54181590
57645573 57602016
57645573 152954086
57645573 65336728
57645573 210251626
57645573 152921173
152723076 57602016
298849311 57602016
298849311 3878831
57478379 57430761
57478379 57602016
57478379 9134503
152850120 58035007
152850120 57602016
210231048 54181590
210231048 57588633
210231048 26179196
210231048 57602016
210231048 7824865
210231048 27461472
152953493 30845742
152953493 54181590
152953493 155862013
152953493 83437385
152953493 6308785
152953493 57647062
152953493 58035007
152953493 11981644
152953493 37652988
152953493 83439477
152953493 57602016
152953493 152954086
152953493 10669117
152953493 65336728
152953493 7824865
152953493 27461472
152953493 3878831
152953493 27552079
152953493 67498694
152953493 7191564
152953493 107496168
107496168 2234739
107496168 152954086
107496168 37652988
107496168 57602016
107496168 7191564
107496168 152953493
107496168 3878831
58110766 37652988
58110766 57602016
152117105 30845742
152117105 26179196
152117105 152913194
152117105 57602016
152117105 3878831
57651282 30845742
57651282 26179196
57651282 83437385
57651282 152968504
10669117 30845742
10669117 2234739
10669117 54181590
10669117 57430761
10669117 26179196
10669117 103060361
10669117 6308785
10669117 37652988
10669117 79437509
10669117 57602016
10669117 152953493
10669117 9134503
10669117 7824865
10669117 3878831
57588633 30845742
57588633 152818359
57588633 152930696
57588633 26179196
57588633 113500668
57588633 83437385
57588633 6308785
57588633 57647062
57588633 38742253
57588633 57602016
57588633 34648832
57588633 152954086
57588633 65336728
57588633 152953493
57588633 210231048
57588633 3878831
57588633 57644609
6308785 152931270
6308785 123735423
6308785 30845742
6308785 2234739
6308785 54181590
6308785 57588633
6308785 155862013
6308785 26179196
6308785 113500668
6308785 152941850
6308785 83437385
6308785 57647062
6308785 11981644
6308785 83439477
6308785 79437509
6308785 57602016
6308785 152954086
6308785 10669117
6308785 152808050
6308785 65336728
6308785 152953493
6308785 9134503
6308785 32020974
6308785 7824865
6308785 27461472
6308785 3878831
6308785 27552079
6308785 67498694
152913194 30845742
152913194 26179196
152913194 152955610
152913194 152117105
152913194 65336728
152913194 7824865
34648832 30845742
34648832 57588633
34648832 26179196
34648832 58140276
34648832 57602016
34648832 65336728
34648832 3878831
152939169 26179196
152939169 83437385
152939169 57602016
152939169 65336728
79437509 30845742
79437509 26179196
79437509 83437385
79437509 103060361
79437509 6308785
79437509 37652988
79437509 83439477
79437509 10669117
79437509 3878831
142991251 57602016
93736567 30845742
93736567 26179196
93736567 83437385
93736567 11981644
93736567 152968504
18875682 30845742
18875682 2234739
18875682 57602016
18875682 3878831
210238785 57602016
210238785 3878831
50606648 30845742
50606648 152912194
50606648 83437385
50606648 11981644
50606648 57602016
50606648 65336728
271974536 37652988
271974536 57602016
271974536 97848215
57643394 152931270
57643394 57430761
57643394 152912194
57643394 113500668
57643394 58147194
57643394 11981644
57643394 57602016
57643394 57644609
83437385 50606648
83437385 152931270
83437385 30845742
83437385 152930696
83437385 57588633
83437385 155862013
83437385 26179196
83437385 6308785
83437385 152939169
83437385 152955610
83437385 57647062
83437385 11981644
83437385 93736567
83437385 38742253
83437385 39674749
83437385 152968504
83437385 57602016
83437385 65336728
83437385 152953493
83437385 32020974
83437385 7824865
83437385 57651282
83437385 3878831
83437385 27552079
83437385 58155898
152921173 26179196
152921173 57647062
152921173 57645573
152921173 57602016
152921173 65336728
152921173 7824865
5389308 58140276
5389308 11981644
5389308 57602016
5389308 65336728
3878831 152931270
3878831 30845742
3878831 2234739
3878831 152818359
3878831 57588633
3878831 155862013
3878831 26179196
3878831 83437385
3878831 6308785
3878831 152955610
3878831 11981644
3878831 152117105
3878831 37652988
3878831 38742253
3878831 79437509
3878831 18875682
3878831 39674749
3878831 152968504
3878831 57602016
3878831 34648832
3878831 152954086
3878831 10669117
3878831 298849311
3878831 65336728
3878831 131828310
3878831 32020974
3878831 7824865
3878831 210238785
3878831 210251626
3878831 27461472
3878831 27552079
3878831 67498694
3878831 107496168
7191564 37652988
9134503 30845742
9134503 26179196
9134503 6308785
9134503 10669117
9134503 57478379
9134503 7824865
9134503 27552079
27461472 152931270
27461472 30845742
27461472 26179196
27461472 113500668
27461472 58140276
27461472 6308785
27461472 37652988
27461472 38742253
27461472 57602016
27461472 152953493
27461472 210231048
27461472 32020974
27461472 3878831
152968504 30845742
152968504 155862013
152968504 26179196
152968504 83437385
152968504 152955610
152968504 57647062
152968504 11981644
152968504 93736567
152968504 37652988
152968504 38742253
152968504 57602016
152968504 65336728
152968504 57651282
152968504 3878831
38742253 30845742
38742253 57588633
38742253 26179196
38742253 152941850
38742253 83437385
38742253 152968504
38742253 57602016
38742253 152954086
38742253 65336728
38742253 27461472
38742253 3878831
152912194 50606648
152912194 26179196
152912194 57643394
152912194 57602016
152912194 65336728
137716762 57602016
123735423 6308785
123735423 57602016
123735423 152954086
123735423 7824865
123735423 3878831
57644609 107496168
57644609 57647062
57644609 57588633
57644609 54181590
57644609 57643578
57644609 57602016
57644609 65336728
57644609 152919448
57644609 30845742
57644609 26179196
57644609 57643394
113500668 58140276
113500668 58035007
113500668 57602016
113500668 27461472
113500668 57643578
28643322 54181590
28643322 57602016
28643322 65336728
28643322 3878831
32020974 30845742
32020974 2234739
32020974 54181590
32020974 26179196
32020974 83437385
32020974 6308785
32020974 57602016
32020974 152954086
32020974 7824865
32020974 210251626
32020974 27461472
32020974 3878831
155862013 30845742
155862013 26179196
155862013 83437385
155862013 58140276
155862013 6308785
155862013 58035007
155862013 11981644
155862013 152968504
155862013 57602016
155862013 65336728
155862013 210251626
155862013 3878831
58140276 58035007
58140276 57602016
152907691 152931270
152907691 26179196
152907691 113500668
152907691 57602016
152907691 65336728
152907691 7824865
58147194 54181590
58147194 57643394
58147194 11981644
58147194 57602016
58147194 152954086
65336728 50606648
65336728 152907691
65336728 152931270
65336728 30845742
65336728 54181590
65336728 152818359
65336728 152930696
65336728 152912194
65336728 57588633
65336728 155862013
65336728 26179196
65336728 83437385
65336728 152913194
65336728 6308785
65336728 152939169
65336728 57647062
65336728 11981644
65336728 37652988
65336728 57645573
65336728 83439477
65336728 38742253
65336728 18875682
65336728 39674749
65336728 152968504
65336728 57602016
65336728 34648832
65336728 152953493
65336728 5389308
65336728 7824865
65336728 137716762
65336728 3878831
65336728 27552079
65336728 152921173
65336728 57643578
65336728 57644609
152919448 30845742
152919448 26179196
152919448 57647062
152919448 57602016
152919448 57644609
58035007 2234739
58035007 58140276
58035007 57602016
83439477 54181590
83439477 57430761
83439477 6308785
83439477 79437509
83439477 57602016
83439477 65336728
83439477 152953493
83439477 210251626
83439477 3878831
152808050 57602016
99810425 30845742
99810425 57602016
99810425 10669117
99810425 58035007
99810425 7191564
54181590 30845742
54181590 26179196
54181590 58140276
54181590 58147194
54181590 6308785
54181590 28643322
54181590 57647062
54181590 58035007
54181590 11981644
54181590 57645573
54181590 57602016
54181590 10669117
54181590 65336728
54181590 152953493
54181590 210231048
54181590 3878831
37652988 30845742
37652988 58110766
37652988 103060361
37652988 57647062
37652988 58035007
37652988 11981644
37652988 99810425
37652988 271974536
37652988 79437509
37652988 152968504
37652988 57602016
37652988 10669117
37652988 65336728
37652988 152953493
37652988 54156779
37652988 97848215
37652988 27461472
37652988 3878831
37652988 27552079
37652988 67498694
37652988 7191564
37652988 107496168
11981644 50606648
11981644 152931270
11981644 30845742
11981644 54181590
11981644 155862013
11981644 57643394
11981644 83437385
11981644 58140276
11981644 58147194
11981644 6308785
11981644 93736567
11981644 152968504
11981644 57602016
11981644 65336728
11981644 152953493
11981644 7824865
11981644 210251626
11981644 3878831
11981644 7191564
11981644 58155898
152930696 57588633
152930696 83437385
152930696 57602016
152930696 65336728
57430761 57643394
57430761 58140276
57430761 57647062
57430761 58035007
57430761 11981644
57430761 83439477
57430761 57602016
57430761 10669117
57430761 32020974
57430761 210251626
57430761 27552079
57430761 57643578
7824865 152907691
7824865 123735423
7824865 30845742
7824865 26179196
7824865 83437385
7824865 152913194
7824865 6308785
7824865 58035007
7824865 11981644
7824865 57602016
7824865 152954086
7824865 10669117
7824865 65336728
7824865 152953493
7824865 210231048
7824865 9134503
7824865 32020974
7824865 3878831
7824865 67498694
7824865 152921173
152876616 57602016
67498694 30845742
67498694 6308785
67498694 57602016
67498694 152953493
67498694 7824865
67498694 3878831
26179196 152907691
26179196 30845742
26179196 2234739
26179196 54181590
26179196 152818359
26179196 152912194
26179196 57588633
26179196 155862013
26179196 152919448
26179196 83437385
26179196 152913194
26179196 6308785
26179196 152939169
26179196 152955610
26179196 57647062
26179196 11981644
26179196 152117105
26179196 93736567
26179196 38742253
26179196 79437509
26179196 18875682
26179196 39674749
26179196 152968504
26179196 57602016
26179196 34648832
26179196 152954086
26179196 10669117
26179196 298849311
26179196 65336728
26179196 210231048
26179196 9134503
26179196 5389308
26179196 32020974
26179196 7824865
26179196 210251626
26179196 27461472
26179196 57651282
26179196 3878831
26179196 67498694
26179196 152921173
26179196 57643578
26179196 7191564
26179196 57644609
131828310 57602016
58153537 47236449
58153537 57647062
58153537 57645573
58153537 57602016
58153537 58035007
58153537 7191564
