152578326 99008301
152578326 82651776
152578326 152940708
152578326 152933278
152578326 85051527
152578326 9493076
57771183 144955720
152928487 99008301
152928487 152933278
152578823 152933278
152957280 82651776
152957280 152933278
152957280 152906489
152957280 85051527
152713802 82651776
152713802 152838581
152713802 152839072
152713802 152724745
152713802 152603551
115751208 152933278
115751208 152575351
115751208 82651776
115751208 152603551
152906232 152933278
152940523 133797181
152940523 152906104
152940523 152933278
152940523 99008301
133967695 152577171
152941158 152933278
152914297 25647494
57647359 133797181
57647359 57431181
57647359 152933278
57647359 57644999
57647359 99008301
57647359 152619213
57647359 9493076
57647359 57644609
152836004 152933278
152836004 152919282
152836004 99008301
152878897 152577171
152878897 152919282
152878897 152891636
152848481 152933278
580912621 152933278
580912621 152940708
21137614 98559780
21137614 82651776
21137614 25647494
21137614 103598236
52389297 152933278
52389297 152906489
52389297 57644999
52389297 99008301
152485450 138561053
45544676 152933278
45544676 152906489
45544676 25647494
45544676 57431181
45544676 152940708
45544676 57644999
45544676 9493076
85051527 36988183
85051527 152933278
85051527 99008301
85051527 152856794
85051527 57644609
152603551 152933278
152603551 126514138
152603551 115751208
152603551 98719921
152603551 152713802
152603551 152919282
152575351 152933278
152575351 152812660
152575351 152812440
152575351 152919282
152575351 98719921
152575351 152878897
152575351 115751208
152575351 152856794
152891636 133797181
152891636 152933278
152891636 99008301
152797965 152933278
152694446 152919282
152694446 152933278
152930996 152933278
25647494 45544676
25647494 98559780
25647494 152914297
25647494 152933278
25647494 21137614
25647494 98719921
57641450 152933278
133797181 152906440
133797181 57647359
133797181 82651776
133797181 152933278
133797181 133967695
133797181 152940523
133797181 57644999
133797181 126514138
133797181 99008301
133797181 152891636
152892963 152933278
152687408 152933278
126514138 133797181
126514138 57431181
126514138 152941158
126514138 152933278
126514138 99008301
126514138 152603551
152797292 82651776
152797292 152933278
152729315 152933278
9493076 57647359
9493076 99008301
9493076 152933278
9493076 152578326
9493076 45544676
9493076 82651776
9493076 57644609
152619213 152840131
152619213 152933278
152619213 152577171
152619213 57647359
152928933 152933278
152906765 152933278
82651776 21137614
82651776 152713802
82651776 133967695
82651776 57431181
82651776 152892963
82651776 152957280
82651776 152933278
82651776 99008301
82651776 115751208
82651776 9493076
152906104 152933278
152906104 152940523
152906104 99008301
57431181 45544676
57431181 57647359
57431181 82651776
57431181 152933278
57431181 57641450
57431181 152940708
57431181 57644999
152735823 152933278
152735823 138561053
152735823 57644609
36988183 152933278
36988183 85051527
36988183 99008301
57644609 152735823
57644609 152906440
57644609 57647359
57644609 85051527
57644609 99008301
57644609 9493076
57644609 152575351
57644609 580912621
57644999 45544676
57644999 52389297
57644999 133797181
57644999 57431181
57644999 57647359
57644999 152906489
152919282 152933278
152919282 99008301
152919282 152575351
152919282 152878897
152919282 152694446
152940708 45544676
152940708 580912621
152940708 99008301
98559780 21137614
98719921 152933278
152619158 152724745
152619158 152933278
152619158 126514138
152906489 45544676
152906489 52389297
152906489 152957280
152906489 57644999
152906489 99008301
103598236 21137614
138561053 152713802
138561053 152933278
138561053 152812440
138561053 152485450
138561053 99008301
138561053 152735823
152933278 152906440
152933278 52389297
152933278 152820786
152933278 133797181
152933278 152619213
152933278 152838581
152933278 36988183
152933278 152836004
152933278 152812660
152933278 152906765
152933278 152930996
152933278 152449414
152933278 152919282
152933278 57431181
152933278 152941158
152933278 152906104
152933278 152729315
152933278 98719921
152933278 152848481
152933278 152728366
152933278 152928933
152933278 152797965
152933278 152693051
152933278 57647359
152933278 82651776
152933278 152839072
152933278 57641450
152933278 152812440
152933278 152906232
152933278 152940523
152933278 138561053
152933278 126514138
152933278 99008301
152933278 152694446
152933278 152891636
152933278 152735823
152933278 152928487
152933278 115751208
152933278 152856794
152933278 9493076
152906440 152933278
152906440 152856794
152856794 152933278
152577171 152619213
152577171 152812440
152577171 133967695
152577171 152878897
152577171 152631150
152839072 152713802
152839072 152933278
152839072 152812440
152839072 152906232
152449414 152933278
152628961 82651776
152628961 152933278
152628961 152812440
152628961 152724745
152838581 152933278
152838581 152713802
152840131 152619213
152840131 152933278
152724745 152713802
152724745 152628961
152728366 152933278
152924745 152933278
152924745 99008301
152812440 152577171
152812440 152575351
152812440 152839072
152812440 152933278
152812440 126514138
152693051 152933278
152812660 152933278
152812660 152575351
99008301 52389297
99008301 133797181
99008301 36988183
99008301 152836004
99008301 152919282
99008301 152906104
99008301 152924745
99008301 152940708
99008301 57647359
99008301 82651776
99008301 152933278
99008301 152906489
99008301 152940523
99008301 138561053
99008301 126514138
99008301 85051527
99008301 152694446
99008301 152891636
99008301 152928487
99008301 152578326
99008301 9493076
99008301 57644609
152820786 152933278
