421489395 58389688
7652480 57993902
7652480 424312729
7652480 650262639
7652480 758027093
7652480 58253392
7652480 144734891
7652480 152541338
58361531 152541338
58361531 123486175
58361531 57993902
58361531 135239689
58361531 749650183
58361531 152726062
58361531 650262639
58361531 424312729
58361531 57967558
58361531 58253392
58361531 8219413
58361531 30076337
58361531 785132207
58361531 833311436
58361531 185018520
650262639 152571295
650262639 58389688
650262639 152544250
650262639 7173384
650262639 424312729
650262639 123486175
650262639 57967558
650262639 152726062
650262639 58402624
650262639 57993902
650262639 749650183
650262639 58361531
650262639 152529523
650262639 785132207
650262639 833311436
650262639 152541338
650262639 185018520
650262639 144734891
650262639 8219413
650262639 58253392
650262639 155090327
650262639 7652480
152726062 58389688
152726062 421502277
152726062 424312729
152726062 123486175
152726062 650262639
152726062 57993902
152726062 58361531
152726062 212596797
152726062 155090327
152726062 58253392
152726062 8219413
152726062 785132207
152726062 833311436
152726062 11893515
152726062 185018520
152726062 144734891
152726062 33440239
58445282 152722511
421475225 424312729
421475225 123486175
421475225 772327954
421475225 33440239
152544250 152541338
152544250 135239689
152544250 424312729
152544250 123486175
152544250 650262639
152544250 833311436
152544250 185018520
152544250 58253392
152544250 58361531
749650183 123486175
749650183 57967558
749650183 650262639
749650183 58402624
749650183 424312729
749650183 135239689
749650183 152726062
749650183 785132207
749650183 833311436
749650183 152541338
749650183 185018520
749650183 144734891
749650183 58253392
580921729 135239689
580921729 424312729
580921729 123486175
580921729 185018520
580921729 8219413
580921729 58253392
58389688 57967558
58389688 152726062
58389688 58402624
58389688 650262639
58389688 123486175
58389688 69321535
58389688 135239689
58389688 152541338
58389688 185018520
58389688 144734891
58389688 58253392
58389688 421489395
152573446 152722511
8219413 123486175
8219413 58253392
8219413 650262639
8219413 212596797
8219413 57967558
8219413 152726062
8219413 424312729
8219413 185018520
8219413 785132207
33440239 212596797
33440239 421475225
33440239 753894340
33440239 581910846
33440239 152726062
33440239 57993902
33440239 152713178
33440239 144734891
33440239 75191505
152883119 28816295
61962393 424312729
61962393 123486175
61962393 185018520
61962393 58253392
61962393 58402624
57967558 7173384
57967558 135239689
57967558 424312729
57967558 123486175
57967558 58402624
57967558 152541338
57967558 185018520
57967558 144734891
57967558 58253392
57967558 58361531
634016064 219586597
634016064 298839045
634016064 123486175
581910846 123486175
58435821 424312729
58435821 123486175
28816295 152883119
28816295 58445282
152572934 212596797
58260813 123486175
58260813 58253392
58260813 758027093
144736723 135239689
144736723 123486175
144736723 212596797
144736723 58253392
144736723 424312729
144736723 185018520
772327954 123486175
772327954 73891667
772327954 421475225
212596797 152572934
212596797 152726062
212596797 123486175
212596797 57993902
212596797 58253392
212596797 8219413
212596797 144736723
212596797 33440239
212596797 75191505
152574004 421489395
152574004 8219413
152529523 57993902
152529523 650262639
152529523 123486175
152529523 424312729
152529523 30076337
152529523 785132207
152529523 833311436
152529523 185018520
152529523 144734891
152529523 8219413
152529523 155090327
758027093 58260813
758027093 424312729
758027093 58253392
58253392 424312729
58253392 7173384
58253392 758027093
58253392 57993902
58253392 571355932
58253392 749650183
58253392 152726062
58253392 155090327
58253392 7652480
58253392 421502277
58253392 61962393
58253392 73891667
58253392 58402624
58253392 212596797
58253392 135239689
58253392 123486175
58253392 152722511
58253392 58389688
58253392 8219413
58253392 144736723
58253392 185018520
58253392 152541338
58253392 785132207
58253392 30076337
152541338 58361531
152541338 58402624
152541338 749650183
152541338 650262639
152541338 57993902
152541338 123486175
152541338 144734891
152541338 7652480
152541338 185018520
152541338 58389688
152541338 69321535
152541338 58253392
152541338 57967558
152541338 785132207
219586597 123486175
219586597 13009383
219586597 634016064
86084797 424312729
753894340 75191505
753894340 33440239
152722511 58445282
152722511 152573446
152722511 58253392
152572743 123486175
833311436 57967558
833311436 57993902
833311436 123486175
833311436 135239689
833311436 185018520
833311436 152726062
833311436 155090327
833311436 58361531
833311436 58402624
833311436 152529523
833311436 749650183
833311436 8219413
833311436 424312729
833311436 58435821
833311436 58253392
833311436 144734891
833311436 650262639
833311436 30076337
833311436 785132207
58402624 58389688
58402624 421502277
58402624 135239689
58402624 424312729
58402624 123486175
58402624 61962393
58402624 57967558
58402624 152726062
58402624 650262639
58402624 57993902
58402624 749650183
58402624 7652480
58402624 155090327
58402624 58253392
58402624 144734891
58402624 185018520
58402624 30076337
58402624 785132207
58402624 833311436
58402624 152541338
58402624 11893515
152713178 152722511
69321535 123486175
69321535 135239689
69321535 58253392
69321535 152541338
734128878 58253392
7173384 58260813
7173384 123486175
7173384 650262639
7173384 58361531
7173384 58253392
7173384 8219413
7173384 30076337
7173384 185018520
73891667 424312729
73891667 123486175
73891667 58253392
73891667 75191505
73891667 772327954
13009383 219586597
185018520 7173384
185018520 152544250
185018520 58253392
185018520 61962393
185018520 8219413
185018520 135239689
185018520 123486175
185018520 749650183
185018520 650262639
185018520 57967558
185018520 144734891
185018520 58361531
185018520 57993902
185018520 144736723
185018520 58402624
185018520 58389688
185018520 152541338
185018520 833311436
185018520 103253808
185018520 785132207
142735174 58253392
135239689 424312729
135239689 57967558
135239689 123486175
135239689 57993902
135239689 785132207
135239689 185018520
135239689 58253392
135239689 155090327
152434945 424312729
155090327 650262639
155090327 152726062
155090327 424312729
155090327 58402624
155090327 135239689
155090327 57993902
155090327 123486175
155090327 30076337
155090327 144734891
155090327 58253392
785132207 185018520
785132207 152726062
785132207 152541338
785132207 58253392
785132207 57993902
785132207 144734891
785132207 650262639
785132207 135239689
785132207 58361531
785132207 8219413
785132207 424312729
785132207 833311436
785132207 123486175
785132207 57967558
785132207 152529523
785132207 749650183
785132207 58402624
785132207 30076337
103253808 58253392
103253808 185018520
103253808 123486175
30076337 785132207
30076337 144734891
30076337 58253392
30076337 152529523
30076337 7173384
30076337 833311436
30076337 58402624
30076337 155090327
57993902 135239689
57993902 152726062
57993902 58402624
57993902 650262639
57993902 123486175
57993902 421502277
57993902 58361531
57993902 152529523
57993902 212596797
57993902 7652480
57993902 155090327
57993902 58253392
57993902 33440239
57993902 144734891
57993902 185018520
57993902 785132207
57993902 833311436
57993902 152541338
152571295 424312729
152571295 123486175
152571295 650262639
152571295 185018520
152571295 144734891
152571295 58253392
571355932 58253392
298839045 424312729
298839045 634016064
421502277 58253392
421502277 123486175
75191505 212596797
75191505 33440239
75191505 73891667
75191505 123486175
75191505 753894340
75191505 58253392
123486175 424312729
123486175 57967558
123486175 152726062
123486175 421502277
123486175 135239689
123486175 212596797
123486175 58253392
123486175 8219413
123486175 185018520
123486175 152541338
123486175 75191505
123486175 772327954
144734891 152726062
144734891 33440239
144734891 152722511
144734891 7652480
144734891 58402624
144734891 650262639
144734891 123486175
144734891 421502277
144734891 155090327
144734891 8219413
144734891 58253392
144734891 135239689
144734891 57967558
144734891 424312729
144734891 152571295
144734891 152529523
144734891 58361531
144734891 749650183
144734891 57993902
144734891 58389688
144734891 185018520
144734891 152541338
144734891 833311436
144734891 785132207
144734891 30076337
11893515 152726062
11893515 58402624
11893515 123486175
