101697240 107496071
101697240 67638852
101697240 298838851
101697240 58397358
101697240 44556296
101697240 155851882
50859648 13704647
50859648 501147959
50859648 107496071
50859648 128524165
155851882 16331244
155851882 101697240
16644492 16331244
16644492 23454526
49774367 52608465
49774367 58159461
49774367 128524165
52572499 16331244
52572499 16644492
52572499 23454526
633968065 152687211
6359127 152735326
6359127 55016929
6359127 52608465
6359127 58095828
6359127 128524165
6359127 16644492
6359127 23454526
6359127 834030353
6359127 12936536
6359127 229007245
13238677 16331244
64503382 16331244
64503382 501147959
64503382 76897530
58336303 82701062
58336303 52608465
58336303 27325002
58336303 128524165
58336303 50852830
58336303 152896620
58336303 23454526
18059510 76897530
18059510 22969294
18059510 30070003
130323335 58159461
132587321 152890865
132587321 23454526
76897530 18059510
76897530 155832439
58159461 16331244
58159461 56649870
58159461 52608465
58159461 130323335
58159461 49774367
58159461 128524165
55016929 16331244
55016929 23454526
55016929 128524165
210238437 52394031
152724301 67638852
582715041 23454526
834030353 6359127
52394031 16331244
52394031 128501013
52394031 64503382
52394031 16644492
52394031 57414110
58107508 16644492
608316850 52608465
608316850 23454526
167824302 16644492
582385522 16331244
82126104 16644492
85842319 16331244
85842319 163154053
85842319 138121294
30070003 16331244
30070003 18059510
30070003 23454526
30070003 57414110
58017083 152730312
58017083 298858131
107496071 101697240
107496071 67638852
107496071 23454526
107496071 67498733
107496071 50859648
728434560 23454526
27325002 152687211
27325002 58336303
152730312 16644492
210235699 128501013
13704647 67498733
13704647 50859648
57580670 52608465
58397358 16331244
58397358 101697240
58397358 13238677
58397358 152890865
58397358 40071325
58397358 67638852
58397358 16644492
58397358 23454526
58397358 52394031
58397358 67498733
50852830 16331244
50852830 16644492
37511791 23454526
32895687 30070003
32895687 57414110
32895687 16331244
152933501 16331244
298838851 101697240
154952930 16331244
154952930 128524165
154952930 23454526
138121294 16331244
138121294 163154053
138121294 85842319
138121294 13238677
138121294 40071325
138121294 67638852
138121294 67498733
22969294 18059510
22969294 16644492
12936536 6359127
12936536 23454526
9692394 52608465
9692394 128524165
9692394 23454526
44556296 101697240
163154053 85842319
163154053 138121294
58095828 16331244
58095828 52608465
58095828 501147959
58095828 728434560
58095828 6359127
58095828 128524165
58095828 23454526
97277686 6359127
97277686 23454526
152931234 23454526
229007245 16331244
229007245 650009949
229007245 6359127
229007245 23454526
128501013 67638852
128501013 210235699
501147959 58095828
501147959 64503382
501147959 128524165
501147959 23454526
501147959 50859648
13400371 16331244
13400371 128524165
13400371 16644492
13400371 23454526
614680313 23454526
152687211 128524165
152687211 23454526
57414110 16644492
67638852 16331244
67638852 152687211
67638852 107496071
67638852 101697240
67638852 128501013
67638852 163154053
67638852 152724301
67638852 16644492
67638852 58397358
67638852 138121294
155832439 16331244
155832439 76897530
82701062 40071325
82701062 152656273
152890865 152687211
152890865 132587321
152890865 58397358
128524165 52608465
128524165 23454526
650009949 6359127
650009949 23454526
650009949 834030353
650009949 229007245
56649870 16331244
56649870 152735326
56649870 52608465
56649870 58159461
56649870 128524165
56649870 23454526
152896620 23454526
67498733 13704647
67498733 107496071
67498733 138121294
67498733 58397358
27623524 16331244
27623524 16644492
27623524 23454526
23454526 16644492
23454526 30070003
401825993 128524165
401825993 23454526
152735326 56649870
152735326 728434560
152735326 6359127
152735326 128524165
152735326 23454526
152907155 23454526
40071325 16331244
40071325 82701062
40071325 16644492
40071325 138121294
40071325 13400371
16331244 13400371
16331244 85842319
16331244 13238677
16331244 52608465
16331244 128524165
16331244 16644492
16331244 52394031
16331244 32895687
52608465 16331244
52608465 58159461
52608465 58095828
52608465 49774367
52608465 6359127
52608465 128524165
52608465 23454526
52608465 57580670
52608465 9692394
