175151834 363800621
675875289 54166616
675875289 16523641
675875289 833319352
675875289 92513586
36038205 139622100
36038205 12856097
36038205 54166616
152924430 12856097
152733235 12856097
152733235 9123708
152733235 58089535
152582257 54166616
54154378 12856097
291875109 12856097
110976388 254993545
110976388 34060600
310641850 814687453
310641850 833298038
310641850 16523641
310641850 129985323
421493631 363800621
421493631 675875289
421493631 16523641
72587236 152524347
72587236 179646786
72587236 363800621
72587236 833298038
72587236 675875289
72587236 58089535
48701061 54166616
48701061 16523641
48701061 72587236
48701061 363800621
152524347 72587236
152524347 16523641
57605672 254993545
57605672 54166616
57605672 16523641
302787490 16523641
112762449 54166616
112762449 152926252
58261315 12856097
58261315 16523641
58261315 54166616
51963736 16523641
367812348 179473018
814687453 363800621
128273851 12856097
58089535 77236302
58089535 363800621
58089535 72587236
58089535 129985323
58089535 152733235
58089535 152934159
58089535 12856097
179473018 363800621
347602252 833298038
33180203 16523641
33180203 54166616
363800621 12856097
363800621 179473018
363800621 814687453
363800621 72587236
363800621 54166616
152838839 54166616
152838839 12856097
674185994 833298038
674185994 34060600
674185994 254993545
54166616 12856097
54166616 129985323
60495224 12856097
152714176 54166616
152815040 54166616
153702749 12856097
58376034 363800621
58376034 54166616
10217569 152511526
10217569 138452810
10217569 34060600
15178513 833298038
152934159 12856097
152934159 129985323
152934159 58089535
9123708 129985039
9123708 152733235
9123708 833298038
9123708 254993545
9123708 152934159
129985323 129985039
129985323 310641850
129985323 54166616
129985323 16523641
129985323 152934159
129985323 58089535
47465067 363800621
47465067 72587236
58377911 12856097
138452810 16523641
834462119 152511526
834462119 500042264
77236302 58089535
16523641 302787490
16523641 152524347
16523641 12856097
16523641 58261315
16523641 833319352
16523641 33180203
16523641 17903834
16523641 138452810
16523641 129985039
16523641 310641850
16523641 54166616
16523641 687037261
16523641 291875109
16523641 254993545
16523641 57605672
16523641 129985323
16523641 675875289
16523641 51963736
16523641 34060600
152799390 12856097
146159716 363800621
146159716 12856097
146159716 112762449
146159716 54166616
364191578 179473018
92513586 675875289
254993545 674185994
254993545 110976388
254993545 9123708
254993545 16523641
254993545 34060600
833319352 675875289
833319352 16523641
12856097 146159716
12856097 112762449
217137632 254993545
217137632 54166616
34060600 110976388
34060600 16523641
129985039 54166616
129985039 16523641
129985039 129985323
55044673 254993545
55044673 54166616
500042264 152511526
500042264 834462119
