152931564 57645542
57645407 152934052
57645407 210272117
57645407 57650710
57645407 67498692
57645407 57645542
57645407 152938829
57645407 129107633
57645407 152953899
152876824 57650710
152876824 57645542
152435166 152619529
152435166 57645542
152435166 58156665
152435166 152941916
152435166 60785643
152435166 580879521
152435166 152953531
152506309 580879521
82439370 152619864
82439370 57650395
82439370 581004091
57651292 144760834
57651292 152941916
57651292 57650395
57651292 60272507
57651292 57645542
57651292 152931824
57651292 152732494
167272594 57645542
152907739 152931753
152723219 57645542
152723219 152938829
152619529 152941916
152619529 57645542
65259714 57650710
65259714 57645542
65259714 57650395
60785643 83972914
60785643 152941916
60785643 149527164
60785643 57650395
60785643 54475226
60785643 152885704
60785643 580879521
60785643 58415696
60785643 57645542
60785643 152435166
60785643 152833810
152619864 152955930
152619864 152542093
152619864 580879521
152619864 152833810
601733059 152934052
601733059 152941916
601733059 44757753
601733059 152929311
601733059 152808050
601733059 57650710
601733059 57645542
601733059 11178319
9116942 57645542
152953531 152941916
152953531 152931753
152953531 57645542
152953531 152876824
152953531 152890931
57376522 57645542
152851323 58415696
152851323 57645542
152851323 580879521
152851323 152931753
152851323 38012724
74529228 57588233
74529228 57645542
57210793 57650710
57210793 57645542
49056559 57645542
49056559 152941916
152932166 152885704
152932166 57645542
152932166 44757753
152932166 144760834
152932166 57588233
152932166 83972914
152932166 57650710
60272507 57645542
152938829 152723219
152938829 152931753
152938829 57645542
152938829 57645407
152938829 61087661
152938829 129107633
152938829 38012724
54480739 152684630
58415696 60785643
58415696 57645542
58415696 152851323
58156665 152934319
58156665 57645542
152941922 57645542
42565993 57650395
42565993 57650710
42565993 67498692
42565993 57645542
42565993 152953899
129107633 57645542
129107633 152941916
152934052 601733059
152934052 152941916
152934052 152929311
152934052 152931824
57588233 83972914
57588233 74529228
57588233 152941916
57588233 61087661
57588233 44757753
57588233 580879521
57588233 57645542
57588233 152932166
152920793 152621663
152920793 57645542
57650052 144760834
57650052 57645542
57650052 152953899
57650395 60785643
57650395 45388780
57650395 42565993
57650395 57651292
57650395 82439370
57650395 57645542
57650395 65259714
152582198 152941916
152582198 57645542
152953899 57645542
152953899 57645407
152953899 152941916
152953899 152516954
152953899 57650710
152953899 11178319
57650710 144760834
57650710 152941922
57650710 601733059
57650710 57645407
57650710 152955930
57650710 152941916
57650710 57210793
57650710 152929311
57650710 152808050
57650710 54475226
57650710 42565993
57650710 57645542
57650710 152931824
57650710 152932166
57650710 152876824
57650710 65259714
57650710 152732494
57650710 129107633
57650710 152953899
57650710 38012724
152934319 58156665
152934319 57645542
152931824 152934052
152931824 57650710
152931824 57645542
152931824 152941916
152931824 152725468
152931824 57651292
152931824 152890931
152931824 38012724
61087661 152941916
61087661 152542093
61087661 580879521
61087661 152732494
61087661 152938829
67498692 152907739
67498692 57645407
67498692 42565993
67498692 57645542
67498692 152876824
11178319 152941916
11178319 57645542
11178319 601733059
11178319 152953899
44757753 601733059
44757753 57588233
44757753 32145609
44757753 152808050
44757753 57645542
44757753 152932166
152941442 152931753
581004091 82439370
581543470 57588233
581543470 580879521
581543470 57645542
152833810 57645542
152833810 152941916
152879224 57645542
38012724 57645542
38012724 152941916
38012724 57650710
32145609 152885704
32145609 57645542
152929311 601733059
152929311 152941916
152929311 152931753
152929311 57645542
152732494 57645542
152732494 152941916
152732494 57651292
152732494 57650710
152732494 580879521
152732494 61087661
152732494 11178319
152931753 152941916
152931753 152725468
152885704 60785643
152885704 32145609
152885704 57645542
152885704 152932166
45388780 152941916
45388780 57650395
45388780 57645542
152542093 152619864
152542093 152941916
152542093 61087661
152542093 580879521
152542093 804076335
152542093 57645542
152542093 152890931
152542093 13969437
152907516 57645542
152695959 152941916
806260429 152941916
806260429 152808050
806260429 580879521
806260429 57645542
152735075 152941916
152735075 57645542
152621663 152941916
152621663 57645542
152725468 152931753
152619272 57645542
152941916 144760834
152941916 152621663
152941916 83972914
152941916 152735075
152941916 152626920
152941916 60785643
152941916 152934052
152941916 57588233
152941916 152619529
152941916 152955930
152941916 149527164
152941916 152542093
152941916 152931753
152941916 806260429
152941916 152695959
152941916 61087661
152941916 152929311
152941916 152953531
152941916 152582198
152941916 210272117
152941916 580879521
152941916 57650710
152941916 57651292
152941916 152684630
152941916 601617576
152941916 57645542
152941916 152931824
152941916 152435166
152941916 49056559
152941916 152876824
152941916 152732494
152941916 129107633
152941916 152953899
152941916 152833810
152941916 38012724
152941916 11178319
152516954 57645542
152516954 152953899
804076335 152542093
804076335 580879521
58008632 57645542
210272117 57645407
210272117 152941916
152955930 152619864
152955930 152941916
152955930 57650710
152955930 57645542
152808050 601733059
152808050 57645542
149527164 152941916
149527164 57645542
152657844 57645542
152819341 57645542
152684630 57645542
601617576 152941916
601617576 57645542
152890931 152931824
152890931 57645542
152890931 152953531
83972914 60785643
83972914 57588233
83972914 152941916
83972914 152932166
144760834 152941916
144760834 57650052
144760834 57650710
144760834 57651292
144760834 57645542
144760834 152932166
57645542 67498692
57645542 152515137
57645542 57645407
57645542 57650710
57645542 601733059
57645542 44757753
57645542 32145609
57645542 152941922
57645542 152885704
57645542 57650052
57645542 57376522
57645542 42565993
57645542 152808050
57645542 152735075
57645542 152934319
57645542 152929311
57645542 58415696
57645542 58156665
57645542 152941916
57645542 149527164
57645542 152933484
57645542 152955930
57645542 167272594
57645542 152931753
57645542 57650395
57645542 152684630
57645542 152657844
57645542 57210793
57645542 152723219
57645542 152953531
57645542 144760834
57645542 57651292
57645542 152879224
57645542 60785643
57645542 580879521
57645542 57588233
57645542 58008632
57645542 581543470
57645542 152619529
57645542 806260429
57645542 152931824
57645542 49056559
57645542 152932166
57645542 152876824
57645542 65259714
57645542 152732494
57645542 152851323
57645542 152890931
57645542 152938829
57645542 129107633
57645542 152516954
57645542 152953899
57645542 38012724
57645542 9116942
57645542 11178319
13969437 57645542
580879521 60785643
580879521 57588233
580879521 581543470
580879521 152619864
580879521 152941916
580879521 152542093
580879521 806260429
580879521 61087661
580879521 804076335
580879521 57645542
580879521 152435166
580879521 152732494
580879521 152851323
634012569 152941916
152515137 57645542
54475226 60785643
54475226 57645542
152626920 152941916
