328134879 16139661
328134879 169540844
58116437 512565957
58116437 298858581
58116437 54398136
58116437 52577485
58116437 45161849
58116437 472808859
58116437 130251827
58116437 833298928
58116437 58390470
58116437 4755791
58116437 451181017
58116437 74614241
58116437 537634717
58116437 298851805
58116437 300590288
58116437 39018444
58116437 65342328
58116437 157981867
58116437 92196675
58116437 108514455
58116437 14883450
58116437 9116942
251972346 65342328
130251827 58116437
130251827 39018444
130251827 65342328
130251827 92196675
130251827 16139661
49833944 45161849
49833944 541455399
49833944 39422641
49833944 65342328
49833944 58024780
49833944 92196675
45475069 65342328
39018444 58116437
39018444 54398136
39018444 130251827
39018444 65342328
39018444 16139661
39018444 9116942
39018444 14883450
300590288 58024780
300590288 16139661
300590288 65342328
39422641 13215478
39422641 16139661
39422641 9116942
39422641 14883450
58390470 58116437
58390470 65342328
58390470 16139661
58390470 14883450
47654140 65342328
47654140 13215478
47654140 39422641
47654140 16139661
47654140 451181017
47654140 92196675
47654140 205885275
47654140 9116942
9116942 39422641
9116942 39018444
9116942 65342328
9116942 13215478
9116942 58116437
9116942 14883450
205885275 833298928
205885275 65342328
157981867 58116437
157981867 65342328
298858581 65342328
4653478 65342328
298851805 58116437
298851805 16139661
298851805 65342328
541455399 16139661
541455399 65342328
205890836 65342328
17620125 65342328
17620125 16139661
58024780 52577485
58024780 300590288
58024780 92196675
58024780 16139661
58024780 65342328
58024780 126587696
58024780 14883450
4755791 35810537
4755791 52577485
4755791 65342328
4755791 16139661
58111527 65342328
14883450 65342328
14883450 58390470
14883450 39018444
14883450 45161849
14883450 39422641
205884893 65342328
54398136 45161849
54398136 58116437
54398136 39018444
54398136 65342328
54398136 16139661
54398136 14883450
352810234 451181017
352810234 65342328
472808859 74614241
833298928 298858581
833298928 65342328
833298928 92196675
833298928 108514455
833298928 205885275
45161849 54398136
45161849 49833944
45161849 58116437
45161849 65342328
45161849 92196675
45161849 16139661
45161849 14883450
169540844 65342328
169540844 16139661
169540844 328134879
16139661 65342328
16139661 39018444
16139661 169540844
16139661 74614241
16139661 35810537
16139661 45161849
16139661 54398136
16139661 52577485
16139661 11287244
16139661 4755791
16139661 39422641
16139661 130251827
16139661 298851805
16139661 541455399
16139661 58390470
16139661 92196675
16139661 126587696
16139661 17620125
16139661 300590288
16139661 108514455
16139661 328134879
16139661 47654140
16139661 58024780
11287244 65342328
11287244 16139661
512565957 65342328
13215478 65342328
35810537 4755791
35810537 65342328
35810537 16139661
35810537 14883450
451181017 58116437
451181017 352810234
451181017 65342328
58129557 65342328
300272292 65342328
52577485 298858581
52577485 472808859
52577485 58116437
52577485 4755791
52577485 65342328
52577485 16139661
52577485 58024780
651545002 537634717
651545002 65342328
651545002 9116942
126587696 451181017
126587696 74614241
126587696 65342328
126587696 16139661
126587696 58129557
126587696 58024780
537634717 58116437
537634717 651545002
537634717 65342328
92196675 130251827
92196675 833298928
92196675 65342328
92196675 45161849
92196675 49833944
92196675 16139661
92196675 58024780
65342328 39422641
65342328 74614241
65342328 298858581
65342328 39018444
65342328 13215478
65342328 45161849
65342328 54398136
65342328 58116437
65342328 4755791
65342328 169540844
65342328 298851805
65342328 35810537
65342328 130251827
65342328 451181017
65342328 677199526
65342328 4653478
65342328 52577485
65342328 300590288
65342328 512565957
65342328 541455399
65342328 58390470
65342328 126587696
65342328 17620125
65342328 300272292
65342328 537634717
65342328 45475069
65342328 352810234
65342328 251972346
65342328 205890836
65342328 58111527
65342328 833298928
65342328 472808859
65342328 49833944
65342328 157981867
65342328 92196675
65342328 16139661
65342328 58129557
65342328 108514455
65342328 651545002
65342328 205884893
65342328 58024780
65342328 205885275
65342328 9116942
65342328 14883450
74614241 472808859
74614241 58116437
74614241 65342328
74614241 16139661
108514455 16139661
108514455 65342328
677199526 65342328
