26017368 8615149
26017368 36888971
307791067 83255061
307791067 127290887
307791067 8615149
307791067 57644609
83255061 8116282
83255061 79425793
83255061 30741450
83255061 57645106
83255061 34328506
83255061 14071360
83255061 127290887
83255061 92471893
83255061 7456643
83255061 8615149
83255061 307791067
83255061 128732363
83255061 58397358
83255061 152907453
83255061 2396815
83255061 152933107
83255061 152927162
83255061 57646254
83255061 27475057
83255061 11803068
228992879 127290887
58023933 127290887
58023933 58397358
22329156 127290887
22329156 92471893
22329156 8615149
47689681 57644609
47689681 34328506
47689681 127290887
47689681 210191580
47689681 152953493
47689681 16048629
47689681 130252934
47689681 58157863
47689681 57646254
47689681 11803068
47689681 32122102
47689681 57647862
152933107 57645106
152933107 83255061
152933107 127290887
152933107 152927162
152933107 58305488
152858732 127290887
152858732 67521426
7456643 8116282
7456643 311311187
7456643 155862013
7456643 83255061
7456643 34328506
7456643 14071360
7456643 127290887
7456643 67521426
7456643 8615149
7456643 36888971
7456643 58397358
7456643 98719921
7456643 152660562
2396815 83255061
2396815 127290887
58157863 1800683
58157863 57645106
58157863 127290887
58157863 57647356
58157863 8615149
58157863 152953493
58157863 128732363
57646254 127290887
57646254 8615149
57646254 83255061
57646254 47689681
57646254 36888971
57646254 58267865
57646254 152953493
57646254 155862013
57646254 57645106
57646254 16324521
57646254 107496168
57646254 32122102
57646254 57647862
152710848 127290887
311311187 7456643
36888971 155862013
36888971 82064648
36888971 127290887
36888971 7456643
36888971 8615149
36888971 152953493
36888971 26017368
36888971 130252934
36888971 57646254
36888971 57647862
128732905 127290887
128732905 8615149
128732905 152953493
128732905 152933107
130013947 65491807
130013947 127290887
210191580 57645106
210191580 34328506
210191580 127290887
210191580 57647356
210191580 210210672
210191580 47689681
210191580 57652414
210191580 152953493
210191580 130252934
210191580 57644609
152907453 79425793
152907453 83255061
152907453 127290887
10054035 128501710
10054035 57645106
10054035 34328506
10054035 149528563
10054035 127290887
10054035 98719921
58267865 57646254
57652414 57645106
57652414 127290887
57652414 210191580
57652414 92471893
57652414 58397358
57652414 57644609
298830392 127290887
155827393 16676261
155827393 127290887
44362664 127290887
152688571 127290887
490446957 127290887
18345809 16676261
18345809 127290887
14071360 1800683
14071360 79425793
14071360 16676261
14071360 57645106
14071360 83255061
14071360 127290887
14071360 67521426
14071360 8615149
14071360 152953493
14071360 16048629
14071360 128732363
14071360 36888971
14071360 130252934
14071360 16324521
14071360 152898569
14071360 11803068
14071360 32122102
67521426 16676261
67521426 14071360
67521426 82064648
67521426 127290887
67521426 7456643
67521426 8615149
67521426 152953493
210210672 210191580
97088096 127290887
30741450 83255061
30741450 8615149
505485410 127290887
152953493 155862013
152953493 57645106
152953493 210370347
152953493 14071360
152953493 127290887
152953493 47689681
152953493 36888971
152953493 152699991
152953493 16324521
152953493 128732905
152953493 58157863
152953493 152660562
152953493 57646254
152953493 58305488
152953493 107496168
107496168 58305488
107496168 8615149
107496168 57646254
107496168 152953493
107496168 127290887
728512551 127290887
46990768 127290887
8615149 65491807
8615149 79425793
8615149 16676261
8615149 30741450
8615149 83255061
8615149 14071360
8615149 82064648
8615149 127290887
8615149 57647356
8615149 92471893
8615149 505485410
8615149 67521426
8615149 7456643
8615149 307791067
8615149 16048629
8615149 36888971
8615149 130013947
8615149 22329156
8615149 54291563
8615149 26017368
8615149 130252934
8615149 128732905
8615149 58157863
8615149 57646254
8615149 107496168
8615149 32122102
149528563 1800683
149528563 127290887
82064648 311311187
82064648 34328506
82064648 127290887
82064648 67521426
82064648 7456643
82064648 36888971
836364095 36888971
16676261 18345809
16676261 155827393
16676261 127290887
16676261 67521426
16676261 7456643
16676261 8615149
16676261 58397358
57645106 65491807
57645106 8116282
57645106 79425793
57645106 58163856
57645106 83255061
57645106 14071360
57645106 10054035
57645106 127290887
57645106 57647356
57645106 57759732
57645106 210191580
57645106 57652414
57645106 152953493
57645106 130013947
57645106 58397358
57645106 54291563
57645106 152933107
57645106 58157863
57645106 58040541
57645106 57646254
57645106 27475057
57645106 57644609
57645106 32122102
57645106 57647862
152660562 127290887
152660562 58397358
152660562 7456643
152927162 83255061
152927162 152933107
152927162 54291563
152927162 127290887
461308805 34328506
461308805 16324521
11803068 130252934
11803068 34328506
11803068 83255061
11803068 82064648
11803068 47689681
11803068 127290887
11803068 14071360
11803068 32122102
152578965 127290887
8116282 57645106
8116282 127290887
8116282 7456643
8116282 32122102
152928205 127290887
152928205 16324521
65491807 57645106
65491807 8615149
65491807 16048629
65491807 130013947
1800683 127290887
1800683 58157863
58397358 16676261
58397358 83255061
58397358 127290887
58397358 57652414
58397358 130252934
58397358 58023933
58397358 152660562
128501710 10054035
128501710 127290887
298839059 127290887
79425793 57645106
79425793 83255061
79425793 14071360
79425793 127290887
79425793 8615149
79425793 16324521
79425793 152907453
79425793 58305488
5010103 127290887
5010103 32122102
61758114 152699991
210370347 127290887
210370347 152953493
210370347 58305488
210370347 57647862
78144001 127290887
58163856 57645106
58163856 127290887
58163856 58305488
130252934 34328506
130252934 127290887
130252934 210191580
130252934 47689681
130252934 8615149
130252934 36888971
130252934 11803068
130252934 32122102
130252934 57647862
58305488 58163856
58305488 152953493
58305488 210370347
58305488 79425793
58305488 92471893
58305488 127290887
58305488 54291563
58305488 152933107
58305488 107496168
58305488 57644609
152898569 127290887
152898569 14071360
152898569 152660562
57644609 107496168
57644609 127290887
57644609 58305488
57644609 57652414
57644609 57645106
57644609 54291563
57644609 210191580
57644609 307791067
57647356 57645106
57647356 127290887
57647356 210191580
57647356 8615149
57647356 152953493
57647356 58157863
57647356 152928205
57647356 57644609
57647356 32122102
57647356 57647862
34328506 83255061
34328506 10054035
34328506 127290887
34328506 210191580
34328506 7456643
34328506 152953493
34328506 16048629
34328506 128732363
34328506 130252934
34328506 16324521
34328506 461308805
34328506 11803068
16048629 65491807
16048629 34328506
16048629 14071360
16048629 127290887
16048629 47689681
16048629 8615149
155862013 127290887
155862013 92471893
155862013 36888971
155862013 54291563
155862013 57646254
155862013 32122102
58040541 57645106
58040541 127290887
16324521 8116282
16324521 79425793
16324521 34328506
16324521 14071360
16324521 127290887
16324521 152953493
16324521 128732363
16324521 152928205
16324521 461308805
16324521 57646254
16324521 57644609
152699991 61758114
152699991 127290887
152699991 152953493
152699991 98719921
152699991 11803068
98719921 34328506
98719921 10054035
98719921 127290887
98719921 7456643
98719921 152699991
98719921 32122102
92471893 155862013
92471893 83255061
92471893 14071360
92471893 127290887
92471893 47689681
92471893 7456643
92471893 8615149
92471893 57652414
92471893 22329156
92471893 58305488
92471893 57647862
57759732 57645106
57759732 127290887
57759732 58397358
27475057 127290887
27475057 83255061
27475057 54291563
27475057 57645106
27475057 8116282
57461162 127290887
127290887 1800683
127290887 155862013
127290887 18345809
127290887 10054035
127290887 57647356
127290887 7456643
127290887 57652414
127290887 128732363
127290887 152699991
127290887 152907453
127290887 57646254
127290887 107496168
277322270 127290887
32122102 8615149
32122102 127290887
32122102 5010103
32122102 98719921
32122102 11803068
32122102 14071360
32122102 57646254
32122102 155862013
32122102 128732363
32122102 47689681
32122102 57644609
32122102 57645106
32122102 8116282
32122102 57647862
582542630 127290887
54291563 155862013
54291563 57645106
54291563 127290887
54291563 8615149
54291563 152927162
54291563 58305488
54291563 27475057
54291563 57644609
582248602 127290887
601617576 127290887
57647862 32122102
57647862 130252934
57647862 57646254
57647862 47689681
57647862 210370347
57647862 127290887
57647862 92471893
57647862 57645106
57647862 57647356
128732363 83255061
128732363 127290887
128732363 16324521
