18207121 76792873
18207121 828447842
18207121 124868445
18207121 421475393
18207121 421537603
18207121 58424350
18207121 357564168
18207121 57602221
18207121 107476941
18207121 152957625
18207121 357564172
18207121 24253636
18207121 34235421
24253636 124868445
24253636 685630314
24253636 18207121
24253636 357564168
24253636 85790398
24253636 38047421
24253636 107476941
24253636 58155687
144532048 357564172
144760992 12190767
144760992 58424350
144760992 357564172
37445829 3945213
357564172 152604268
357564172 834124628
357564172 85790398
357564172 139259475
357564172 274072645
357564172 24822650
357564172 144760992
357564172 163534229
357564172 349653418
357564172 498241835
357564172 38047421
357564172 153414016
357564172 152957625
357564172 421537603
357564172 58424350
357564172 685630314
357564172 58155687
357564172 249771872
357564172 5110094
357564172 207647460
357564172 505336698
357564172 144532048
357564172 83398132
357564172 152505156
357564172 152631236
357564172 385242412
357564172 421475393
357564172 57602221
357564172 152529599
357564172 116379881
357564172 152575702
357564172 152474951
357564172 18207121
357564172 828447842
357564172 20156140
357564172 152476198
357564172 3945213
357564172 152449036
357564172 57605672
357564172 668979222
357564172 175540859
357564172 45822167
357564172 163543991
357564172 3651689
758007722 27174941
505336698 357564172
147872556 274072645
124868445 27174941
249771872 357564172
349653418 357564172
349653418 25740619
93924686 34235421
152449036 357564172
20156140 27174941
20156140 357564172
152631236 758007722
152631236 357564172
421509739 27174941
421509739 152957625
152529599 27174941
152529599 357564172
58155687 152474951
58155687 27174941
58155687 58424350
58155687 357564168
58155687 687037261
58155687 152957625
58155687 357564172
58155687 24253636
498241835 357564172
57605672 152957625
57605672 357564172
57605672 27174941
175540859 357564172
175540859 152474951
175540859 27174941
687037261 152474951
687037261 107476941
167800316 58424350
83398132 357564172
34235421 152474951
34235421 18207121
34235421 685630314
34235421 152957625
34235421 27174941
34235421 25740619
357564168 27174941
357564168 274072645
357564168 25740619
357564168 152474951
357564168 12190767
357564168 58424350
357564168 38047421
357564168 76792873
357564168 685630314
357564168 107476941
357564168 152957625
357564168 45822167
357564168 163543991
57602221 18207121
57602221 107476941
57602221 357564172
12190767 144760992
12190767 38047421
12190767 27174941
12190767 153414016
12190767 58424350
12190767 25740619
12190767 685630314
12190767 357564168
12190767 107476941
12190767 45822167
12190767 163543991
421475393 18207121
421475393 27174941
421475393 357564172
107476941 12190767
107476941 57602221
107476941 357564168
107476941 685630314
107476941 687037261
107476941 207647460
107476941 152474951
107476941 18207121
107476941 116379881
107476941 27174941
107476941 152957625
107476941 24253636
107476941 45822167
834124628 76792873
834124628 357564172
3651689 27174941
3651689 357564172
207647460 152474951
207647460 27174941
207647460 107476941
207647460 152957625
207647460 357564172
3945213 357564172
3945213 37445829
5110094 152474951
5110094 152957625
5110094 357564172
828447842 18207121
828447842 357564172
116379881 27174941
116379881 687037261
116379881 107476941
116379881 152957625
116379881 357564172
274072645 147872556
274072645 27174941
274072645 685630314
274072645 357564168
274072645 357564172
274072645 152957625
163534229 357564172
163534229 421537603
421537603 18207121
421537603 163534229
421537603 24253636
421537603 357564172
152476198 357564172
685630314 274072645
685630314 12190767
685630314 38047421
685630314 153414016
685630314 76792873
685630314 58424350
685630314 25740619
685630314 357564168
685630314 107476941
685630314 152957625
685630314 357564172
685630314 24253636
685630314 34235421
152474951 27174941
152474951 687037261
152474951 357564168
152474951 107476941
152474951 357564172
152474951 34235421
24822650 18207121
24822650 27174941
24822650 152957625
24822650 357564172
85790398 357564172
668979222 357564172
163543991 357564172
163543991 12190767
163543991 357564168
163543991 27174941
163543991 58424350
385242412 357564172
152575702 83398132
152575702 45822167
152575702 357564172
27174941 76792873
27174941 152529599
27174941 18207121
27174941 274072645
27174941 152474951
27174941 421509739
27174941 207647460
27174941 12190767
27174941 20156140
27174941 357564168
27174941 58155687
27174941 107476941
27174941 152957625
27174941 57605672
27174941 175540859
27174941 758007722
27174941 45822167
27174941 34235421
27174941 163543991
27174941 3651689
25740619 58424350
25740619 12190767
25740619 685630314
25740619 357564168
25740619 152957625
25740619 45822167
25740619 34235421
152505156 357564172
38047421 12190767
38047421 25740619
38047421 685630314
38047421 357564168
38047421 152957625
38047421 357564172
38047421 3945213
38047421 24253636
139259475 357564172
152957625 107476941
152957625 357564168
152957625 116379881
152957625 27174941
152957625 25740619
152957625 152631236
152957625 18207121
152957625 685630314
152957625 357564172
152957625 45822167
152957625 34235421
38895351 34235421
152604268 27174941
152604268 357564172
152604268 25740619
153414016 12190767
153414016 685630314
153414016 357564172
76792873 27174941
76792873 685630314
76792873 357564168
45822167 152474951
45822167 12190767
45822167 18207121
45822167 27174941
45822167 58424350
45822167 76792873
45822167 152957625
45822167 357564168
45822167 25740619
45822167 687037261
45822167 357564172
45822167 421537603
45822167 107476941
45822167 152575702
58424350 144760992
58424350 18207121
58424350 12190767
58424350 25740619
58424350 685630314
58424350 357564168
58424350 58155687
58424350 357564172
58424350 45822167
58424350 163543991
