152892635 16944767
45161890 33727641
45161890 58056504
67305119 69408292
67305119 205885112
67305119 50599036
67305119 33727641
58398622 33727641
37975102 33727641
79385263 58056504
79385263 33727641
79385263 176741194
51589654 33727641
16944767 33727641
16944767 152892635
16944767 69408292
16944767 176741194
167823999 205885112
167823999 33727641
69503363 33727641
69503363 205885112
69503363 58056504
69503363 205885378
69503363 4799875
834429539 69408292
834429539 33727641
19667100 69408292
19667100 58056504
19667100 50599036
19667100 33727641
205885538 33727641
20773674 33727641
205885378 69503363
58038478 33727641
58038478 167840892
58038478 4799875
152726088 50599036
152726088 4799875
152726088 33727641
167840892 205885112
167840892 58038478
167840892 33727641
167840892 176741194
58056504 19667100
58056504 205885112
58056504 33727641
58056504 69503363
58056504 4799875
58056504 45161890
59201136 4799875
54393174 69408292
54393174 58056504
54393174 33727641
54393174 4799875
69408292 19667100
69408292 56647395
69408292 205885112
69408292 155061639
69408292 54393174
69408292 21343473
69408292 50599036
69408292 558767169
69408292 67305119
69408292 33727641
69408292 834429539
69408292 16944767
4799875 33727641
4799875 69503363
4799875 58038478
4799875 54393174
4799875 58056504
4799875 152726088
4799875 59201136
50599036 69408292
50599036 19667100
50599036 205885112
50599036 21343473
50599036 152726088
50599036 33727641
21343473 69408292
21343473 58056504
21343473 50599036
21343473 67305119
21343473 33727641
33727641 19667100
33727641 20773674
33727641 51589654
33727641 205885538
33727641 50599036
33727641 54393174
33727641 58056504
33727641 167823999
33727641 58038478
33727641 69503363
33727641 4799875
33727641 45161890
33727641 16944767
33727641 176741194
155061639 69408292
205885112 69408292
205885112 167823999
205885112 58056504
205885112 50599036
205885112 67305119
205885112 167840892
205885112 69503363
56647395 69408292
56647395 58056504
176741194 33727641
176741194 79385263
176741194 167840892
