50877514 25579241
50877514 97403168
50877514 57405263
50877514 60249218
58283502 97403168
184432070 127860788
100056332 60249218
231762747 130021534
42536084 139846957
45564668 60249218
16843880 57410792
16843880 15040636
16843880 131182187
127983701 97403168
127983701 60249218
50858784 97403168
50858784 60249218
179479967 97403168
179479967 75658561
69383097 60249218
137404446 60249218
57463220 97403168
128383348 48752446
128383348 44886696
128383348 15040636
101136219 15040636
72126583 97403168
72126583 60249218
44529958 15040636
44529958 60249218
130021534 231762747
130021534 60249218
214091478 217153127
748328258 60249218
57595987 97403168
57595987 60249218
13943666 60249218
44245440 97403168
48818263 97403168
48818263 15040636
48818263 60249218
187542623 695776827
187542623 60249218
4637485 97403168
4637485 15040636
4637485 60249218
57473505 60249218
45307888 60249218
44494309 44886696
27363908 25579241
27363908 15040636
27363908 60249218
60249218 127860788
60249218 44886696
60249218 97403168
50880737 60249218
695776827 187542623
15040636 45527243
427274864 60249218
54360796 97403168
836611429 97403168
35671468 127860788
44716478 60249218
50890137 97403168
44208172 97403168
44208172 60249218
44208172 131182187
58087893 60249218
131524672 57405263
90693633 60249218
132989207 127737516
132989207 128163003
73366529 60249218
49062245 97403168
49062245 60249218
49062245 131182187
28456762 15040636
28456762 60249218
156550897 97403168
217153127 214091478
131182187 44208172
131182187 60249218
561521929 127589622
110544154 97403168
110544154 60249218
45527243 15040636
44505646 60249218
13231066 60249218
57405263 97403168
57405263 131524672
57405263 60249218
57410792 97403168
57410792 60249218
53918888 60249218
20932134 44886696
20932134 15040636
20932134 60249218
57324157 97403168
97403168 44886696
97403168 25579241
97403168 57410792
97403168 60249218
128163003 132989207
127737516 132989207
130009726 15040636
25579241 139846957
25579241 97403168
25579241 127589622
25579241 27363908
25579241 15040636
25579241 60249218
49064504 44886696
49064504 97403168
49064504 15040636
49064504 60249218
44886696 128383348
44886696 97403168
44886696 15040636
44886696 546915235
44886696 60249218
48752446 128383348
48752446 60249218
83647546 60249218
546915235 44886696
