152932524 152577442
152932524 58414876
152932524 152728063
152932524 210216596
152932524 152855115
152932524 57647919
152932524 152662457
152932524 152905243
152932524 38199449
152932524 57652137
152932524 50618661
50618661 210216596
50618661 152905243
50618661 152855115
50618661 57647919
50618661 152577442
50618661 362981951
50618661 57645976
50618661 152603712
50618661 57652137
50618661 152728063
50618661 134316282
50618661 152662457
50618661 152727848
50618661 44759578
50618661 152932524
50618661 38199449
152633813 152855115
152633813 152905243
152633813 57652137
152633813 50618661
152855115 57645976
152855115 152577442
152855115 152932524
152855115 58414876
152855115 152728063
152855115 152603712
152855115 210216596
152855115 152633813
152855115 57647919
152855115 152662457
152855115 38199449
152855115 152905243
152855115 57652137
152855115 50618661
362981951 134316282
362981951 152727848
362981951 152905243
362981951 50618661
57647919 57645976
57647919 44759578
57647919 152577442
57647919 152932524
57647919 152620779
57647919 58414876
57647919 210216596
57647919 152727848
57647919 152855115
57647919 38199449
57647919 152905243
57647919 57652137
57647919 50618661
44759578 152577442
44759578 152728063
44759578 210216596
44759578 57647919
44759578 152905243
44759578 152727848
44759578 38199449
44759578 57652137
44759578 50618661
58414876 152577442
58414876 152932524
58414876 210216596
58414876 152855115
58414876 152905243
152727848 362981951
152727848 152728063
152727848 57647919
152727848 44759578
152727848 50618661
152905243 57652137
152905243 50618661
581421817 50618661
152731592 152905243
152731592 57652137
152620779 57647919
152728063 57645976
152728063 44759578
152728063 152932524
152728063 152727848
152728063 152855115
152728063 152905243
152728063 50618661
38199449 152577442
38199449 210216596
38199449 152855115
38199449 57647919
38199449 44759578
38199449 57652137
38199449 50618661
152577442 44759578
152577442 152932524
152577442 58414876
152577442 210216596
152577442 152855115
152577442 57647919
152577442 152662457
152577442 38199449
152577442 152905243
152577442 57652137
152577442 50618661
152603712 152855115
152603712 152905243
152603712 50618661
210216596 57645976
210216596 44759578
210216596 152577442
210216596 152932524
210216596 58414876
210216596 152855115
210216596 57647919
210216596 38199449
210216596 152905243
210216596 57652137
210216596 50618661
134316282 362981951
134316282 152905243
134316282 50618661
57645976 152932524
57645976 152728063
57645976 210216596
57645976 152855115
57645976 57647919
57645976 152905243
57645976 57652137
57645976 50618661
57652137 57645976
57652137 152731592
57652137 57647919
57652137 152905243
57652137 152932524
57652137 152577442
57652137 210216596
57652137 152855115
57652137 152633813
57652137 44759578
57652137 38199449
57652137 50618661
152662457 152577442
152662457 152932524
152662457 210216596
152662457 152855115
152662457 38199449
152662457 50618661
